# Configuration automatically generated by WRITE_CONFIG()
connection eth
ip 192.168.0.10
samplehz 1000.000000
settleus 10.000000
nsample 128

# Analog Inputs
aichannel 0
ainegative 199
airange 10.000000
airesolution 0

aichannel 1
ainegative 199
airange 10.000000
airesolution 0

# Analog Outputs
aochannel 0
aosignal triangle
aofrequency 5.000000
aoamplitude 2.000000
aooffset 2.500000
aoduty 0.500000

# Meta Parameters
int:periods 10
flt:tip_T_C 378.458262
flt:plate_T_C 315.223195
flt:plate_Q_kW 0.781604
flt:cool_Thigh_C 55.602258
flt:cool_Tlow_C 10.608941
flt:air_psig 20.000000
flt:water_gph 3.500000
flt:standoff_in 0.233000
flt:oxygen_scfh 12.929688
flt:fuel_scfh 7.101219
flt:flow_scfh 20.030906
flt:ratio_fto 0.549218

## End Configuration ##
#: Thu Apr  6 11:35:37 2017
-7.010767	-3.608698
-9.173423	-4.287153
-9.190164	-4.262201
-9.190164	-4.247987
-9.164895	-4.251146
-9.118780	-4.260622
-9.009495	-4.233774
-8.808611	-4.156389
-8.608044	-4.061949
-8.412530	-3.989618
-8.210067	-3.945399
-8.011710	-3.915708
-7.811142	-3.858223
-7.616576	-3.782418
-7.407480	-3.693031
-7.215125	-3.619121
-7.011714	-3.556581
-6.809884	-3.506992
-6.612159	-3.434978
-6.406537	-3.347486
-6.209444	-3.262521
-6.008561	-3.221776
-5.812099	-3.177556
-5.608373	-3.135231
-5.411595	-3.063533
-5.208817	-2.977304
-5.008565	-2.901499
-4.807682	-2.856648
-4.608693	-2.810849
-4.413495	-2.751468
-4.212296	-2.682296
-4.010149	-2.589751
-3.809581	-2.516473
-3.607750	-2.448564
-3.414763	-2.397395
-3.211984	-2.336120
-3.015523	-2.266000
-2.810849	-2.177561
-2.613440	-2.089437
-2.404344	-2.021213
-2.212936	-1.967201
-2.010473	-1.904978
-1.811485	-1.828857
-1.609654	-1.742313
-1.406560	-1.668403
-1.203781	-1.585017
-1.010794	-1.505422
-0.815280	-1.406560
-0.609974	-1.269163
-0.411934	-1.113131
-0.207576	-0.926776
-0.011746	-0.686727
0.193585	-0.427726
0.384701	-0.197468
0.587190	0.006890
0.790310	0.172104
0.989956	0.300041
1.192129	0.357218
1.390511	0.379963
1.588578	0.377120
1.783169	0.394494
1.987553	0.443142
2.192569	0.476627
2.393794	0.500003
2.592176	0.500003
2.792454	0.481997
2.988309	0.494633
3.187639	0.548019
3.391075	0.578661
3.594196	0.586874
3.794473	0.573290
3.990960	0.539806
4.187131	0.562550
4.386461	0.622886
4.586422	0.653844
4.791439	0.655107
4.989505	0.639628
5.189782	0.602353
5.391955	0.621622
5.589074	0.675641
5.790299	0.709125
5.986786	0.701228
6.191486	0.670270
6.390816	0.629520
6.592357	0.668375
6.789475	0.717023
6.986910	0.751139
7.185924	0.745769
7.391256	0.705651
7.589322	0.663637
7.790231	0.694594
7.988297	0.759037
8.186996	0.774516
8.388536	0.754614
8.587551	0.711653
8.784986	0.681643
8.989369	0.721129
9.185856	0.789679
9.385502	0.798208
9.585779	0.777675
9.789216	0.744822
9.988545	0.722393
9.788268	0.756826
9.588622	0.799787
9.388977	0.791258
9.184592	0.754614
8.992212	0.715127
8.790039	0.697437
8.590394	0.729027
8.386642	0.764407
8.187628	0.758405
7.985455	0.724288
7.791179	0.705651
7.588690	0.687013
7.393151	0.707546
7.181501	0.742294
6.986910	0.725868
6.784105	0.688908
6.592041	0.677220
6.390816	0.659530
6.188643	0.681011
5.989945	0.703439
5.786508	0.679115
5.588758	0.658266
5.384690	0.637101
5.191362	0.619411
4.991716	0.622570
4.789859	0.639313
4.588318	0.615305
4.381722	0.593508
4.184604	0.590349
3.994435	0.565393
3.790367	0.577081
3.589773	0.585294
3.385705	0.562234
3.187323	0.545808
2.981991	0.527170
2.793086	0.494633
2.584911	0.488946
2.391267	0.480101
2.192253	0.452934
1.987237	0.444721
1.786328	0.416922
1.585734	0.385017
1.393986	0.367959
1.191181	0.343635
0.985850	0.285510
0.790310	0.180001
0.586242	0.012577
0.384069	-0.201574
0.193900	-0.429621
-0.009535	-0.674725
-0.209787	-0.913195
-0.414776	-1.127344
-0.612185	-1.291904
-0.815280	-1.408139
-1.008899	-1.496578
-1.206624	-1.584070
-1.409718	-1.657664
-1.609654	-1.740102
-1.811801	-1.835174
-2.012369	-1.907505
-2.217358	-1.964675
-2.405923	-2.018686
-2.607123	-2.106809
-2.810533	-2.175349
-3.009206	-2.264105
-3.213879	-2.326644
-3.413184	-2.379708
-3.608382	-2.443826
-3.809265	-2.524369
-4.010465	-2.608070
-4.207874	-2.681664
-4.411600	-2.753363
-4.612167	-2.801373
-4.811156	-2.852226
-5.007617	-2.923925
-5.208817	-3.000046
-5.411280	-3.065112
-5.610584	-3.127019
-5.816521	-3.169344
-6.004770	-3.218617
-6.212603	-3.286842
-6.410327	-3.364542
-6.607105	-3.456772
-6.811463	-3.514889
-7.017400	-3.562583
-7.214493	-3.612172
-7.406217	-3.668394
-7.607416	-3.744831
-7.810195	-3.826321
-8.008867	-3.905601
-8.210698	-3.960244
-8.411898	-4.022151
-8.607728	-4.080900
-8.810822	-4.145019
-9.004441	-4.229036
-9.120992	-4.265675
-9.160157	-4.265359
-9.181952	-4.253041
-9.200903	-4.247040
-9.215432	-4.246408
-9.201534	-4.246092
-9.191111	-4.245144
-9.180057	-4.236617
-9.150997	-4.226509
-9.007915	-4.183553
-8.813664	-4.130805
-8.607411	-4.080268
-8.410951	-4.029732
-8.211015	-3.952347
-8.011395	-3.874331
-7.809879	-3.806107
-7.609627	-3.748621
-7.404006	-3.683555
-7.214809	-3.636809
-7.011399	-3.569216
-6.810515	-3.512362
-6.609632	-3.433082
-6.411591	-3.365489
-6.209128	-3.312110
-6.007613	-3.252414
-5.816205	-3.187663
-5.603635	-3.130178
-5.407805	-3.054689
-5.211975	-2.994992
-5.002564	-2.947614
-4.806734	-2.895182
-4.603323	-2.838012
-4.409389	-2.758733
-4.202820	-2.672821
-4.002884	-2.599226
-3.810213	-2.522158
-3.606171	-2.468147
-3.412868	-2.393921
-3.214511	-2.316852
-3.011417	-2.237889
-2.809901	-2.174402
-2.610913	-2.116285
-2.408134	-2.059747
-2.214831	-1.981731
-2.011105	-1.892660
-1.813380	-1.798535
-1.611865	-1.722414
-1.408771	-1.658296
-1.211046	-1.582491
-1.003845	-1.504159
-0.814016	-1.412561
-0.611554	-1.278638
-0.411618	-1.116921
-0.209155	-0.903403
-0.010167	-0.671250
0.193269	-0.432464
0.385965	-0.200311
0.591296	0.005311
0.788099	0.171472
0.989324	0.269715
1.189286	0.336053
1.393986	0.379015
1.585103	0.407761
1.787591	0.432717
1.986921	0.444721
2.188462	0.457041
2.383686	0.472836
2.593440	0.504109
2.790559	0.515166
2.987361	0.531276
3.189534	0.542965
3.388232	0.549598
3.593248	0.543596
3.788787	0.583399
3.992224	0.603301
4.184288	0.608355
4.385513	0.624150
4.582316	0.600142
4.788596	0.610882
4.989189	0.624466
5.191046	0.639944
5.387217	0.649421
5.584335	0.672166
5.793458	0.646894
5.986154	0.654160
6.189907	0.679115
6.394607	0.687645
6.592673	0.712600
6.787896	0.717655
6.987857	0.681327
7.188135	0.687329
7.386833	0.701544
7.591849	0.722709
7.787388	0.746717
7.986402	0.746717
8.187628	0.703439
8.387589	0.706914
8.591341	0.723657
8.791935	0.753351
8.986842	0.788731
9.189647	0.773252
9.389293	0.724604
9.586095	0.721761
9.787952	0.745769
9.987914	0.790626
9.787320	0.814950
9.582621	0.785888
9.387713	0.783993
9.186804	0.715443
8.990001	0.734397
8.796041	0.768198
8.591341	0.777675
8.392012	0.746717
8.185101	0.698701
7.987666	0.685117
7.792758	0.711337
7.591533	0.756510
7.389992	0.749560
7.187187	0.727447
6.986278	0.665216
6.788528	0.657634
6.592673	0.700912
6.390816	0.724604
6.187695	0.716707
5.989313	0.682906
5.788720	0.620991
5.584967	0.614673
5.381215	0.655107
5.193889	0.676588
4.990452	0.663321
4.790175	0.624150
4.584527	0.570447
4.392147	0.570763
4.186183	0.599510
3.996015	0.621622
3.789419	0.601405
3.589142	0.563498
3.387285	0.513586
3.188586	0.508848
2.987677	0.536963
2.792138	0.540121
2.591861	0.514218
2.388740	0.475363
2.189094	0.431138
1.988817	0.418502
1.786012	0.436508
1.587946	0.422924
1.392722	0.389755
1.190866	0.329104
0.989956	0.253920
0.788415	0.163574
0.584979	0.011313
0.386281	-0.199048
0.193585	-0.433728
-0.009219	-0.667776
-0.207892	-0.894875
-0.412249	-1.115658
-0.612185	-1.299485
-0.813701	-1.401506
-1.008267	-1.491209
-1.209782	-1.581859
-1.409086	-1.665560
-1.614392	-1.745471
-1.809906	-1.816223
-2.014264	-1.880973
-2.217358	-1.953936
-2.406871	-2.034163
-2.603333	-2.128919
-2.808006	-2.203461
-3.012048	-2.266948
-3.214195	-2.315589
-3.411920	-2.375917
-3.612804	-2.447932
-3.809581	-2.530054
-4.011096	-2.607754
-4.211664	-2.668399
-4.414443	-2.721146
-4.613431	-2.790003
-4.810524	-2.886970
-5.008881	-2.962775
-5.208501	-3.033526
-5.410332	-3.082168
-5.607425	-3.122597
-5.815889	-3.181662
-6.008245	-3.247044
-6.213550	-3.326008
-6.410012	-3.393601
-6.614054	-3.439399
-6.810515	-3.479197
-7.011083	-3.547422
-7.213861	-3.625122
-7.411586	-3.717983
-7.609627	-3.769152
-7.808616	-3.824426
-8.012341	-3.869593
-8.211330	-3.934344
-8.417583	-4.024046
-8.607728	-4.097956
-8.807664	-4.151020
-9.017391	-4.184500
-9.145944	-4.228088
-9.165211	-4.246408
-9.162684	-4.271992
-9.159209	-4.289048
-9.173423	-4.288101
-9.186373	-4.265043
-9.190795	-4.245144
-9.171844	-4.241038
-9.123202	-4.254936
-9.011074	-4.228720
-8.808927	-4.144387
-8.607411	-4.049631
-8.415056	-3.988355
-8.211330	-3.947925
-8.010762	-3.921394
-7.809563	-3.855380
-7.607732	-3.763782
-7.410639	-3.672500
-7.212282	-3.609013
-7.013294	-3.559424
-6.810515	-3.517100
-6.611843	-3.452034
-6.409696	-3.365489
-6.212286	-3.299160
-6.006981	-3.238200
-5.812415	-3.193665
-5.614690	-3.147866
-5.410648	-3.080904
-5.202184	-3.000678
-5.005091	-2.910975
-4.800733	-2.841487
-4.613431	-2.774842
-4.408441	-2.727148
-4.211664	-2.650079
-4.006359	-2.576801
-3.810213	-2.497205
-3.606802	-2.431192
-3.414131	-2.371811
-3.212616	-2.320959
-3.012680	-2.258419
-2.808954	-2.168717
-2.608386	-2.084383
-2.408766	-2.015527
-2.211673	-1.949829
-2.014580	-1.886659
-1.810222	-1.805800
-1.609654	-1.731890
-1.410034	-1.657664
-1.210414	-1.575226
-1.008267	-1.492788
-0.817175	-1.408771
-0.613765	-1.272637
-0.409723	-1.107129
-0.214840	-0.924250
-0.008587	-0.686095
0.190110	-0.437834
0.386596	-0.194310
0.589717	0.000888
0.787467	0.173999
0.992167	0.300673
1.190550	0.359745
1.387984	0.392283
1.586366	0.384701
1.788223	0.387544
1.987553	0.437771
2.185619	0.476311
2.390003	0.506637
2.594704	0.506637
2.790559	0.494948
2.982623	0.487999
3.188271	0.542017
3.393602	0.578029
3.588826	0.598246
3.787840	0.585610
3.992224	0.557812
4.184920	0.558443
4.386145	0.609618
4.585791	0.650685
4.790491	0.659530
4.990452	0.639313
5.194205	0.604564
5.384690	0.610250
5.588126	0.665848
5.786824	0.697437
5.988997	0.703439
6.192118	0.674061
6.392079	0.648789
6.595516	0.650685
6.791055	0.703439
6.987542	0.738188
7.196664	0.734713
7.397258	0.698385
7.598167	0.687013
7.793706	0.682274
7.990825	0.737240
8.188891	0.777359
8.385694	0.764091
8.589130	0.738504
8.788460	0.712284
8.995055	0.712284
9.183645	0.765355
9.394031	0.795997
9.592413	0.777043
9.795218	0.756826
9.988545	0.735029
9.793007	0.736608
9.585148	0.780202
9.384238	0.794101
9.183645	0.753035
8.990633	0.729343
8.788460	0.721129
8.589130	0.715127
8.386326	0.757457
8.188575	0.751771
7.985770	0.728395
7.786757	0.729659
7.589638	0.715127
7.391888	0.692383
7.191294	0.707230
6.987542	0.717023
6.782210	0.699017
6.592357	0.691119
6.393027	0.666795
6.186116	0.668691
5.991209	0.687329
5.788404	0.680379
5.592865	0.667111
5.383426	0.657003
5.191046	0.627309
4.987609	0.614357
4.789227	0.628888
4.586739	0.608039
4.389620	0.609303
4.183656	0.597930
3.988433	0.572975
3.794473	0.564130
3.590721	0.566025
3.394866	0.543280
3.192377	0.545492
2.989888	0.530329
2.795297	0.495896
2.591545	0.486735
2.391267	0.475995
2.187831	0.461148
1.988185	0.451039
1.784433	0.434297
1.586050	0.388492
1.393354	0.360693
1.190234	0.337633
0.991536	0.286458
0.790310	0.181896
0.587506	0.012261
0.385649	-0.190204
0.192005	-0.415408
-0.010798	-0.667460
-0.212313	-0.908457
-0.404353	-1.130503
-0.614712	-1.284640
-0.804225	-1.407507
-1.005740	-1.496578
-1.208519	-1.572699
-1.415088	-1.650399
-1.609654	-1.733153
-1.806747	-1.818434
-2.013316	-1.904662
-2.201881	-1.975414
-2.405607	-2.020897
-2.607754	-2.081541
-2.811796	-2.170612
-3.004784	-2.253366
-3.211037	-2.331382
-3.407814	-2.388867
-3.607750	-2.440036
-3.808634	-2.504470
-4.008569	-2.586276
-4.209769	-2.666188
-4.411916	-2.747046
-4.612799	-2.803900
-4.807365	-2.854437
-5.010460	-2.915713
-5.201868	-2.985201
-5.410648	-3.050267
-5.612795	-3.111227
-5.807993	-3.178188
-6.012667	-3.231251
-6.208497	-3.298528
-6.408748	-3.371491
-6.615633	-3.447296
-6.811147	-3.509519
-7.012978	-3.572690
-7.213546	-3.607434
-7.404953	-3.682607
-7.606469	-3.752727
-7.807352	-3.829480
-8.009183	-3.906233
-8.209751	-3.970983
-8.413161	-4.019624
-8.606149	-4.070793
-8.810506	-4.131752
-9.015180	-4.194923
-9.132362	-4.247040
-9.166790	-4.250198
-9.190795	-4.243565
-9.210378	-4.238196
-9.219222	-4.239459
-9.200586	-4.247040
-9.173423	-4.262201
-9.152261	-4.265359
-9.131414	-4.252093
-9.005704	-4.216718
-8.808295	-4.144703
-8.605832	-4.085322
-8.411266	-4.038260
-8.212594	-3.968456
-8.013605	-3.891387
-7.810827	-3.811792
-7.608048	-3.752411
-7.406533	-3.692083
-7.209755	-3.645337
-7.012031	-3.587535
-6.810199	-3.520574
-6.610579	-3.443506
-6.409696	-3.372754
-6.211023	-3.320954
-6.006665	-3.264100
-5.818732	-3.204720
-5.611847	-3.123861
-5.410648	-3.043002
-5.206922	-2.961196
-5.008881	-2.916660
-4.808313	-2.868019
-4.613115	-2.816850
-4.411284	-2.747678
-4.207558	-2.675031
-4.011728	-2.598279
-3.807686	-2.531002
-3.609013	-2.465936
-3.417606	-2.395500
-3.212616	-2.314326
-3.011732	-2.232519
-2.812744	-2.159241
-2.609650	-2.109336
-2.408766	-2.055641
-2.208199	-1.991838
-2.011421	-1.907821
-1.811801	-1.808958
-1.609654	-1.728731
-1.409402	-1.658927
-1.205360	-1.595756
-1.009215	-1.518056
-0.813385	-1.408139
-0.609659	-1.283692
-0.411934	-1.116289
-0.208839	-0.906562
-0.008587	-0.671566
0.193900	-0.427726
0.383753	-0.199048
0.589401	0.016367
0.786520	0.182212
0.994063	0.283615
1.189918	0.330999
1.391143	0.368906
1.587630	0.406814
1.788539	0.430190
1.982815	0.453882
2.190358	0.465570
2.393162	0.456409
2.589017	0.492421
2.791190	0.509480
2.987045	0.525906
3.188902	0.555916
3.390444	0.552441
3.590089	0.551494
3.788787	0.574554
3.993803	0.595719
4.184288	0.614041
4.385829	0.624781
4.583263	0.606459
4.792070	0.595403
4.986978	0.609934
5.194521	0.638049
5.395114	0.662373
5.590022	0.681643
5.791879	0.664268
5.991524	0.644051
6.195277	0.672797
6.394290	0.704703
6.593620	0.737240
6.787580	0.736924
6.989437	0.694594
7.188451	0.671534
7.390308	0.690172
7.588058	0.732186
7.789599	0.760300
7.986718	0.763143
8.186364	0.723025
8.385694	0.681643
8.587867	0.720814
8.789408	0.759037
8.990001	0.780834
9.183329	0.787783
9.382343	0.735029
9.587358	0.697753
9.787320	0.736608
9.990125	0.791258
9.787952	0.808632
9.588622	0.790310
9.384238	0.737240
9.182697	0.697121
8.988737	0.727131
8.792251	0.777675
8.588182	0.780518
8.386326	0.763143
8.183205	0.701860
7.985455	0.656687
7.793074	0.701544
7.592165	0.763775
7.392203	0.745137
7.190346	0.737556
6.989121	0.680379
6.784421	0.649737
6.592988	0.692067
6.388920	0.730290
6.191486	0.720182
5.991840	0.689540
5.789983	0.628256
5.585915	0.604880
5.382163	0.641840
5.191678	0.673429
4.990452	0.658266
4.788911	0.627940
4.592424	0.578029
4.388041	0.557496
4.189026	0.586558
3.993487	0.615936
3.790051	0.608355
3.587246	0.572975
3.388548	0.522115
3.188586	0.503162
2.986729	0.532856
2.791190	0.536331
2.591229	0.520536
2.392215	0.480101
2.188147	0.435560
1.987553	0.419134
1.785380	0.429558
1.586682	0.412500
1.393038	0.384701
1.192761	0.332894
0.992167	0.260238
0.789047	0.164838
0.587822	0.006890
0.388492	-0.200943
0.192637	-0.436886
-0.008903	-0.674725
-0.210418	-0.900876
-0.410670	-1.114078
-0.616923	-1.301380
-0.813069	-1.415403
-1.005424	-1.509212
-1.206939	-1.589439
-1.411929	-1.671246
-1.609654	-1.754315
-1.815275	-1.822224
-2.012053	-1.892660
-2.208514	-1.970360
-2.408134	-2.029741
-2.612808	-2.114390
-2.804532	-2.199670
-3.010785	-2.264736
-3.213248	-2.320011
-3.411920	-2.375917
-3.609013	-2.451091
-3.812740	-2.541109
-4.010465	-2.617230
-4.213243	-2.687982
-4.412548	-2.728727
-4.608061	-2.790950
-4.806734	-2.854121
-5.013303	-2.939086
-5.209133	-3.015207
-5.409384	-3.072061
-5.611531	-3.114701
-5.814626	-3.183873
-6.007613	-3.248939
-6.205970	-3.338958
-6.408748	-3.389494
-6.610895	-3.432451
-6.812410	-3.479513
-7.009820	-3.559424
-7.212282	-3.645021
-7.405901	-3.732512
-7.609627	-3.806107
-7.811774	-3.838324
-8.016764	-3.878753
-8.212594	-3.932133
-8.412213	-4.006674
-8.602674	-4.097324
-8.809559	-4.146598
-9.012653	-4.187343
-9.152893	-4.215454
-9.173107	-4.236932
-9.175634	-4.259358
-9.168685	-4.280520
-9.183846	-4.277046
-9.195848	-4.255252
-9.195217	-4.242618
-9.173423	-4.241038
-9.133309	-4.247987
-9.015180	-4.225877
-8.807980	-4.150704
-8.606149	-4.060054
-8.413477	-3.985512
-8.210382	-3.935923
-8.013289	-3.900547
-7.810195	-3.853485
-7.607732	-3.775785
-7.408744	-3.683239
-7.210703	-3.610277
-7.012031	-3.555634
-6.809884	-3.511414
-6.612790	-3.452034
-6.409696	-3.373070
-6.210076	-3.287473
-6.008245	-3.221144
-5.813363	-3.179135
-5.610268	-3.133968
-5.409700	-3.074588
-5.213554	-3.010153
-5.007301	-2.921398
-4.807682	-2.858543
-4.610904	-2.785581
-4.415390	-2.736939
-4.208505	-2.672505
-4.012676	-2.589435
-3.807686	-2.513946
-3.607750	-2.442878
-3.410973	-2.385077
-3.211984	-2.314641
-3.009837	-2.244206
-2.813376	-2.158293
-2.608702	-2.082804
-2.406871	-2.016475
-2.210409	-1.952356
-2.013316	-1.893291
-1.810222	-1.816539
-1.614076	-1.741365
-1.410982	-1.657664
-1.208519	-1.578700
-1.007951	-1.498473
-0.813069	-1.405928
-0.616923	-1.266636
-0.410354	-1.102392
-0.210734	-0.921091
-0.008271	-0.688622
0.189162	-0.431201
0.387544	-0.195257
0.584347	0.002784
0.789679	0.168313
0.990588	0.293723
1.189602	0.363220
1.396197	0.391335
1.587314	0.392283
1.786960	0.381858
1.987869	0.426715
2.190358	0.473783
2.391899	0.505057
2.589965	0.508532
2.794665	0.500319
2.985782	0.497792
3.188586	0.528749
3.388232	0.580556
3.586614	0.594140
3.792578	0.588769
3.988433	0.569816
4.186499	0.562866
4.390252	0.595087
4.588634	0.641208
4.788280	0.662057
4.991400	0.635522
5.190730	0.626677
5.385005	0.617200
5.593181	0.639944
5.789667	0.699964
5.989945	0.703123
6.186748	0.685749
6.394607	0.657003
6.592673	0.663321
6.793898	0.691751
6.993544	0.735977
7.195085	0.730606
7.388097	0.715127
7.597851	0.695542
7.793706	0.693962
7.990509	0.716075
8.184468	0.757773
8.386009	0.753035
8.596080	0.723025
8.788775	0.718286
8.997267	0.716707
9.185540	0.747349
9.386133	0.780834
9.588622	0.780518
9.789532	0.766302
9.985387	0.761880
9.788584	0.742294
9.586095	0.756510
9.383290	0.779570
9.184909	0.752087
8.991264	0.749560
8.790039	0.734713
8.587234	0.717339
8.387905	0.737240
8.186364	0.748612
7.985770	0.733449
7.793706	0.720182
7.587742	0.719550
7.392835	0.681643
7.187819	0.707230
6.989121	0.712284
6.787896	0.697121
6.592673	0.704387
6.387025	0.679747
6.190222	0.660793
5.992156	0.659214
5.786508	0.668059
5.593181	0.664584
5.385637	0.668375
5.191046	0.641524
4.991716	0.603932
4.788596	0.614673
4.589266	0.617200
4.385513	0.612146
4.189342	0.606459
3.999489	0.572343
3.798264	0.551494
3.591353	0.544544
3.396761	0.552757
3.194588	0.538542
2.990836	0.542649
2.791822	0.507268
2.592492	0.469045
2.386213	0.458305
2.194149	0.462411
1.993871	0.454514
1.792330	0.428926
1.589525	0.382806
1.393986	0.363852
1.184548	0.331631
0.990904	0.287405
0.786520	0.190741
0.585926	0.026476
0.387860	-0.193046
0.192637	-0.415724
-0.005745	-0.662722
-0.204417	-0.910352
-0.411302	-1.133345
-0.612185	-1.294747
-0.806752	-1.422668
-1.007004	-1.505422
-1.203149	-1.586597
-1.410666	-1.655453
-1.608706	-1.738523
-1.814960	-1.821908
-2.014580	-1.898345
-2.212305	-1.974466
-2.409082	-2.029741
-2.608386	-2.099545
-2.809270	-2.164295
-3.010469	-2.239152
-3.205983	-2.312114
-3.410657	-2.389183
-3.604907	-2.449195
-3.804527	-2.517420
-4.010465	-2.588171
-4.212927	-2.664924
-4.410020	-2.746415
-4.610272	-2.821904
-4.807997	-2.867703
-5.005722	-2.925188
-5.211028	-2.986464
-5.409384	-3.051530
-5.614058	-3.120702
-5.812415	-3.189559
-6.009508	-3.250203
-6.209444	-3.301055
-6.408432	-3.367701
-6.609948	-3.441926
-6.811779	-3.521522
-7.013926	-3.591957
-7.217020	-3.646600
-7.406217	-3.697137
-7.605837	-3.754307
-7.807984	-3.801053
-8.006341	-3.893598
-8.212277	-3.955190
-8.416636	-4.024362
-8.606780	-4.072056
-8.812085	-4.139649
-9.014864	-4.195240
-9.135204	-4.248303
-9.161736	-4.258410
-9.182899	-4.251778
-9.210062	-4.238196
-9.220801	-4.236300
-9.207536	-4.238196
-9.175002	-4.256831
-9.149734	-4.268202
-9.115622	-4.264411
-9.006021	-4.218297
-8.803557	-4.130805
-8.607411	-4.072372
-8.413477	-4.027836
-8.207224	-3.980143
-8.012026	-3.889808
-7.810195	-3.806107
-7.609943	-3.730933
-7.403690	-3.680397
-7.211335	-3.646284
-7.011083	-3.595116
-6.811463	-3.530366
-6.615317	-3.452034
-6.409064	-3.370227
-6.210707	-3.317796
-6.008245	-3.267259
-5.809572	-3.216090
-5.609636	-3.142812
-5.410964	-3.056900
-5.210712	-2.982042
-5.006354	-2.916660
-4.810208	-2.871809
-4.610588	-2.821272
-4.412231	-2.758733
-4.206610	-2.674716
-4.009201	-2.602069
-3.809265	-2.537003
-3.603960	-2.484887
-3.413184	-2.411293
-3.211668	-2.330750
-3.012048	-2.248312
-2.812112	-2.169664
-2.610913	-2.117548
-2.408134	-2.055325
-2.213252	-1.993417
-2.012369	-1.902451
-1.809274	-1.810222
-1.608706	-1.733469
-1.409718	-1.657664
-1.208519	-1.590071
-1.007004	-1.494367
-0.810858	-1.401506
-0.612501	-1.273269
-0.409091	-1.114710
-0.211682	-0.914458
-0.007324	-0.666512
0.193269	-0.428358
0.386912	-0.192731
0.585294	0.017631
0.788731	0.185055
0.986165	0.288353
1.190234	0.331631
1.392407	0.363536
1.585419	0.401759
1.788223	0.433033
1.987553	0.458305
2.190358	0.474731
2.388424	0.469993
2.591861	0.476311
2.791822	0.497476
2.987993	0.537910
3.186691	0.559391
3.390444	0.562550
3.592300	0.536015
3.791630	0.557496
3.995383	0.578345
4.186815	0.610882
4.387724	0.637733
4.588318	0.624150
4.790491	0.595087
4.989189	0.599194
5.191046	0.637101
5.385637	0.669007
5.585915	0.695858
5.790299	0.678799
5.989313	0.642787
6.191170	0.654476
6.390500	0.689224
6.593305	0.735661
6.786948	0.735661
6.990069	0.717339
7.186872	0.663637
7.389992	0.670270
7.590901	0.726500
7.791179	0.767882
7.985138	0.767566
8.188259	0.741663
8.386009	0.683538
8.589446	0.693331
8.789092	0.751771
8.991264	0.790942
9.183961	0.789047
9.387713	0.745453
9.587991	0.687645
9.787004	0.726184
9.989493	0.796312
9.782898	0.820636
9.587043	0.812423
9.383607	0.753351
9.183645	0.695226
8.990001	0.703439
8.790039	0.768198
8.589130	0.784624
8.386326	0.760932
8.184468	0.714496
7.987350	0.663952
7.791495	0.691119
7.587427	0.752403
7.384622	0.765039
7.189399	0.731238
6.987226	0.691435
6.787264	0.651948
6.588250	0.669007
6.392711	0.705019
6.190222	0.713232
5.993104	0.686697
5.785245	0.635838
5.586863	0.608987
5.380583	0.630783
5.188835	0.669323
4.990452	0.663321
4.789859	0.638049
4.589266	0.588138
4.388988	0.563498
4.191238	0.575818
3.992856	0.617200
3.788471	0.608039
3.586614	0.578345
3.389812	0.541701
3.185428	0.520852
2.986729	0.535067
2.787084	0.547387
2.596599	0.514218
2.392215	0.483260
2.188462	0.449775
1.993555	0.411236
1.790119	0.412184
1.591105	0.413448
1.395250	0.376488
1.198763	0.327524
0.995326	0.259922
0.789679	0.162311
0.585926	0.005943
0.387544	-0.201574
0.190426	-0.435939
-0.009219	-0.675040
-0.208207	-0.912879
-0.410670	-1.121027
-0.609659	-1.296958
-0.816543	-1.420141
-1.011741	-1.498473
-1.204413	-1.587228
-1.410350	-1.671246
-1.609022	-1.763791
-1.811485	-1.836122
-2.012053	-1.896766
-2.209462	-1.960884
-2.403713	-2.033531
-2.612176	-2.123865
-2.808006	-2.199039
-3.010153	-2.263473
-3.211984	-2.324749
-3.411920	-2.367705
-3.608382	-2.433403
-3.809581	-2.527843
-4.009833	-2.599542
-4.211664	-2.644078
-4.409705	-2.699984
-4.611536	-2.769156
-4.809893	-2.861386
-5.008249	-2.956458
-5.206922	-3.036685
-5.409069	-3.093223
-5.614058	-3.133652
-5.808940	-3.193349
-6.008245	-3.247992
-6.207233	-3.337694
-6.410644	-3.404340
-6.609632	-3.450454
-6.811147	-3.493726
-7.012662	-3.564794
-7.213861	-3.649127
-7.405585	-3.728091
-7.612786	-3.797894
-7.809563	-3.837060
-8.010131	-3.880332
-8.211330	-3.931185
-8.413477	-4.017413
-8.606780	-4.091955
-8.808611	-4.148493
-9.014548	-4.181973
-9.158578	-4.208505
-9.196481	-4.213875
-9.200586	-4.229983
-9.190795	-4.255568
-9.194586	-4.265043
-9.202482	-4.246724
-9.212905	-4.218928
-9.200271	-4.209137
-9.151945	-4.214822
-9.012021	-4.180394
-8.802294	-4.129542
-8.604569	-4.055000
-8.411266	-3.985512
-8.210382	-3.932133
-8.006341	-3.889808
-7.808616	-3.862013
-7.607100	-3.787471
-7.412534	-3.703138
-7.211019	-3.626701
-7.011714	-3.568268
-6.811147	-3.514257
-6.610895	-3.457403
-6.409380	-3.380335
-6.205022	-3.308636
-6.010771	-3.223355
-5.811152	-3.171239
-5.610899	-3.120386
-5.409384	-3.065744
-5.209764	-3.001941
-5.008249	-2.916028
-4.806418	-2.846225
-4.611220	-2.782422
-4.413811	-2.724305
-4.207558	-2.674084
-4.007622	-2.614072
-3.811792	-2.514577
-3.612804	-2.446985
-3.411920	-2.380023
-3.211353	-2.314957
-3.011101	-2.245785
-2.805164	-2.184509
-2.611545	-2.110284
-2.401817	-2.033215
-2.216727	-1.965306
-2.008262	-1.886974
-1.804220	-1.817171
-1.611233	-1.746735
-1.405612	-1.673457
-1.209782	-1.591966
-1.007319	-1.491209
-0.813069	-1.404033
-0.606184	-1.279270
-0.409723	-1.102708
-0.207260	-0.928672
-0.009219	-0.691465
0.193900	-0.430569
0.387228	-0.196521
0.590665	0.003416
0.788099	0.161363
0.991852	0.282351
1.187707	0.371433
1.393038	0.402391
1.584787	0.404287
1.788223	0.405234
1.983762	0.423556
2.194464	0.472520
2.394110	0.498107
2.601022	0.503794
2.794665	0.514534
2.989573	0.510743
3.189218	0.524959
3.388864	0.581188
3.589142	0.605828
3.789419	0.585294
3.990960	0.572027
4.184920	0.578029
4.387409	0.591612
4.587370	0.640576
4.790491	0.663952
4.987926	0.640576
5.190414	0.636470
5.384374	0.633626
5.590022	0.643735
5.785561	0.683538
5.989945	0.701228
6.189590	0.687960
6.391763	0.692067
6.593305	0.678168
6.785053	0.694910
6.987857	0.733765
7.186872	0.733449
7.389676	0.721445
7.591849	0.715127
7.793074	0.699964
7.985770	0.707230
8.186048	0.744506
8.387905	0.738820
8.588182	0.734081
8.790039	0.737556
8.985894	0.730606
9.187752	0.741347
9.387713	0.778306
9.587043	0.775463
9.788900	0.774516
9.988545	0.779254
9.787637	0.747665
9.584831	0.744822
9.386133	0.758405
9.186804	0.741031
8.990949	0.752403
8.786880	0.756510
8.589762	0.718918
8.386957	0.713864
8.186048	0.739451
7.987034	0.727763
7.790547	0.738820
7.587742	0.729975
7.390308	0.683854
7.186556	0.692067
6.987226	0.695858
6.784737	0.698701
6.592988	0.711337
6.389868	0.709441
6.191802	0.671218
5.992788	0.655107
5.789035	0.681327
5.591917	0.672166
5.385637	0.668375
5.188203	0.654476
4.992664	0.602669
4.787016	0.595719
4.586107	0.604564
4.388988	0.609618
4.186499	0.619727
3.989065	0.593192
3.790683	0.560339
3.590721	0.545176
3.387600	0.551810
3.186375	0.558443
2.987677	0.548335
2.793402	0.516745
2.591861	0.472520
2.389688	0.454514
2.188147	0.457041
1.991344	0.457357
1.785696	0.443142
1.588578	0.397969
1.396829	0.347110
1.183916	0.322786
0.991536	0.284878
0.788415	0.192005
0.592876	0.015420
0.384385	-0.199048
0.197691	-0.421409
-0.011114	-0.665881
-0.204101	-0.920775
-0.410670	-1.137136
-0.611870	-1.298537
-0.808331	-1.419825
-1.001002	-1.510476
-1.209782	-1.587860
-1.410350	-1.666824
-1.611233	-1.742313
-1.812433	-1.828857
-2.014264	-1.897082
-2.206935	-1.977940
-2.411925	-2.039848
-2.608070	-2.095123
-2.815271	-2.162400
-3.012996	-2.233151
-3.207246	-2.312746
-3.406235	-2.394237
-3.601433	-2.467199
-3.806422	-2.531318
-4.006042	-2.599858
-4.208505	-2.668083
-4.412231	-2.732517
-4.610904	-2.821588
-4.807050	-2.876231
-5.009197	-2.932453
-5.209448	-2.985832
-5.410648	-3.048056
-5.614058	-3.113438
-5.808625	-3.210721
-6.000348	-3.280525
-6.205654	-3.328851
-6.410012	-3.374333
-6.608368	-3.445717
-6.812095	-3.509203
-7.010451	-3.583113
-7.218284	-3.639019
-7.402111	-3.698084
-7.606153	-3.744199
-7.813354	-3.799474
-8.007604	-3.887597
-8.206277	-3.972246
-8.410634	-4.048999
-8.608359	-4.097641
-8.804189	-4.142492
-9.011705	-4.204399
-9.131414	-4.248935
-9.151629	-4.265675
-9.178477	-4.264411
-9.199955	-4.252093
-9.221749	-4.238827
-9.209115	-4.235985
-9.181952	-4.252409
-9.144997	-4.269781
-9.119728	-4.265359
-9.008547	-4.214191
-8.810822	-4.143439
-8.605832	-4.082479
-8.410634	-4.043629
-8.212910	-3.985512
-8.008236	-3.913181
-7.814301	-3.820320
-7.604574	-3.732828
-7.407796	-3.665236
-7.219547	-3.644073
-7.010451	-3.594800
-6.811779	-3.517100
-6.610579	-3.429292
-6.415065	-3.364226
-6.206285	-3.302634
-6.009824	-3.261573
-5.809888	-3.216090
-5.614058	-3.133337
-5.411280	-3.034158
-5.207553	-2.958353
-5.004143	-2.908132
-4.802944	-2.873704
-4.616905	-2.821272
-4.404651	-2.745467
-4.212927	-2.667767
-4.007306	-2.588803
-3.811476	-2.532581
-3.609329	-2.466252
-3.411604	-2.402449
-3.212616	-2.312114
-3.013943	-2.232519
-2.805795	-2.159241
-2.610913	-2.103966
-2.405292	-2.040796
-2.212936	-1.983626
-2.011421	-1.896766
-1.810222	-1.808642
-1.610286	-1.731258
-1.408139	-1.663981
-1.208835	-1.592282
-1.006056	-1.505106
-0.815596	-1.404664
-0.613765	-1.279902
-0.412881	-1.128923
-0.209471	-0.926776
-0.007640	-0.678831
0.191373	-0.427726
0.391019	-0.203154
0.588138	0.011629
0.789679	0.185055
0.986797	0.291512
1.189286	0.336685
1.388932	0.357850
1.585103	0.396705
1.789171	0.428926
1.986921	0.460516
2.193517	0.474415
2.387476	0.469993
2.587438	0.468097
2.794349	0.500003
2.983886	0.537594
3.187955	0.572659
3.390444	0.573290
3.588510	0.557812
3.788787	0.550230
3.988433	0.595087
4.182077	0.622886
4.382354	0.636785
4.589266	0.632363
4.792070	0.595087
4.989820	0.581504
5.191678	0.623518
5.382794	0.667111
5.588758	0.697437
5.782402	0.690803
5.993735	0.650053
6.186431	0.627309
6.392395	0.683854
6.591409	0.773884
6.786001	0.750824
6.988173	0.727447
7.184976	0.668375
7.389676	0.657003
7.587742	0.713864
7.788968	0.768830
7.987666	0.775779
8.188575	0.756510
8.388536	0.690488
8.587551	0.684170
8.791619	0.736924
8.990001	0.795049
9.188383	0.790942
9.385186	0.766302
9.586411	0.710705
9.787320	0.705019
9.989493	0.783045
9.792059	0.808001
9.587675	0.803894
9.389924	0.758089
9.190279	0.700912
8.990001	0.706914
8.784986	0.757773
8.591341	0.792838
8.385062	0.774516
8.187311	0.727447
7.981664	0.669323
7.792127	0.681643
7.591533	0.730922
7.388729	0.759669
7.193821	0.735977
6.988489	0.696805
6.788528	0.657634
6.590777	0.666480
6.393343	0.696805
6.189907	0.712916
5.990892	0.687960
5.783665	0.652896
5.586863	0.618464
5.382163	0.625413
5.191994	0.658898
4.991400	0.659214
4.787016	0.639944
4.591477	0.599510
4.388672	0.571079
4.186815	0.578345
3.993171	0.605828
3.788787	0.602669
3.587246	0.571079
3.389496	0.542017
3.189534	0.516745
2.986729	0.517693
2.792770	0.523063
2.590281	0.516745
2.386529	0.482313
2.190042	0.455777
1.984394	0.428926
1.787276	0.413448
1.587946	0.408709
1.389879	0.380594
1.195920	0.337633
0.987429	0.281403
0.790626	0.156941
0.590665	0.002784
0.386912	-0.199363
0.190110	-0.429937
-0.007640	-0.677567
-0.209471	-0.917617
-0.410354	-1.116289
-0.613765	-1.300117
-0.813069	-1.419510
-1.008899	-1.504475
-1.207255	-1.583122
-1.402769	-1.678195
-1.612181	-1.759369
-1.810853	-1.825699
-2.014580	-1.895187
-2.209778	-1.961516
-2.414451	-2.035426
-2.608070	-2.112494
-2.813692	-2.209778
-3.010153	-2.271054
-3.212300	-2.325065
-3.412868	-2.368337
-3.606171	-2.424875
-3.813687	-2.514577
-4.007306	-2.599226
-4.205978	-2.666503
-4.410652	-2.716408
-4.615010	-2.782738
-4.807050	-2.849067
-5.011092	-2.933085
-5.202184	-3.014259
-5.414122	-3.062585
-5.610899	-3.115333
-5.809256	-3.167449
-6.008561	-3.230304
-6.204706	-3.323481
-6.409696	-3.394864
-6.608052	-3.445085
-6.811463	-3.485198
-7.011714	-3.543632
-7.216388	-3.626701
-7.408744	-3.711666
-7.608364	-3.780522
-7.809879	-3.812424
-8.013289	-3.850326
-8.211962	-3.913813
-8.407792	-3.985196
-8.604253	-4.068898
-8.808295	-4.116908
-9.008862	-4.178184
-9.162052	-4.206295
-9.196796	-4.212296
-9.199007	-4.231879
-9.193007	-4.253357
-9.190795	-4.268202
-9.193007	-4.256199
-9.193954	-4.240407
-9.179424	-4.235037
-9.136152	-4.239775
-9.009179	-4.224930
-8.812402	-4.152915
-8.603937	-4.081848
-8.405896	-4.012360
-8.204381	-3.947925
-8.003814	-3.880964
-7.815565	-3.833270
-7.606469	-3.765046
-7.405585	-3.699348
-7.211335	-3.605539
-7.011083	-3.530997
-6.807673	-3.473828
-6.605842	-3.426450
-6.408748	-3.371807
-6.211023	-3.304214
-6.007297	-3.236305
-5.812415	-3.183873
-5.609636	-3.110911
-5.410016	-3.051214
-5.209448	-2.982674
-5.009197	-2.910659
-4.806418	-2.849383
-4.615010	-2.788423
-4.410020	-2.721462
-4.210401	-2.663977
-4.008885	-2.607754
-3.814003	-2.523105
-3.606487	-2.444142
-3.416974	-2.383814
-3.211353	-2.311167
-3.011732	-2.252102
-2.810217	-2.181983
-2.609650	-2.111231
-2.407819	-2.028477
-2.212936	-1.962148
-2.012369	-1.887290
-1.809274	-1.817486
-1.611233	-1.747367
-1.409086	-1.668087
-1.208203	-1.597020
-1.007635	-1.500368
-0.811174	-1.410666
-0.612185	-1.283060
-0.411302	-1.109340
-0.209155	-0.916669
-0.007324	-0.693044
0.191373	-0.435939
0.386281	-0.193678
0.584663	0.010049
0.789679	0.161679
0.985534	0.275085
1.193393	0.355007
1.393038	0.383437
1.586050	0.401128
1.787276	0.412184
1.988501	0.420081
2.190674	0.464307
2.385265	0.501898
2.590597	0.511375
2.790559	0.512007
2.988309	0.512955
3.188271	0.522115
3.390759	0.548967
3.588194	0.578345
3.788471	0.590665
3.990644	0.584663
4.187447	0.600457
4.394674	0.591612
4.591161	0.611514
4.795229	0.641524
4.992664	0.633626
5.196732	0.646262
5.394166	0.638049
5.595707	0.626045
5.796933	0.663637
5.992156	0.688908
6.190854	0.688276
6.389868	0.690803
6.592988	0.692067
6.788844	0.680379
6.991016	0.708178
7.190662	0.728079
7.393151	0.717655
7.591849	0.714812
7.790547	0.720498
7.988614	0.704387
8.192366	0.731554
8.388221	0.733133
8.595764	0.733765
8.790671	0.758089
8.991264	0.736608
9.185540	0.723657
9.382027	0.768514
9.584831	0.775147
9.790164	0.785888
9.988545	0.806737
9.785425	0.750192
9.587358	0.730922
9.388029	0.745453
9.182697	0.752719
8.987790	0.771357
8.789723	0.770725
8.584076	0.719234
8.386957	0.711968
8.189523	0.712284
7.987666	0.731238
7.789284	0.742610
7.586163	0.748296
7.388412	0.701544
7.191610	0.669954
6.987857	0.688276
6.786316	0.708494
6.593620	0.720182
6.391763	0.710705
6.193065	0.667743
5.988050	0.636470
5.785245	0.654476
5.590337	0.665848
5.386585	0.676588
5.192626	0.663637
4.989189	0.611830
4.790491	0.574554
4.588950	0.587506
4.388672	0.619727
4.184920	0.625729
3.995383	0.608671
3.789735	0.560023
3.588194	0.530329
3.387600	0.545808
3.184796	0.550862
2.985150	0.551494
2.796245	0.520536
2.594072	0.461464
2.390319	0.434613
2.190358	0.451987
1.987553	0.458936
1.783801	0.448196
1.584787	0.409025
1.390195	0.354375
1.189602	0.313309
0.985534	0.280456
0.784308	0.186951
0.593508	0.024265
0.388492	-0.204101
0.198955	-0.419514
-0.011430	-0.661459
-0.208523	-0.917301
-0.412881	-1.145980
-0.612185	-1.297590
-0.810858	-1.419510
-1.008267	-1.504159
-1.208203	-1.603337
-1.408455	-1.677563
-1.607443	-1.753052
-1.804852	-1.823803
-2.010158	-1.891080
-2.220833	-1.964675
-2.403397	-2.037005
-2.612808	-2.109652
-2.810533	-2.172507
-3.013943	-2.241047
-3.214511	-2.307693
-3.411920	-2.386024
-3.607118	-2.453617
-3.809581	-2.516157
-4.012676	-2.590698
-4.209137	-2.651342
-4.406546	-2.712618
-4.612799	-2.799162
-4.805155	-2.874967
-5.007301	-2.936243
-5.208817	-2.988043
-5.413175	-3.048372
-5.611847	-3.110911
-5.814626	-3.199034
-6.006350	-3.269470
-6.212918	-3.336115
-6.409064	-3.396127
-6.614369	-3.455192
-6.809884	-3.512362
-7.016452	-3.583113
-7.213546	-3.650706
-7.410639	-3.701875
-7.606153	-3.753043
-7.812722	-3.804843
-8.009183	-3.865171
-8.208488	-3.956769
-8.413161	-4.034153
-8.599516	-4.097324
-8.806085	-4.151336
-9.006336	-4.204399
-9.127940	-4.256199
-9.141206	-4.278625
-9.153209	-4.282731
-9.179109	-4.272940
-9.213536	-4.252093
-9.209746	-4.238196
-9.188269	-4.245461
-9.150366	-4.265043
-9.117201	-4.265991
-9.010758	-4.218613
-8.810190	-4.136806
-8.608359	-4.064792
-8.415056	-4.022783
-8.210698	-3.986144
-8.010762	-3.931185
-7.811774	-3.842430
-7.607100	-3.763466
-7.403059	-3.687977
-7.213546	-3.642178
-7.012662	-3.591957
-6.813990	-3.523101
-6.610263	-3.438768
-6.413170	-3.365805
-6.208497	-3.299792
-6.009192	-3.257783
-5.811152	-3.214195
-5.610584	-3.149129
-5.410648	-3.059111
-5.207869	-2.976041
-5.008565	-2.913502
-4.803576	-2.869914
-4.615642	-2.826326
-4.410968	-2.739150
-4.210401	-2.657660
-4.006042	-2.567957
-3.806422	-2.500996
-3.607750	-2.448248
-3.412868	-2.391394
-3.215143	-2.320959
-3.011732	-2.240731
-2.813376	-2.160188
-2.609965	-2.099860
-2.404028	-2.053114
-2.210409	-1.982678
-2.015211	-1.913822
-1.809906	-1.823488
-1.608391	-1.751789
-1.410350	-1.672193
-1.205676	-1.597020
-1.012689	-1.510476
-0.814648	-1.405928
-0.618502	-1.284324
-0.410354	-1.131450
-0.211682	-0.931830
-0.008587	-0.681989
0.188214	-0.423620
0.387228	-0.197152
0.588769	0.007522
0.789047	0.189478
0.989008	0.300041
1.190866	0.343951
1.393038	0.352164
1.586050	0.380594
1.788539	0.420713
1.990080	0.458305
2.190358	0.482944
2.388108	0.480417
2.594072	0.458305
2.794349	0.477574
2.986729	0.534435
3.189534	0.566025
3.386021	0.578977
3.590405	0.565393
3.793210	0.534435
3.993171	0.561602
4.183972	0.609303
4.390883	0.646262
4.583580	0.638049
4.787964	0.616252
4.992664	0.575186
5.189782	0.609934
5.385953	0.666480
5.584651	0.700280
5.792194	0.693331
5.989629	0.657319
6.188643	0.627624
6.391763	0.664900
6.588882	0.720498
6.786316	0.747665
6.986594	0.735977
7.188451	0.694594
7.390308	0.654160
7.589638	0.696490
7.787704	0.761564
7.988297	0.772936
8.190154	0.753667
8.395487	0.700596
8.588814	0.673745
8.790671	0.728079
8.990633	0.798524
9.184277	0.808001
9.378236	0.778938
9.588306	0.725552
9.795850	0.700912
9.992652	0.767566
9.792690	0.804842
9.587358	0.813371
9.382975	0.779254
9.186172	0.722077
8.994740	0.705019
8.796041	0.738820
8.589762	0.784624
8.385062	0.777675
8.189838	0.738820
7.984191	0.698701
7.795286	0.678799
7.592165	0.710705
7.390624	0.748612
7.185608	0.741979
6.988489	0.702807
6.783157	0.675325
6.592041	0.662689
6.389868	0.689856
6.189275	0.717970
5.989945	0.696490
5.783665	0.657950
5.586863	0.638681
5.381215	0.620991
5.189782	0.645315
4.992980	0.658898
4.786068	0.635206
4.586739	0.606459
4.386145	0.584347
4.183972	0.576134
3.993171	0.586874
3.790367	0.594771
3.586298	0.569500
3.389496	0.551494
3.187007	0.523695
2.987045	0.509796
2.793402	0.518325
2.589649	0.509480
2.392215	0.483892
2.183724	0.456725
1.987869	0.436192
1.782221	0.407761
1.586682	0.400180
1.393354	0.377751
1.187707	0.348373
0.991852	0.287405
0.786520	0.169261
0.592244	-0.001323
0.385965	-0.205049
0.194216	-0.433412
-0.009535	-0.679462
-0.209787	-0.920459
-0.414145	-1.120711
-0.612501	-1.286535
-0.814016	-1.411929
-1.008267	-1.494367
-1.208835	-1.575226
-1.410666	-1.664613
-1.609970	-1.763791
-1.811801	-1.838964
-2.015843	-1.902767
-2.213884	-1.965306
-2.403713	-2.042691
-2.609965	-2.115969
-2.807690	-2.195564
-3.012680	-2.261262
-3.210721	-2.312114
-3.416658	-2.363599
-3.608698	-2.426138
-3.807370	-2.508576
-4.012044	-2.599858
-4.209137	-2.666188
-4.409389	-2.721462
-4.612167	-2.770736
-4.806418	-2.854437
-5.007617	-2.938138
-5.207237	-3.036685
-5.412227	-3.074272
-5.603951	-3.134916
-5.815573	-3.175977
-6.005718	-3.237568
-6.215445	-3.308320
-6.412539	-3.380651
-6.615633	-3.431819
-6.807357	-3.464668
-7.008240	-3.509835
-7.213546	-3.578691
-7.407165	-3.672500
-7.608364	-3.762519
-7.812090	-3.839271
-8.009500	-3.901811
-8.211646	-3.948241
-8.415689	-4.023730
-8.606464	-4.092271
-8.805452	-4.173130
-9.009179	-4.226193
-9.132362	-4.245144
-9.169949	-4.246724
-9.181952	-4.251778
-9.184162	-4.263780
-9.183846	-4.276730
-9.183214	-4.269465
-9.185741	-4.250514
-9.182583	-4.235037
-9.150366	-4.225245
-9.011390	-4.186396
-8.807664	-4.142176
-8.605832	-4.087533
-8.413161	-4.009833
-8.208803	-3.944135
-8.011710	-3.881912
-7.813354	-3.830112
-7.604574	-3.787787
-7.407796	-3.716720
-7.217020	-3.635861
-7.011714	-3.563215
-6.811463	-3.498148
-6.609316	-3.433082
-6.414433	-3.390442
-6.206601	-3.328219
-6.008245	-3.253361
-5.811152	-3.178188
-5.610899	-3.110595
-5.410648	-3.050583
-5.208817	-3.004468
-5.009829	-2.941297
-4.807050	-2.871177
-4.618484	-2.792845
-4.410020	-2.712934
-4.210716	-2.652922
-4.005095	-2.608386
-3.811476	-2.538898
-3.607434	-2.458355
-3.415710	-2.388236
-3.211668	-2.311483
-3.014891	-2.247996
-2.809270	-2.183246
-2.602701	-2.131446
-2.406239	-2.044586
-2.212620	-1.962464
-2.011105	-1.880026
-1.812433	-1.809274
-1.608391	-1.752420
-1.409718	-1.688618
-1.207255	-1.601758
-1.007635	-1.510792
-0.814648	-1.402453
-0.603026	-1.276743
-0.410354	-1.111236
-0.209155	-0.907509
-0.009535	-0.678515
0.194532	-0.425199
0.383753	-0.182307
0.591296	0.017631
0.788731	0.158836
0.994695	0.276033
1.191497	0.360693
1.392091	0.399232
1.581944	0.406182
1.787591	0.428926
1.987553	0.434613
2.192885	0.452934
2.397585	0.484840
2.587438	0.511375
2.792138	0.519588
2.985782	0.526854
3.185743	0.527486
3.393286	0.539806
3.591669	0.578661
3.791630	0.579292
3.992224	0.584663
4.191870	0.588769
4.387409	0.586558
4.587054	0.610566
4.785437	0.634258
4.989820	0.641524
5.186624	0.641840
5.387848	0.653528
5.581808	0.636785
5.794090	0.651632
5.987418	0.677852
6.191802	0.696805
6.391448	0.707230
6.596464	0.706282
6.788528	0.690803
6.989121	0.717023
7.187819	0.737240
7.395046	0.730922
7.590901	0.746401
7.790231	0.733449
7.987982	0.696805
8.185101	0.718286
8.387273	0.729027
8.585655	0.747980
8.789723	0.770093
8.987790	0.758721
9.186172	0.731554
9.392767	0.743558
9.586095	0.767250
9.788584	0.797892
9.987914	0.807685
9.786057	0.764723
9.586411	0.729975
9.382343	0.730922
9.183645	0.742926
8.988106	0.771989
8.791303	0.785888
8.585655	0.753351
8.385378	0.699649
8.186996	0.693647
7.986718	0.729975
7.791179	0.745453
7.592797	0.750192
7.387149	0.711968
7.195085	0.660478
6.989121	0.663321
6.786948	0.711337
6.592357	0.735029
6.390500	0.725552
6.190222	0.689224
5.988681	0.631731
5.786192	0.638681
5.584967	0.667743
5.386901	0.680695
5.187571	0.667111
4.990137	0.624150
4.790491	0.572975
4.585791	0.578029
4.388672	0.610566
4.186499	0.623202
3.992856	0.612462
3.787840	0.575502
3.590721	0.521800
3.385073	0.527802
3.188271	0.560339
2.987677	0.551494
2.791190	0.533172
2.591545	0.488946
2.384633	0.444721
2.191937	0.441562
1.987237	0.459568
1.788223	0.448512
1.586050	0.415975
1.390827	0.367327
1.187075	0.318363
0.989956	0.280140
0.793154	0.177158
0.585610	0.010365
0.387228	-0.203470
0.192005	-0.425199
-0.006692	-0.655142
-0.203470	-0.914774
-0.405616	-1.148190
-0.612185	-1.298221
-0.811490	-1.404664
-1.008583	-1.497526
-1.207255	-1.585649
-1.411613	-1.671562
-1.610602	-1.744524
-1.814644	-1.818118
-2.013948	-1.888238
-2.218937	-1.976361
-2.408766	-2.053430
-2.609650	-2.121970
-2.812744	-2.185773
-3.011101	-2.245785
-3.213879	-2.312430
-3.412868	-2.395184
-3.610593	-2.468778
-3.807054	-2.538898
-4.013939	-2.600806
-4.209769	-2.653553
-4.413811	-2.724305
-4.611536	-2.800110
-4.810524	-2.879705
-5.007301	-2.939402
-5.207869	-2.993413
-5.410648	-3.045845
-5.612163	-3.106805
-5.806098	-3.202509
-6.005086	-3.271681
-6.205970	-3.343380
-6.411275	-3.396127
-6.610263	-3.440979
-6.810831	-3.505413
-7.012346	-3.580271
-7.211335	-3.651338
-7.409376	-3.703138
-7.606784	-3.733460
-7.807352	-3.794420
-8.008236	-3.861065
-8.211015	-3.960875
-8.413161	-4.039207
-8.602358	-4.110590
-8.803557	-4.139018
-9.003809	-4.179447
-9.145312	-4.224930
-9.163631	-4.256515
-9.166790	-4.268517
-9.190795	-4.259358
-9.207220	-4.249567
-9.197112	-4.250514
-9.175319	-4.260937
-9.139311	-4.278309
-9.110568	-4.277993
-9.006968	-4.226509
-8.813664	-4.133648
-8.602674	-4.061633
-8.415372	-4.003831
-8.209435	-3.961507
-8.011710	-3.904653
-7.801351	-3.831059
-7.602363	-3.745778
-7.403374	-3.674711
-7.203754	-3.638072
-7.011714	-3.602696
-6.808936	-3.533840
-6.610263	-3.440979
-6.409380	-3.363910
-6.211655	-3.283367
-6.007613	-3.234726
-5.815889	-3.190506
-5.610899	-3.133968
-5.408753	-3.058163
-5.210396	-2.973198
-5.007617	-2.909395
-4.806418	-2.861070
-4.616905	-2.817482
-4.409705	-2.752732
-4.211664	-2.673136
-4.008569	-2.588803
-3.812740	-2.524369
-3.608066	-2.458039
-3.414131	-2.407187
-3.213563	-2.326012
-3.010469	-2.245153
-2.811481	-2.154819
-2.609334	-2.093859
-2.409398	-2.038900
-2.212620	-1.976993
-2.011737	-1.898977
-1.809274	-1.806747
-1.607759	-1.723678
-1.410350	-1.651031
-1.211993	-1.579964
-1.013636	-1.499421
-0.808647	-1.402138
-0.617239	-1.276428
-0.409407	-1.125449
-0.207576	-0.933725
-0.007324	-0.682937
0.188846	-0.418882
0.388492	-0.197468
0.587190	0.008470
0.789679	0.185687
0.986165	0.302568
1.191181	0.357534
1.389248	0.357534
1.586366	0.373961
1.786960	0.420081
1.987553	0.465570
2.189726	0.485472
2.387476	0.488946
2.590597	0.468097
2.790243	0.474731
2.984518	0.537278
3.183216	0.574238
3.387600	0.586242
3.596091	0.568552
3.792894	0.541069
3.991908	0.548967
4.185867	0.602037
4.388672	0.639313
4.582948	0.645315
4.788911	0.626361
4.984450	0.584347
5.191678	0.601405
5.388480	0.656687
5.585915	0.698069
5.795669	0.698701
5.988050	0.669954
6.191486	0.638365
6.389868	0.657003
6.594252	0.709125
6.787580	0.745453
6.986910	0.737872
7.188767	0.700596
7.387149	0.665532
7.588374	0.684170
7.788652	0.748296
7.986718	0.771357
8.187311	0.761880
8.387905	0.725868
8.586919	0.693015
8.790039	0.708494
8.986842	0.774200
9.189647	0.794101
9.385502	0.762512
9.587043	0.881920
9.780686	0.727131
9.988230	0.748612
9.790164	0.794733
9.584516	0.802314
9.384554	0.765987
9.191543	0.737240
8.988106	0.711021
8.788460	0.729659
8.589762	0.766934
8.392960	0.755246
8.181625	0.729975
7.989245	0.711337
7.788968	0.680063
7.593112	0.705019
7.384306	0.738188
7.187819	0.729975
6.989437	0.708178
6.786948	0.693647
6.593620	0.666480
6.391131	0.681643
6.191486	0.700912
5.988681	0.680695
5.791563	0.662373
5.589390	0.646894
5.387217	0.627940
5.190098	0.633626
4.989820	0.653844
4.788280	0.634890
4.585159	0.616252
4.388672	0.602985
4.185867	0.569500
3.991592	0.581188
3.790051	0.591296
3.589458	0.567920
3.387916	0.557496
3.188271	0.543280
2.985150	0.514534
2.794349	0.511059
2.588386	0.497160
2.388740	0.485788
2.189726	0.464307
1.986921	0.444721
1.787276	0.405866
1.586366	0.390387
1.393670	0.373645
1.189286	0.338580
0.985534	0.281403
0.789363	0.168313
0.586558	0.000573
0.386912	-0.207576
0.192953	-0.431517
-0.005429	-0.685464
-0.205996	-0.927724
-0.412565	-1.131450
-0.611870	-1.296010
-0.814332	-1.415719
-1.005108	-1.497526
-1.209466	-1.579648
-1.407823	-1.662718
-1.610286	-1.749578
-1.809590	-1.824435
-2.011105	-1.890133
-2.213568	-1.943828
-2.408134	-2.011737
-2.604280	-2.092280
-2.807690	-2.184825
-3.010469	-2.259367
-3.212616	-2.320011
-3.415079	-2.355703
-3.606802	-2.422664
-3.809581	-2.509208
-4.008885	-2.592278
-4.212612	-2.663345
-4.410968	-2.725568
-4.610272	-2.790318
-4.807050	-2.859491
-5.011408	-2.947930
-5.209764	-3.021524
-5.408121	-3.081220
-5.611531	-3.112490
-5.811783	-3.163658
-6.005402	-3.224303
-6.209444	-3.302003
-6.411275	-3.378440
-6.610263	-3.445401
-6.810515	-3.495306
-7.010451	-3.547422
-7.214493	-3.621332
-7.407165	-3.693347
-7.608364	-3.779259
-7.810827	-3.848431
-8.006972	-3.908128
-8.211015	-3.946978
-8.408739	-4.011096
-8.608044	-4.068582
-8.804505	-4.147230
-9.012338	-4.204715
-9.137732	-4.237248
-9.173423	-4.236300
-9.195217	-4.238827
-9.199639	-4.243249
-9.202798	-4.255884
-9.188900	-4.262516
-9.180372	-4.254620
-9.171528	-4.242618
-9.145944	-4.225245
-9.009810	-4.178499
-8.799767	-4.140913
-8.601727	-4.097641
-8.411582	-4.024046
-8.211330	-3.956138
-8.009500	-3.889492
-7.808931	-3.818109
-7.610891	-3.763150
-7.404953	-3.708823
-7.215441	-3.638704
-7.014873	-3.559740
-6.811147	-3.481408
-6.609948	-3.424554
-6.410327	-3.369911
-6.211971	-3.325692
-6.007929	-3.257783
-5.811467	-3.196192
-5.610899	-3.120386
-5.409069	-3.060058
-5.208817	-3.001309
-5.006354	-2.947614
-4.807365	-2.873704
-4.607430	-2.793477
-4.411600	-2.715777
-4.207874	-2.645341
-4.009201	-2.592593
-3.807054	-2.536056
-3.610909	-2.457408
-3.412552	-2.382550
-3.212616	-2.305166
-3.004468	-2.238520
-2.811481	-2.176297
-2.602069	-2.119759
-2.408134	-2.058167
-2.212936	-1.971308
-2.013316	-1.898029
-1.809274	-1.814644
-1.614076	-1.757158
-1.409402	-1.681037
-1.208519	-1.603653
-1.002266	-1.504790
-0.815912	-1.407507
-0.609659	-1.273585
-0.416040	-1.111867
-0.209471	-0.899613
-0.010482	-0.680410
0.193900	-0.431201
0.381858	-0.196205
0.587190	0.017315
0.791890	0.161363
0.996274	0.262450
1.188338	0.342055
1.390511	0.385965
1.586366	0.410289
1.785380	0.430506
1.979972	0.442194
2.191621	0.449460
2.391267	0.481365
2.587438	0.507268
2.794349	0.507900
2.987677	0.535699
3.189218	0.529697
3.385389	0.545808
3.589773	0.572659
3.789735	0.581820
3.991908	0.594140
4.182709	0.606459
4.389304	0.597930
4.590845	0.594455
4.787648	0.632363
4.991084	0.639313
5.190730	0.652580
5.387533	0.661741
5.588126	0.636785
5.788404	0.649421
5.989945	0.663637
6.186431	0.685117
6.393027	0.701860
6.598675	0.714812
6.786633	0.687013
6.990385	0.681327
7.186556	0.700596
7.390940	0.723972
7.591218	0.744190
7.792758	0.746085
7.988929	0.708494
8.183205	0.693331
8.386009	0.719234
8.591341	0.746085
8.789408	0.773252
8.995055	0.776411
9.185856	0.724288
9.385186	0.720498
9.583568	0.751139
9.787637	0.788099
9.989809	0.815582
9.785425	0.794733
9.588306	0.730290
9.389924	0.702807
9.185225	0.747033
8.988106	0.767250
8.787196	0.783045
8.586603	0.762512
8.386009	0.703755
8.186048	0.679115
7.987666	0.711021
7.795918	0.737240
7.593112	0.765671
7.388729	0.730606
7.190662	0.666164
6.989753	0.646894
6.786633	0.696805
6.590461	0.739135
6.390816	0.730606
6.188327	0.699964
5.988365	0.631099
5.787772	0.625097
5.582756	0.659214
5.385005	0.681958
5.191678	0.669007
4.989505	0.638681
4.789543	0.574870
4.584527	0.565709
4.386777	0.610882
4.184920	0.623518
3.989381	0.615936
3.790367	0.578029
3.586930	0.532856
3.388864	0.524959
3.189218	0.551810
2.987993	0.557812
2.794665	0.540121
2.588701	0.495264
2.388740	0.450091
2.186883	0.433665
1.989448	0.451987
1.786960	0.449775
1.586366	0.419134
1.392407	0.370802
1.189918	0.317731
0.989956	0.264029
0.787783	0.174631
0.590349	0.008786
0.386596	-0.199995
0.193585	-0.425199
-0.008903	-0.658616
-0.209787	-0.903719
-0.414145	-1.136504
-0.611554	-1.298537
-0.811174	-1.409402
-1.006688	-1.497842
-1.204728	-1.589755
-1.410034	-1.675352
-1.615339	-1.757158
