# Configuration automatically generated by WRITE_CONFIG()
connection eth
ip 192.168.0.10
samplehz 1000.000000
settleus 10.000000
nsample 128

# Analog Inputs
aichannel 0
ainegative 199
airange 10.000000
airesolution 0

aichannel 1
ainegative 199
airange 10.000000
airesolution 0

# Analog Outputs
aochannel 0
aosignal triangle
aofrequency 5.000000
aoamplitude 2.000000
aooffset 2.500000
aoduty 0.500000

# Meta Parameters
int:periods 10
flt:tip_T_C 350.024549
flt:plate_T_C 500.803990
flt:plate_Q_kW 0.968630
flt:cool_Thigh_C 51.553544
flt:cool_Tlow_C 14.366524
flt:air_psig 20.000000
flt:water_gph 5.500000
flt:standoff_in 0.233000
flt:oxygen_scfh 12.773438
flt:fuel_scfh 7.112937
flt:flow_scfh 19.886375
flt:ratio_fto 0.556854

## End Configuration ##
#: Thu Apr  6 11:20:49 2017
-7.011714	-3.409393
-9.332298	-4.123857
-9.315873	-4.125120
-9.284604	-4.138701
-9.256809	-4.143755
-9.201534	-4.127015
-9.008862	-4.049946
-8.808927	-3.976984
-8.606464	-3.915392
-8.412846	-3.869277
-8.210698	-3.818109
-8.011395	-3.742620
-7.807984	-3.671553
-7.612154	-3.619752
-7.404953	-3.559108
-7.213546	-3.509835
-7.011083	-3.438136
-6.813674	-3.342432
-6.609316	-3.272944
-6.411591	-3.205351
-6.208812	-3.154499
-6.012667	-3.112490
-5.816205	-3.047424
-5.609952	-2.981095
-5.410016	-2.891392
-5.210080	-2.825694
-5.008881	-2.767261
-4.808945	-2.734728
-4.607746	-2.659239
-4.412548	-2.577432
-4.210401	-2.507313
-4.008885	-2.447932
-3.805475	-2.401186
-3.608066	-2.329487
-3.415079	-2.262525
-3.210405	-2.176613
-3.010469	-2.100808
-2.808638	-2.044270
-2.609650	-1.988364
-2.403397	-1.932457
-2.214515	-1.851283
-2.011105	-1.760633
-1.813380	-1.680721
-1.610286	-1.609654
-1.414456	-1.550905
-1.207571	-1.460255
-1.010478	-1.377185
-0.808647	-1.257160
-0.614712	-1.108077
-0.410038	-0.916669
-0.211682	-0.711364
-0.008271	-0.480790
0.191373	-0.264114
0.387544	-0.080286
0.586874	0.088076
0.791574	0.201482
0.991220	0.284562
1.190866	0.345846
1.389879	0.389439
1.586366	0.421977
1.790434	0.417554
1.984394	0.429242
2.193201	0.432085
2.386529	0.474415
2.591229	0.502214
2.787400	0.525274
2.986414	0.520220
3.188586	0.506005
3.388864	0.519272
3.591353	0.553705
3.793842	0.574870
3.997594	0.592244
4.189342	0.566025
4.391200	0.546124
4.588002	0.559075
4.791439	0.601721
4.988241	0.644367
5.194837	0.651948
5.390376	0.620359
5.589705	0.592560
5.800092	0.610250
5.992156	0.680063
6.191802	0.720814
6.391448	0.707546
6.592041	0.672797
6.783789	0.630152
6.988489	0.656371
7.188767	0.717339
7.387149	0.748612
7.591218	0.736608
7.788652	0.680695
7.986402	0.645315
8.184153	0.677220
8.388221	0.746717
8.588814	0.763143
8.794462	0.759037
8.987158	0.698069
9.185540	0.662373
9.386450	0.718286
9.586095	0.787783
9.788584	0.796628
9.985387	0.775779
9.785110	0.713232
9.583568	0.669639
9.385818	0.723972
9.182382	0.779886
8.988421	0.774832
8.792251	0.735977
8.587234	0.678484
8.387589	0.644051
8.184468	0.700596
7.986718	0.747349
7.792758	0.735977
7.586795	0.709441
7.394099	0.648158
7.185608	0.639944
6.987226	0.693647
6.786316	0.730922
6.593936	0.714496
6.394290	0.675641
6.188011	0.615936
5.990577	0.620043
5.786192	0.656371
5.588442	0.685433
5.385005	0.656055
5.191362	0.615936
4.985398	0.576765
4.788280	0.579608
4.585159	0.603932
4.391200	0.622886
4.182709	0.597614
3.991908	0.573922
3.792262	0.537278
3.589458	0.532224
3.389180	0.556864
3.184480	0.563182
2.987677	0.528749
2.791822	0.488946
2.589649	0.469993
2.390635	0.458936
2.188778	0.470940
1.987553	0.463675
1.785064	0.424820
1.586366	0.380279
1.391459	0.367643
1.191497	0.326576
0.986165	0.297514
0.790310	0.220751
0.587822	0.091866
0.388492	-0.073337
0.189794	-0.261587
-0.008271	-0.482053
-0.209787	-0.723050
-0.410038	-0.944780
-0.612817	-1.115973
-0.813069	-1.258424
-1.008583	-1.363919
-1.206939	-1.459307
-1.410034	-1.548378
-1.610286	-1.626078
-1.809590	-1.700304
-2.012053	-1.756526
-2.211041	-1.839596
-2.409714	-1.913506
-2.609018	-2.003840
-2.811165	-2.058799
-3.008890	-2.111547
-3.216722	-2.166506
-3.413499	-2.237573
-3.608066	-2.322538
-3.808634	-2.399291
-4.007938	-2.468147
-4.210084	-2.518052
-4.411284	-2.572379
-4.613747	-2.648184
-4.801048	-2.729990
-5.006354	-2.803900
-5.207869	-2.857280
-5.412543	-2.880653
-5.617217	-2.938770
-5.812415	-3.031000
-6.003191	-3.112490
-6.204706	-3.187979
-6.404642	-3.244517
-6.603314	-3.289685
-6.810831	-3.339905
-7.011083	-3.425818
-7.213861	-3.500044
-7.408112	-3.564162
-7.613101	-3.615962
-7.809563	-3.656708
-8.015184	-3.717667
-8.210698	-3.806422
-8.411898	-3.884439
-8.608044	-3.948557
-8.809875	-3.975089
-9.005073	-4.025626
-9.209115	-4.085322
-9.273865	-4.122909
-9.289973	-4.135543
-9.316190	-4.127015
-9.346195	-4.108064
-9.341774	-4.092903
-9.331350	-4.088480
-9.287763	-4.105853
-9.204062	-4.103642
-9.013917	-4.040471
-8.805452	-3.957401
-8.610254	-3.893598
-8.411898	-3.844641
-8.209119	-3.798842
-8.008867	-3.742936
-7.809563	-3.670921
-7.605521	-3.590062
-7.408428	-3.524680
-7.215441	-3.479829
-7.010451	-3.436557
-6.813674	-3.363595
-6.610895	-3.279893
-6.411591	-3.203456
-6.208812	-3.139969
-6.004455	-3.085011
-5.811467	-3.028789
-5.610899	-2.960880
-5.408437	-2.886338
-5.208185	-2.820640
-5.007301	-2.770420
-4.806734	-2.721462
-4.614063	-2.671557
-4.408757	-2.602385
-4.209137	-2.517420
-4.009517	-2.439088
-3.808002	-2.374970
-3.609961	-2.312430
-3.412552	-2.252734
-3.212616	-2.187036
-3.013628	-2.108073
-2.807374	-2.034478
-2.609334	-1.973518
-2.411293	-1.902135
-2.214515	-1.833911
-2.010473	-1.760317
-1.811485	-1.683248
-1.608706	-1.608706
-1.410982	-1.530690
-1.207887	-1.447937
-1.011110	-1.351601
-0.814016	-1.243263
-0.610290	-1.119448
-0.410354	-0.943201
-0.209787	-0.714206
-0.012693	-0.472578
0.190741	-0.247057
0.387544	-0.062598
0.587506	0.102923
0.791574	0.228017
0.992799	0.293091
1.190550	0.331947
1.393038	0.353427
1.585419	0.400180
1.788855	0.445985
1.985974	0.460516
2.194149	0.457989
2.388740	0.451987
2.589649	0.462727
2.792770	0.504109
2.988309	0.541701
3.188271	0.553389
3.389812	0.536331
3.588194	0.530645
3.787524	0.530329
3.990960	0.578977
4.188079	0.598246
4.387409	0.607091
4.589581	0.593192
4.788596	0.588453
4.990452	0.590981
5.192941	0.620675
5.387848	0.659846
5.589074	0.651632
5.789983	0.639313
5.991524	0.638681
6.188959	0.648789
6.391763	0.683538
6.591409	0.703755
6.786316	0.699333
6.983435	0.690488
7.187819	0.684170
7.390308	0.676588
7.589322	0.715127
7.786757	0.729659
7.985455	0.710389
8.187628	0.702176
8.386642	0.704071
8.586287	0.704387
8.787196	0.733449
8.992212	0.743874
9.184277	0.740715
9.386450	0.744190
9.583568	0.739135
9.789216	0.728711
9.985071	0.758405
9.787952	0.759669
9.589886	0.728395
9.386450	0.745137
9.194701	0.711337
8.989369	0.707546
8.788460	0.721129
8.593868	0.707546
8.392327	0.709757
8.190154	0.717655
7.993984	0.691751
7.795918	0.677536
7.592165	0.704387
7.393151	0.698701
7.190978	0.706914
6.990701	0.714180
6.785369	0.674693
6.592041	0.652580
6.391763	0.655739
6.191170	0.657950
5.988681	0.668059
5.791563	0.666164
5.583388	0.619727
5.386901	0.615620
5.185044	0.611198
4.990768	0.608039
4.790491	0.619727
4.591793	0.616884
4.394042	0.574870
4.191554	0.553705
3.997278	0.553073
3.794473	0.557496
3.595144	0.569500
3.395498	0.552126
3.193009	0.514534
2.988309	0.484208
2.798140	0.483260
2.595020	0.487999
2.396322	0.491474
2.184988	0.460200
1.991028	0.420081
1.789803	0.382174
1.591105	0.385017
1.399356	0.372697
1.190550	0.359429
0.993747	0.297198
0.791890	0.198007
0.588453	0.087128
0.388492	-0.074917
0.195164	-0.268220
-0.010482	-0.503531
-0.205365	-0.724945
-0.411934	-0.920459
-0.610606	-1.102708
-0.810226	-1.262530
-1.005108	-1.371184
-1.207255	-1.461834
-1.409086	-1.540798
-1.601126	-1.622288
-1.804852	-1.695251
-2.012053	-1.752420
-2.213568	-1.823172
-2.406871	-1.892028
-2.607754	-1.980783
-2.810217	-2.054377
-3.015207	-2.122286
-3.212932	-2.185773
-3.416342	-2.253997
-3.609013	-2.320959
-3.810213	-2.399922
-4.007306	-2.466568
-4.210716	-2.531949
-4.412231	-2.582802
-4.612167	-2.641235
-4.805786	-2.707880
-5.010144	-2.778316
-5.209448	-2.847172
-5.411595	-2.914765
-5.610268	-2.964354
-5.815573	-3.036685
-6.006350	-3.101751
-6.208497	-3.167449
-6.410012	-3.225250
-6.610579	-3.279577
-6.809252	-3.347170
-7.015189	-3.419501
-7.213546	-3.480777
-7.403690	-3.552791
-7.609943	-3.610277
-7.807984	-3.670605
-8.012026	-3.731249
-8.208488	-3.796315
-8.410318	-3.868646
-8.602990	-3.912865
-8.811138	-3.968772
-9.009179	-4.028784
-9.212589	-4.091007
-9.276708	-4.118803
-9.290606	-4.130805
-9.316821	-4.127963
-9.333562	-4.124172
-9.328824	-4.113117
-9.308925	-4.114381
-9.281130	-4.118803
-9.207220	-4.089744
-9.010758	-4.014886
-8.807980	-3.937818
-8.608991	-3.887281
-8.413793	-3.845273
-8.210067	-3.792841
-8.009183	-3.732512
-7.809879	-3.653233
-7.606153	-3.591010
-7.404322	-3.538578
-7.215441	-3.492147
-7.011399	-3.434030
-6.811147	-3.368332
-6.610895	-3.288737
-6.408432	-3.231251
-6.208812	-3.184189
-6.007929	-3.132705
-5.814310	-3.074903
-5.610899	-2.986464
-5.409700	-2.900552
-5.209764	-2.842750
-5.007301	-2.787160
-4.811472	-2.723989
-4.612799	-2.664924
-4.415706	-2.575537
-4.206610	-2.507313
-4.006359	-2.444142
-3.808318	-2.385077
-3.609961	-2.329171
-3.412868	-2.256840
-3.211037	-2.168717
-3.013628	-2.090069
-2.808954	-2.031320
-2.602701	-1.979520
-2.402449	-1.918244
-2.205672	-1.840860
-2.010473	-1.756842
-1.806747	-1.686091
-1.604600	-1.627026
-1.403401	-1.548378
-1.207255	-1.455517
-1.008899	-1.362656
-0.812437	-1.249580
-0.608711	-1.112815
-0.406880	-0.918248
-0.206944	-0.710416
-0.004165	-0.474473
0.186951	-0.255586
0.386912	-0.059440
0.586874	0.098500
0.786836	0.214118
0.983638	0.282351
1.191497	0.352164
1.391459	0.383122
1.586366	0.418186
1.787591	0.418818
1.982499	0.427031
2.189410	0.447880
2.389056	0.472836
2.587122	0.503478
2.789295	0.528117
2.988309	0.512955
3.188902	0.506005
3.386969	0.532540
3.589458	0.552441
3.789735	0.582451
3.994751	0.596667
4.187763	0.577081
4.391831	0.551494
4.587370	0.576765
4.789543	0.611198
4.988241	0.647210
5.192309	0.649105
5.390692	0.613725
5.584651	0.596035
5.786192	0.620675
5.987102	0.662057
6.188959	0.705335
6.392711	0.704071
6.593936	0.657950
6.787264	0.632047
6.984699	0.661109
7.190662	0.713548
7.391256	0.741347
7.590270	0.730922
7.793390	0.672166
7.991457	0.635522
8.191418	0.681958
8.390116	0.742294
8.595448	0.765987
8.792566	0.745453
8.996003	0.684486
9.186488	0.650685
9.391820	0.714180
9.591149	0.777359
9.786057	0.807369
9.986650	0.792838
9.787637	0.701860
9.587043	0.662373
9.382343	0.727763
9.187119	0.770093
8.990317	0.771673
8.791619	0.730922
8.587234	0.663321
8.387589	0.653212
8.187628	0.711021
7.986402	0.739135
7.789284	0.738504
7.593429	0.716075
7.391888	0.644051
7.190031	0.634574
6.985962	0.694594
6.786316	0.727763
6.595516	0.708809
6.391763	0.674061
6.194645	0.611830
5.995315	0.612146
5.789351	0.652264
5.590022	0.675641
5.386269	0.664584
5.193573	0.620043
4.988241	0.568236
4.791122	0.578345
4.588950	0.615936
4.391515	0.630468
4.186815	0.604564
3.990960	0.573290
3.790683	0.529065
3.585351	0.533172
3.389496	0.552126
3.191114	0.548967
2.986729	0.528749
2.789295	0.487683
2.589649	0.460516
2.386213	0.459568
2.189726	0.465886
1.990080	0.447880
1.786012	0.430822
1.587630	0.391019
1.386089	0.360061
1.189286	0.341739
0.989640	0.294671
0.788415	0.217277
0.589401	0.083653
0.385965	-0.074917
0.192637	-0.260323
-0.014904	-0.483948
-0.210102	-0.725577
-0.409723	-0.945412
-0.614712	-1.118184
-0.813701	-1.252738
-1.013952	-1.362656
-1.208835	-1.453622
-1.411929	-1.550589
-1.610602	-1.627342
-1.816223	-1.696830
-2.009526	-1.762528
-2.212620	-1.837069
-2.406239	-1.915717
-2.606807	-1.993733
-2.810217	-2.066064
-3.009206	-2.123234
-3.213879	-2.171559
-3.412236	-2.240731
-3.612804	-2.323485
-3.808949	-2.408134
-4.009517	-2.479517
-4.215770	-2.526264
-4.411284	-2.574590
-4.613431	-2.650395
-4.806734	-2.724936
-5.006354	-2.800110
-5.210080	-2.849383
-5.411911	-2.907185
-5.605846	-2.965934
-5.812415	-3.042686
-6.008245	-3.113122
-6.206917	-3.187663
-6.410012	-3.236937
-6.608368	-3.276103
-6.811147	-3.336747
-7.012031	-3.422659
-7.214177	-3.500360
-7.407165	-3.565425
-7.608364	-3.617857
-7.812406	-3.650074
-8.010762	-3.708823
-8.211015	-3.795683
-8.410003	-3.863276
-8.603937	-3.937818
-8.798504	-3.974773
-9.011705	-4.006990
-9.207851	-4.068266
-9.290606	-4.103958
-9.307661	-4.117539
-9.325981	-4.115644
-9.347459	-4.105537
-9.349986	-4.089744
-9.327560	-4.095745
-9.288710	-4.102378
-9.205641	-4.099220
-9.007600	-4.032890
-8.808295	-3.951400
-8.607411	-3.883175
-8.410003	-3.841166
-8.210067	-3.806422
-8.010762	-3.754622
-7.807668	-3.681344
-7.606153	-3.595116
-7.405901	-3.524364
-7.212598	-3.473196
-7.016768	-3.429608
-6.815885	-3.366437
-6.609948	-3.282420
-6.415697	-3.209773
-6.207865	-3.153235
-6.010456	-3.099856
-5.810520	-3.051846
-5.611531	-2.972566
-5.409384	-2.891076
-5.211975	-2.820640
-5.003195	-2.779579
-4.801996	-2.728095
-4.609957	-2.667767
-4.413179	-2.584697
-4.208189	-2.508576
-4.004463	-2.435614
-3.805791	-2.366441
-3.605855	-2.308956
-3.410973	-2.244838
-3.211984	-2.171243
-3.008574	-2.096702
-2.811796	-2.041743
-2.611545	-1.975729
-2.409082	-1.903715
-2.213568	-1.839912
-2.012053	-1.756211
-1.812117	-1.681037
-1.609654	-1.605864
-1.408139	-1.536376
-1.206939	-1.444462
-1.007004	-1.349706
-0.814648	-1.243263
-0.614396	-1.126397
-0.411302	-0.945412
-0.209155	-0.723366
-0.008271	-0.470367
0.189478	-0.254322
0.385965	-0.074285
0.588769	0.091234
0.790942	0.217593
0.988693	0.291196
1.189602	0.325945
1.393038	0.346478
1.586366	0.401759
1.787276	0.440299
1.986605	0.454514
2.189726	0.460832
2.386845	0.453250
2.592808	0.457357
2.791822	0.503162
2.986098	0.546124
3.187323	0.553389
3.386969	0.541385
3.591669	0.533488
3.788471	0.535699
3.991276	0.582136
4.183024	0.608987
4.391200	0.611830
4.594320	0.584347
4.788911	0.580556
4.998350	0.581820
5.198627	0.623834
5.387848	0.663005
5.585915	0.658582
5.789035	0.644051
5.986470	0.627309
6.190538	0.639944
6.396818	0.670586
6.588882	0.719234
6.784105	0.704387
6.986910	0.684801
7.186556	0.688276
7.390308	0.678799
7.585847	0.708809
7.792127	0.729975
7.988297	0.705651
8.186048	0.700596
8.385694	0.696174
8.582812	0.700596
8.793830	0.735345
8.992212	0.736608
9.189015	0.723972
9.388977	0.722393
9.587991	0.724920
9.795850	0.725868
9.984439	0.773252
9.787320	0.770725
9.585148	0.744506
9.385502	0.748612
9.182065	0.737240
8.989054	0.717023
8.789092	0.749244
8.587234	0.729659
8.386326	0.711337
8.188575	0.721445
7.989245	0.715127
7.789599	0.686697
7.590270	0.710073
7.390308	0.705019
7.187187	0.702807
6.988173	0.698385
6.787896	0.674693
6.589514	0.660793
6.388605	0.670902
6.190222	0.665216
5.991840	0.664268
5.788404	0.666480
5.581808	0.625413
5.384374	0.622254
5.190730	0.616884
4.987609	0.617832
4.791439	0.620359
4.590845	0.620043
4.388356	0.572975
4.183656	0.564130
3.993487	0.565709
3.788471	0.566657
3.589773	0.569500
3.385389	0.556548
3.185112	0.524011
2.991784	0.507584
2.792454	0.491158
2.598494	0.485472
2.390319	0.498107
2.189094	0.465886
1.986290	0.416606
1.787276	0.396073
1.588262	0.385017
1.391459	0.389124
1.187075	0.363220
0.986165	0.303832
0.785888	0.202114
0.587190	0.083021
0.385965	-0.080286
0.192321	-0.271694
-0.007640	-0.497846
-0.209471	-0.717681
-0.411618	-0.909405
-0.615028	-1.097022
-0.814964	-1.258740
-1.007635	-1.363919
-1.214836	-1.451411
-1.411297	-1.531322
-1.612181	-1.619446
-1.809906	-1.687038
-2.016475	-1.758737
-2.213884	-1.829173
-2.407187	-1.908453
-2.608386	-1.977309
-2.813060	-2.057852
-3.011732	-2.120391
-3.212932	-2.170612
-3.414447	-2.239784
-3.607750	-2.307693
-3.808634	-2.378760
-4.010465	-2.454881
-4.208821	-2.521842
-4.412548	-2.578064
-4.617853	-2.638392
-4.807050	-2.714513
-5.012355	-2.788423
-5.207237	-2.852226
-5.411595	-2.912554
-5.612479	-2.958037
-5.813046	-3.025314
-6.007613	-3.081536
-6.206601	-3.155446
-6.410327	-3.223039
-6.610263	-3.267259
-6.811147	-3.331061
-7.012346	-3.403076
-7.208492	-3.476355
-7.404638	-3.551844
-7.607732	-3.602065
-7.810195	-3.649759
-8.008867	-3.709771
-8.208488	-3.789366
-8.413161	-3.852853
-8.600147	-3.929922
-8.807664	-3.977931
-9.005704	-4.027836
-9.208167	-4.090060
-9.275128	-4.121329
-9.299765	-4.130173
-9.318716	-4.126067
-9.338931	-4.116908
-9.334193	-4.105853
-9.314294	-4.110590
-9.275760	-4.115013
-9.203114	-4.100483
-9.010126	-4.036049
-8.809243	-3.967192
-8.605832	-3.911602
-8.414741	-3.870541
-8.210382	-3.815582
-8.009500	-3.744831
-7.806721	-3.671553
-7.612470	-3.595747
-7.409691	-3.533208
-7.211967	-3.485514
-7.011399	-3.425186
-6.812410	-3.352540
-6.610263	-3.283051
-6.410644	-3.230620
-6.207865	-3.175977
-6.006665	-3.130178
-5.808940	-3.068902
-5.611847	-2.990254
-5.414122	-2.903710
-5.209448	-2.840223
-5.007933	-2.787160
-4.810524	-2.724936
-4.606482	-2.657028
-4.412231	-2.590383
-4.211664	-2.516473
-4.008569	-2.461198
-3.808634	-2.398027
-3.607750	-2.334540
-3.413184	-2.261578
-3.213248	-2.178508
-3.011732	-2.106493
-2.810217	-2.042691
-2.610913	-1.982047
-2.407503	-1.902767
-2.213568	-1.828541
-2.012369	-1.741050
-1.814644	-1.672509
-1.605864	-1.602705
-1.408771	-1.550905
-1.205044	-1.464677
-1.001950	-1.371184
-0.815596	-1.247685
-0.608711	-1.117869
-0.411618	-0.921091
-0.211366	-0.719576
-0.009219	-0.485844
0.193269	-0.262850
0.383437	-0.079023
0.588769	0.088707
0.789363	0.201798
0.989324	0.288037
1.189918	0.341423
1.391143	0.388492
1.584787	0.412816
1.790750	0.417870
1.991344	0.420713
2.189094	0.450407
2.390003	0.469993
2.592176	0.498739
2.788031	0.521800
2.987361	0.517061
3.187323	0.515798
3.388864	0.534119
3.589142	0.571711
3.790998	0.731238
3.988433	0.674061
4.184920	0.683222
4.386777	0.626361
4.586422	0.686381
4.790175	0.638681
4.990768	0.655739
5.190414	0.670270
5.385322	0.690488
5.588126	0.608987
5.787140	0.632679
5.991209	0.669323
6.188643	0.701228
6.399029	0.696174
6.592988	0.645630
6.788212	0.649421
6.983119	0.669954
7.187503	0.721445
7.389992	0.796628
7.592797	0.733765
7.788652	0.681327
7.985138	0.654476
8.188259	0.689856
8.387905	0.746401
8.589446	0.769461
8.787512	0.745137
8.989054	0.700912
9.189331	0.668059
9.386450	0.727131
9.586411	0.786204
9.787637	0.806737
9.984755	0.780202
9.787637	0.715127
9.587991	0.808316
9.384238	0.732818
9.185540	0.779886
8.989054	0.771041
8.790039	0.737240
8.584707	0.661425
8.386326	0.648158
8.185416	0.713548
7.981032	0.758721
7.795286	0.737240
7.590901	0.703123
7.384938	0.647210
7.185292	0.637733
6.994807	0.692383
6.786001	0.732502
6.592041	0.717023
6.385129	0.678799
6.194013	0.614989
5.986786	0.623518
5.786192	0.664900
5.588126	0.680379
5.382163	0.666164
5.192309	0.617200
4.989820	0.563498
4.788911	0.570447
4.587686	0.627940
4.385197	0.643103
4.187447	0.600773
3.990960	0.568552
3.792578	0.522431
3.589773	0.528117
3.389812	0.562234
3.183532	0.558443
2.987045	0.537594
2.791822	0.488315
2.594072	0.453250
2.387476	0.456725
2.189094	0.470625
1.984710	0.464307
1.788223	0.427347
1.586682	0.382174
1.390511	0.357218
1.188022	0.332578
0.990904	0.301305
0.789047	0.215697
0.587506	0.091866
0.383437	-0.077128
0.192637	-0.259060
-0.007640	-0.489634
-0.210102	-0.732842
-0.409091	-0.952045
-0.613449	-1.123238
-0.813701	-1.257792
-1.005108	-1.367710
-1.208203	-1.463729
-1.408139	-1.549010
-1.609022	-1.627026
-1.809906	-1.696830
-2.013316	-1.743892
-2.207567	-1.826330
-2.411609	-1.903399
-2.609018	-1.998787
-2.810533	-2.063853
-3.010153	-2.124497
-3.212932	-2.178192
-3.415079	-2.254945
-3.607750	-2.329171
-3.811792	-2.403081
-4.011096	-2.468778
-4.211032	-2.520895
-4.410968	-2.574590
-4.608377	-2.659870
-4.807050	-2.742624
-5.007301	-2.812112
-5.210080	-2.864228
-5.406857	-2.900867
-5.613742	-2.961196
-5.812731	-3.032579
-6.006033	-3.116596
-6.207865	-3.184189
-6.410644	-3.246097
-6.612159	-3.279893
-6.811779	-3.338010
-7.013926	-3.407498
-7.217336	-3.489305
-7.408744	-3.557529
-7.608995	-3.605223
-7.813037	-3.649759
-8.010762	-3.714825
-8.211646	-3.806107
-8.412213	-3.874963
-8.603306	-3.942872
-8.809875	-3.977931
-9.007600	-4.007938
-9.209746	-4.067950
-9.279551	-4.114065
-9.286499	-4.137438
-9.298185	-4.143755
-9.328507	-4.126383
-9.338615	-4.103010
-9.311452	-4.109011
-9.274813	-4.125436
-9.199007	-4.116276
-9.002230	-4.056263
-8.806400	-3.977616
-8.607096	-3.884439
-8.410003	-3.834533
-8.217332	-3.788419
-8.010762	-3.723669
-7.809247	-3.638388
-7.605205	-3.554686
-7.398005	-3.507624
-7.208176	-3.469406
-7.010135	-3.420448
-6.807988	-3.357593
-6.613422	-3.284315
-6.408432	-3.216090
-6.211339	-3.152920
-6.007929	-3.115017
-5.817469	-3.044897
-5.609636	-2.975093
-5.409384	-2.888233
-5.206922	-2.809586
-5.007933	-2.747046
-4.814946	-2.706617
-4.612484	-2.655764
-4.409073	-2.590067
-4.214822	-2.514577
-4.008254	-2.445405
-3.808949	-2.392342
-3.607118	-2.333593
-3.416658	-2.282108
-3.212300	-2.196828
-3.009521	-2.115021
-2.809901	-2.040480
-2.613124	-1.977309
-2.410661	-1.900556
-2.216095	-1.838333
-2.009210	-1.755895
-1.810222	-1.680405
-1.611549	-1.600178
-1.412561	-1.521847
-1.207887	-1.446041
-1.011110	-1.360445
-0.810542	-1.256529
-0.609027	-1.135872
-0.410670	-0.948570
-0.209155	-0.717365
-0.008587	-0.472262
0.191689	-0.258428
0.387860	-0.078075
0.588453	0.096605
0.786204	0.219172
0.991220	0.289617
1.188970	0.327208
1.392091	0.350584
1.585419	0.404918
1.785696	0.446301
1.991976	0.459252
2.186883	0.469993
2.392531	0.445037
2.592176	0.458621
2.792138	0.506953
2.985782	0.549282
3.190166	0.545176
3.389496	0.539490
3.587562	0.517693
3.791946	0.527802
3.996015	0.575818
4.186183	0.612462
4.386777	0.617516
4.585475	0.601089
4.786700	0.579292
4.992032	0.585926
5.194521	0.641524
5.387533	0.662373
5.586546	0.663637
5.788404	0.638049
5.994367	0.625729
6.200015	0.634258
6.390816	0.680379
6.598675	0.711653
6.784421	0.711968
6.987542	0.683222
7.188767	0.668059
7.391572	0.684170
7.589006	0.727447
7.791495	0.745769
7.982612	0.718286
8.187628	0.702492
8.383482	0.697121
8.587867	0.697753
8.785933	0.729975
8.990001	0.759669
9.181749	0.732186
9.384870	0.724288
9.585464	0.730606
9.785425	0.734713
9.988545	0.771041
9.790795	0.758089
9.585779	0.734397
9.384870	0.731870
9.183329	0.714496
8.990949	0.708494
8.789092	0.732186
8.588182	0.720182
8.384430	0.707546
8.185732	0.714180
7.986718	0.690803
7.790547	0.686697
7.588690	0.713232
7.393467	0.697437
7.193821	0.676588
6.991016	0.696174
6.792950	0.664268
6.590461	0.665532
6.391448	0.676904
6.185484	0.665532
5.988997	0.661109
5.782402	0.662373
5.586546	0.632047
5.387217	0.623202
5.191678	0.623518
4.990452	0.614673
4.788911	0.628572
4.589266	0.618148
4.385197	0.588138
4.183341	0.576134
3.989065	0.574870
3.794789	0.563498
3.589142	0.571395
3.388232	0.566341
3.188586	0.511375
2.985782	0.501582
2.792770	0.498107
2.587438	0.483260
2.389056	0.500319
2.183092	0.464623
1.988185	0.427031
1.786328	0.402391
1.585419	0.400812
1.390195	0.381542
1.194340	0.353112
0.993115	0.286774
0.787783	0.203377
0.589401	0.094078
0.386596	-0.067336
0.193585	-0.267588
-0.008271	-0.497214
-0.211366	-0.710416
-0.407512	-0.914142
-0.610290	-1.099233
-0.809910	-1.257160
-1.004793	-1.370868
-1.203149	-1.443515
-1.408455	-1.529427
-1.607443	-1.614076
-1.810853	-1.696198
-2.014264	-1.754947
-2.211989	-1.818118
-2.410029	-1.884448
-2.604596	-1.981099
-2.806111	-2.056273
-3.015523	-2.127656
-3.205351	-2.178192
-3.408130	-2.233151
-3.612172	-2.291900
-3.810213	-2.369284
-4.011096	-2.442563
-4.211980	-2.501627
-4.415390	-2.566377
-4.615326	-2.622916
-4.808945	-2.697141
-5.006670	-2.777368
-5.209764	-2.855384
-5.409069	-2.918871
-5.611531	-2.970356
-5.814310	-3.032895
-6.010140	-3.102067
-6.208180	-3.170607
-6.408116	-3.241043
-6.610579	-3.291264
-6.810831	-3.345591
-7.014557	-3.404024
-7.213230	-3.474144
-7.410639	-3.542052
-7.604574	-3.613435
-7.813669	-3.671553
-8.010762	-3.721773
-8.210382	-3.782418
-8.415689	-3.838640
-8.601727	-3.904337
-8.805452	-3.970035
-9.007915	-4.012676
-9.211641	-4.060369
-9.288078	-4.102378
-9.302292	-4.121645
-9.312715	-4.132384
-9.319664	-4.136490
-9.312715	-4.127015
-9.301976	-4.126067
-9.274497	-4.119750
-9.206588	-4.095429
-9.009810	-4.028784
-8.806085	-3.958033
-8.606149	-3.903390
-8.411266	-3.864224
-8.212910	-3.798526
-8.010762	-3.744199
-7.809879	-3.669026
-7.608364	-3.600169
-7.410639	-3.536367
-7.211335	-3.481408
-7.014241	-3.416342
-6.808936	-3.345591
-6.612474	-3.265048
-6.409380	-3.212300
-6.210392	-3.159552
-6.005718	-3.106489
-5.811152	-3.049003
-5.609952	-2.974146
-5.412543	-2.895814
-5.209448	-2.839592
-5.008249	-2.787160
-4.811156	-2.735991
-4.614378	-2.667451
-4.413811	-2.582802
-4.206610	-2.515841
-4.001936	-2.453617
-3.808949	-2.398343
-3.607434	-2.330434
-3.414763	-2.248628
-3.213248	-2.163663
-3.012364	-2.076487
-2.806743	-2.010158
-2.600806	-1.962148
-2.408766	-1.909084
-2.212620	-1.829805
-2.009526	-1.751157
-1.811801	-1.671562
-1.607127	-1.604600
-1.417614	-1.536376
-1.208519	-1.459307
-1.003845	-1.376553
-0.806436	-1.261898
-0.609343	-1.111236
-0.412249	-0.926145
-0.204733	-0.720839
-0.002270	-0.494687
0.194848	-0.266009
0.385017	-0.062598
0.588769	0.100711
0.787783	0.206852
0.989008	0.297514
1.190550	0.350269
1.387668	0.385649
1.586050	0.413763
1.785380	0.417238
1.984394	0.426399
2.189094	0.454830
2.386213	0.473783
2.590913	0.507268
2.788031	0.519272
2.986729	0.515482
3.182269	0.513270
3.386653	0.542333
3.590721	0.551494
3.789735	0.578029
3.995699	0.584031
4.189026	0.569184
4.388356	0.572659
4.588318	0.591612
4.787648	0.606144
4.989820	0.638681
5.194205	0.639628
5.388796	0.616568
5.585599	0.607407
5.789035	0.630783
5.989945	0.660162
6.191170	0.696805
6.388288	0.691119
6.592673	0.651632
6.787580	0.650685
6.990385	0.669954
7.188135	0.705651
7.386517	0.737240
7.589322	0.717970
7.791495	0.672166
7.985455	0.658582
8.187311	0.698385
8.384114	0.738188
8.591025	0.763775
8.787196	0.746085
8.988421	0.695858
9.182065	0.679431
9.386133	0.729027
9.585148	0.782097
9.787637	0.795997
9.987282	0.766618
9.788584	0.706282
9.589254	0.670902
9.383607	0.729027
9.184909	0.770093
8.988737	0.777991
8.789408	0.741663
8.586603	0.663952
8.389484	0.649421
8.188259	0.712916
7.989245	0.753351
7.785177	0.742294
7.587111	0.710073
7.383042	0.644683
7.187819	0.642472
6.988173	0.694594
6.787580	0.725236
6.594568	0.712284
6.388920	0.670270
6.191170	0.609303
5.987418	0.614989
5.789667	0.665216
5.586863	0.681643
5.386585	0.661425
5.187887	0.614041
4.989820	0.562234
4.793334	0.570447
4.584843	0.619095
4.388988	0.626045
4.185867	0.605828
3.992540	0.565077
3.787840	0.518641
3.590721	0.527170
3.386969	0.562550
3.187955	0.560023
2.987361	0.534435
2.791506	0.481049
2.591861	0.456093
2.390635	0.456725
2.189094	0.475047
1.986921	0.451671
1.786644	0.432401
1.586366	0.390387
1.391143	0.352480
1.191181	0.332262
0.989956	0.302252
0.792838	0.215381
0.587822	0.092498
0.383437	-0.076496
0.191689	-0.259692
-0.008271	-0.485212
-0.210102	-0.732210
-0.410038	-0.948255
-0.611554	-1.119764
-0.813069	-1.253686
-1.009530	-1.362340
-1.207255	-1.458991
-1.409086	-1.551853
-1.609970	-1.628605
-1.806747	-1.692724
-2.013316	-1.756842
-2.211357	-1.832647
-2.407187	-1.911927
-2.610281	-1.980783
-2.808638	-2.057536
-3.014259	-2.106809
-3.209773	-2.168717
-3.413499	-2.228729
-3.612804	-2.305166
-3.808002	-2.392658
-4.012044	-2.467199
-4.208189	-2.516157
-4.411284	-2.578696
-4.612799	-2.648184
-4.806418	-2.730938
-5.009512	-2.804216
-5.209764	-2.880021
-5.407805	-2.925188
-5.609636	-2.971303
-5.811467	-3.037317
-6.007297	-3.127967
-6.201232	-3.211353
-6.403695	-3.258415
-6.608368	-3.293159
-6.813042	-3.349697
-7.012662	-3.426765
-7.213546	-3.499412
-7.409376	-3.569847
-7.607732	-3.617857
-7.812722	-3.657655
-8.010447	-3.710403
-8.210382	-3.800421
-8.411582	-3.868962
-8.607728	-3.930553
-8.810506	-3.972246
-9.008862	-4.004779
-9.209431	-4.061633
-9.295659	-4.096377
-9.305135	-4.119119
-9.308925	-4.130805
-9.326612	-4.127646
-9.325981	-4.117223
-9.290606	-4.132700
-9.256493	-4.142492
-9.195533	-4.139333
-9.008547	-4.075215
-8.804821	-3.987091
-8.606149	-3.896757
-8.417268	-3.845273
-8.208488	-3.797894
-8.006972	-3.746726
-7.809879	-3.679449
-7.608048	-3.595116
-7.410007	-3.527523
-7.212598	-3.488673
-7.014557	-3.435609
-6.810831	-3.374018
-6.610263	-3.297581
-6.410012	-3.212932
-6.206601	-3.146918
-6.006033	-3.084063
-5.810204	-3.035106
-5.611216	-2.969092
-5.408121	-2.889181
-5.211975	-2.814955
-5.008249	-2.753995
-4.805786	-2.707249
-4.612799	-2.649763
-4.412548	-2.566377
-4.212296	-2.496574
-4.013623	-2.430244
-3.800105	-2.364547
-3.611540	-2.318432
-3.407182	-2.254629
-3.209141	-2.175665
-3.007942	-2.105230
-2.803584	-2.039216
-2.605543	-1.991206
-2.405607	-1.920455
-2.217358	-1.851599
-2.014580	-1.766318
-1.813064	-1.686091
-1.608075	-1.612497
-1.412877	-1.538587
-1.208519	-1.462466
-1.010794	-1.369289
-0.811174	-1.260319
-0.612817	-1.129555
-0.409723	-0.946044
-0.211366	-0.720208
-0.007640	-0.471630
0.193585	-0.259376
0.387228	-0.078391
0.588138	0.094078
0.790942	0.219804
0.996274	0.286774
1.195288	0.319311
1.393986	0.342687
1.587630	0.412184
1.792014	0.453882
1.988817	0.452303
2.189094	0.457673
2.390319	0.444405
2.589649	0.461780
2.791822	0.516429
2.986414	0.545808
3.186691	0.561918
3.390759	0.541701
3.585983	0.517693
3.790367	0.535067
3.992540	0.579292
4.184920	0.618779
4.388041	0.612777
4.586739	0.586558
4.787964	0.566657
4.991716	0.587822
5.188519	0.641524
5.385005	0.670586
5.585283	0.668691
5.785876	0.638681
5.986154	0.617200
6.188959	0.646578
6.386393	0.694910
6.592041	0.718602
6.786001	0.699649
6.989753	0.667743
7.187819	0.652264
7.387149	0.673113
7.590901	0.716075
7.790863	0.744822
7.981032	0.717655
8.187943	0.694278
8.385062	0.685117
8.591973	0.711968
8.790987	0.735029
8.987473	0.768830
9.186488	0.729975
9.386450	0.717655
9.587991	0.723972
9.788268	0.747349
9.987914	0.773884
9.786057	0.780202
9.587991	0.743874
9.383607	0.731554
9.186172	0.712916
8.986210	0.714496
8.788775	0.740715
8.590077	0.725868
8.384430	0.700912
8.187943	0.709441
7.987982	0.691751
7.793074	0.694278
7.592481	0.708494
7.389676	0.697753
7.189399	0.685433
6.986910	0.693962
6.787896	0.664584
6.592673	0.670270
6.391131	0.682906
6.191170	0.663321
5.988681	0.659530
5.783665	0.660793
5.585599	0.628572
5.385322	0.619727
5.188835	0.630468
4.990452	0.615305
4.785120	0.616884
4.589898	0.611514
4.387724	0.574238
4.186183	0.571079
3.986222	0.574870
3.792894	0.560655
3.588194	0.562234
3.393602	0.546124
3.193957	0.501898
2.988941	0.504741
2.794349	0.487367
2.596283	0.482944
2.396953	0.473783
2.190674	0.450091
1.989448	0.416291
1.790119	0.401444
1.587630	0.391019
1.389879	0.395757
1.190550	0.365116
0.990272	0.299409
0.795365	0.196743
0.597299	0.082074
0.389755	-0.071442
0.196112	-0.262534
-0.010798	-0.491529
-0.207576	-0.710416
-0.413829	-0.909405
-0.612501	-1.091021
-0.815280	-1.250212
-1.003845	-1.367710
-1.204097	-1.454885
-1.411613	-1.532270
-1.608075	-1.627026
-1.804852	-1.707569
-2.008894	-1.770108
-2.215779	-1.828225
-2.409714	-1.895502
-2.611545	-1.971308
-2.808006	-2.056904
-3.014575	-2.122602
-3.212300	-2.183246
-3.416342	-2.246101
-3.608382	-2.314641
-3.809265	-2.404344
-4.010780	-2.469726
-4.207874	-2.524685
-4.414127	-2.577432
-4.612167	-2.634286
-4.807997	-2.708512
-5.008249	-2.779263
-5.211028	-2.862333
-5.410332	-2.913818
-5.617217	-2.960880
-5.813678	-3.009521
-6.008245	-3.079957
-6.206285	-3.155446
-6.409380	-3.229040
-6.613738	-3.279261
-6.807041	-3.340537
-7.012662	-3.411604
-7.207544	-3.483935
-7.406848	-3.569216
-7.607100	-3.628912
-7.810195	-3.681028
-8.010762	-3.743252
-8.210382	-3.808002
-8.412530	-3.869277
-8.608359	-3.935607
-8.808927	-3.994356
-9.009495	-4.033838
-9.204062	-4.087849
-9.283025	-4.113117
-9.302923	-4.123225
-9.318400	-4.122909
-9.337667	-4.116591
-9.333245	-4.104905
-9.315242	-4.108379
-9.284604	-4.110590
-9.205956	-4.088165
-9.009495	-4.029732
-8.807347	-3.950452
-8.610887	-3.899600
-8.414741	-3.849379
-8.212910	-3.804212
-8.008867	-3.732197
-7.805141	-3.650074
-7.612470	-3.586904
-7.408428	-3.522469
-7.213546	-3.475723
-7.013294	-3.431187
-6.812726	-3.360436
-6.607105	-3.291579
-6.409380	-3.227145
-6.208812	-3.179451
-6.006981	-3.126388
-5.813046	-3.067007
-5.610584	-2.986464
-5.410332	-2.907816
-5.209133	-2.843698
-5.007617	-2.785265
-4.810840	-2.733464
-4.611220	-2.669662
-4.415074	-2.594489
-4.208505	-2.502891
-4.011412	-2.431508
-3.809897	-2.375917
-3.609645	-2.325065
-3.414131	-2.245785
-3.213248	-2.164926
-3.009206	-2.094491
-2.805480	-2.030688
-2.609334	-1.974782
-2.405923	-1.910979
-2.217990	-1.838964
-2.010789	-1.754631
-1.813064	-1.681669
-1.609338	-1.618814
-1.407507	-1.548378
-1.208203	-1.465940
-1.009846	-1.362656
-0.813385	-1.248632
-0.615344	-1.106182
-0.409407	-0.921407
-0.209787	-0.720523
-0.007008	-0.489634
0.193900	-0.266640
0.385965	-0.073969
0.587822	0.087444
0.787783	0.204325
0.994063	0.284246
1.189918	0.347110
1.394302	0.375856
1.582260	0.410604
1.786960	0.417238
1.983762	0.426399
2.190042	0.456409
2.390951	0.466202
2.590597	0.496212
2.793718	0.517693
2.985782	0.513586
3.189534	0.519904
3.386337	0.542649
3.591037	0.552126
3.789735	0.578345
3.994751	0.580556
4.187763	0.569184
4.388356	0.568552
4.588002	0.591928
4.791122	0.603932
4.987926	0.638997
5.191362	0.650053
5.389744	0.613725
5.592549	0.614673
5.791563	0.630468
5.993735	0.654476
6.194961	0.685117
6.394922	0.686381
6.592041	0.667743
6.788844	0.669323
6.982487	0.688908
7.189083	0.721761
7.384622	0.742926
7.591218	0.719234
7.786757	0.682590
7.987350	0.664584
8.182573	0.695858
8.387589	0.732186
8.589446	0.755246
8.787512	0.742294
8.990001	0.694910
9.184909	0.695858
9.385186	0.737556
9.584831	0.788415
9.787320	0.801683
9.986966	0.767250
9.786689	0.702492
9.583568	0.691119
9.385186	0.739767
9.183013	0.778938
8.997267	0.772620
8.793514	0.728711
8.594185	0.669323
8.387273	0.662373
8.185732	0.731870
7.986086	0.756826
7.790863	0.744506
7.592481	0.708178
7.392835	0.639313
7.194769	0.636154
6.986594	0.720814
6.788212	0.741979
6.590461	0.711653
6.392711	0.672166
6.189590	0.605196
5.988365	0.621938
5.787456	0.671534
5.583388	0.682274
5.387217	0.668059
5.189150	0.618148
4.993611	0.558443
4.785120	0.574870
4.589266	0.622254
4.392147	0.632047
4.183341	0.608355
3.993487	0.557812
3.790367	0.513586
3.589142	0.535699
3.387916	0.562234
3.185112	0.562234
2.987993	0.523063
2.788979	0.487051
2.589965	0.447880
2.390635	0.457673
2.188147	0.478206
1.983131	0.459252
1.786960	0.432717
1.588262	0.382490
1.390827	0.351216
1.190234	0.338264
0.990272	0.300989
0.786520	0.215381
0.586242	0.094078
0.388492	-0.073337
0.193269	-0.263166
-0.004481	-0.489950
-0.205681	-0.739475
-0.404037	-0.951729
-0.612501	-1.128923
-0.813385	-1.246737
-1.006372	-1.363287
-1.202833	-1.454569
-1.404980	-1.537639
-1.609654	-1.614708
-1.808327	-1.693987
-2.007315	-1.767581
-2.211357	-1.834543
-2.411293	-1.912874
-2.609334	-1.984889
-2.809901	-2.049639
-3.013628	-2.098281
-3.212616	-2.154187
-3.416342	-2.226518
-3.607750	-2.306429
-3.809265	-2.390762
-4.012360	-2.455513
-4.210401	-2.511735
-4.411284	-2.562587
-4.616590	-2.643762
-4.806102	-2.722094
-5.007933	-2.805480
-5.209764	-2.877810
-5.411280	-2.925188
-5.613111	-2.980779
-5.813994	-3.052794
-6.008245	-3.114069
-6.208180	-3.183873
-6.410012	-3.247676
-6.611211	-3.305161
-6.810515	-3.368016
-7.010767	-3.449191
-7.213861	-3.512678
-7.407796	-3.587851
-7.608995	-3.636809
-7.806721	-3.668078
-8.012026	-3.718299
-8.211646	-3.792525
-8.413793	-3.872436
-8.613413	-3.913181
-8.807032	-3.953927
-9.004757	-4.002252
-9.207851	-4.057211
-9.291237	-4.100483
-9.301344	-4.121961
-9.301976	-4.137122
-9.325981	-4.132384
-9.324402	-4.114065
-9.310820	-4.114381
-9.268496	-4.127963
-9.203114	-4.112802
-9.009179	-4.039839
-8.808927	-3.960560
-8.606464	-3.899600
-8.415056	-3.858223
-8.211646	-3.820636
-8.007604	-3.769152
-7.809879	-3.694294
-7.604889	-3.599222
-7.407796	-3.523101
-7.210703	-3.480777
-7.012978	-3.427713
-6.811147	-3.359172
-6.610895	-3.286842
-6.410644	-3.198087
-6.208812	-3.134600
-6.005718	-3.080589
-5.814310	-3.032263
-5.611531	-2.966249
-5.408753	-2.891392
-5.211344	-2.820325
-5.006986	-2.760312
-4.808313	-2.717040
-4.609009	-2.663661
-4.414443	-2.581538
-4.209137	-2.507313
-4.005095	-2.439720
-3.804212	-2.376865
-3.603960	-2.318432
-3.408446	-2.263157
-3.211037	-2.187036
-3.011417	-2.110915
-2.808954	-2.033531
-2.608386	-1.976677
-2.409082	-1.909084
-2.212936	-1.840860
-2.008578	-1.767581
-1.806116	-1.688618
-1.606495	-1.609654
-1.405296	-1.534481
-1.206308	-1.451095
-1.007635	-1.353496
-0.814332	-1.252107
-0.612185	-1.121975
-0.411934	-0.945728
-0.209155	-0.715786
-0.011114	-0.464050
0.191689	-0.253059
0.387228	-0.071758
0.587190	0.100395
0.786204	0.221067
0.990588	0.292460
1.187391	0.326576
1.390827	0.352164
1.586366	0.403023
1.792330	0.452619
1.982815	0.467466
2.189726	0.451987
2.390319	0.440299
2.586174	0.455462
2.793718	0.516429
2.986729	0.548651
3.187323	0.560023
3.387600	0.542965
3.590405	0.511059
3.787840	0.529065
3.990960	0.592560
4.188395	0.618779
4.383618	0.620991
4.587054	0.596351
4.785120	0.555600
4.993927	0.584347
5.196100	0.637417
5.382794	0.679431
5.589074	0.656055
5.788720	0.633626
5.989629	0.616568
6.191170	0.643103
6.390816	0.703123
6.593620	0.713232
6.786948	0.700280
6.989121	0.670586
7.185608	0.644367
7.388412	0.679431
7.593112	0.717023
7.790547	0.735977
7.986402	0.712284
8.184153	0.689856
8.386642	0.676272
8.588498	0.701860
8.791619	0.749244
8.989054	0.758721
9.185540	0.734081
9.385502	0.718918
9.588622	0.709441
9.787637	0.738188
9.991705	0.773884
9.793323	0.766934
9.589570	0.737872
9.389293	0.718286
9.195333	0.706282
8.990949	0.714812
8.790039	0.756826
8.585340	0.739135
8.387589	0.708178
8.187311	0.708809
7.986718	0.699649
7.783913	0.704703
7.589638	0.731554
7.386517	0.711021
7.187503	0.691119
6.987542	0.695226
6.784421	0.667427
6.592041	0.676904
6.387973	0.686697
6.191486	0.661741
5.988050	0.647526
5.786192	0.652580
5.583072	0.620675
5.387848	0.624781
5.189782	0.629520
4.982555	0.608355
4.790175	0.610566
4.583895	0.604564
4.387724	0.568868
4.188079	0.575502
3.992224	0.571711
3.790998	0.555916
3.588826	0.566341
3.388548	0.545492
3.188271	0.516429
2.987993	0.506953
2.792138	0.503162
2.589333	0.487999
2.387476	0.474415
2.189094	0.455777
1.983762	0.430822
1.789171	0.414079
1.585103	0.395757
1.390195	0.384701
1.187075	0.351848
0.992167	0.291828
0.788731	0.198639
0.587190	0.089339
0.386596	-0.073337
0.189478	-0.267272
-0.010167	-0.495003
-0.210734	-0.710732
-0.411934	-0.915406
-0.613449	-1.110920
-0.813701	-1.261266
-1.008583	-1.365814
-1.208203	-1.447305
-1.411613	-1.544588
-1.609338	-1.627342
-1.812433	-1.702515
-2.015843	-1.754947
-2.216411	-1.818750
-2.410977	-1.883816
-2.606807	-1.954567
-2.810533	-2.036690
-3.010785	-2.101440
-3.213563	-2.166821
-3.412552	-2.223991
-3.610593	-2.289057
-3.808634	-2.376549
-4.012991	-2.458671
-4.210401	-2.518999
-4.408125	-2.593225
-4.606798	-2.645025
-4.804523	-2.717040
-5.011408	-2.786528
-5.209448	-2.852858
-5.412227	-2.908132
-5.610268	-2.967513
-5.811783	-3.026262
-6.008245	-3.103962
-6.207865	-3.181031
-6.411907	-3.243570
-6.609632	-3.290948
-6.810515	-3.340221
-7.013610	-3.403076
-7.215441	-3.468774
-7.406217	-3.544895
-7.608048	-3.606171
-7.810827	-3.662077
-8.009500	-3.705033
-8.211962	-3.769783
-8.413793	-3.843693
-8.602358	-3.913813
-8.804189	-3.969404
-9.010126	-4.010780
-9.210378	-4.052473
-9.301661	-4.089112
-9.320928	-4.104589
-9.325033	-4.116276
-9.337667	-4.116908
-9.336720	-4.104273
-9.319664	-4.103010
-9.291237	-4.106484
-9.209431	-4.086901
-9.009495	-4.045208
-8.806716	-3.976036
-8.604885	-3.922025
-8.413793	-3.874647
-8.206593	-3.808949
-8.007288	-3.734408
-7.811142	-3.654496
-7.608048	-3.578376
-7.410007	-3.510467
-7.211650	-3.468142
-7.016768	-3.414447
-6.811463	-3.341485
-6.610579	-3.272944
-6.409380	-3.219565
-6.207549	-3.177556
-6.007613	-3.122597
-5.810520	-3.055952
-5.613111	-2.966249
-5.410964	-2.878442
-5.209133	-2.814955
-5.005722	-2.764418
-4.804523	-2.713250
-4.611852	-2.645025
-4.414443	-2.589435
-4.212612	-2.519315
-4.009833	-2.457092
-3.804843	-2.405607
-3.606802	-2.335172
-3.412236	-2.272001
-3.212300	-2.183878
-3.008258	-2.114074
-2.807374	-2.037953
-2.605859	-1.979520
-2.409714	-1.905294
-2.211989	-1.827910
-2.013948	-1.750841
-1.811169	-1.685775
-1.607759	-1.622920
-1.407823	-1.552168
-1.207571	-1.475100
-1.009215	-1.382870
-0.812753	-1.262846
-0.615976	-1.113447
-0.410986	-0.924250
-0.207892	-0.721787
-0.008271	-0.489634
0.188846	-0.258428
0.386912	-0.068600
0.584347	0.087760
0.789995	0.208432
0.989324	0.293723
1.190550	0.347110
1.387352	0.370170
1.587630	0.405234
1.785380	0.409657
1.987869	0.437456
2.195728	0.456409
2.387161	0.471256
2.592176	0.498423
2.789927	0.511691
2.987045	0.511059
3.187955	0.519904
3.384757	0.552126
3.592616	0.555284
3.786576	0.570132
3.990012	0.589085
4.185867	0.566025
4.387724	0.580240
4.582000	0.597930
4.791122	0.606144
4.994875	0.620359
5.193889	0.637417
5.382478	0.623518
5.588442	0.629204
5.785245	0.653528
5.992156	0.664900
6.190854	0.698069
6.392079	0.685117
6.591725	0.654476
6.789475	0.661741
6.985014	0.673429
7.187819	0.707546
7.391256	0.729027
7.590901	0.708178
7.788652	0.678168
7.986402	0.679747
8.189838	0.691751
8.386326	0.740399
8.584707	0.760300
8.786880	0.728395
8.989054	0.694910
9.181118	0.694910
9.387713	0.735345
9.584516	0.779570
9.787952	0.788415
9.988230	0.753667
9.788268	0.707862
9.582305	0.700912
9.384238	0.740399
9.183645	0.771041
8.988421	0.771673
8.786880	0.725236
8.589130	0.671534
8.387905	0.662373
8.187943	0.717655
7.983243	0.749244
7.799708	0.736608
7.594376	0.692383
7.392203	0.636470
7.187819	0.649105
6.985331	0.718918
6.787896	0.738504
6.589829	0.721445
6.393975	0.658582
6.189907	0.610882
5.988681	0.620675
5.786824	0.676588
5.589705	0.682274
5.385322	0.658582
5.187887	0.604564
4.992980	0.558443
4.788596	0.584347
4.586107	0.633626
4.388988	0.637417
4.184288	0.612146
3.989697	0.557180
3.788787	0.523063
3.589458	0.543596
3.388548	0.568868
3.187639	0.563182
2.988309	0.532540
2.786136	0.482629
2.588701	0.447880
2.388424	0.457357
2.188778	0.477258
1.989448	0.456725
1.785696	0.428295
1.583523	0.381226
1.390511	0.343635
1.187075	0.345214
0.993431	0.296882
0.786520	0.222963
0.589085	0.089655
0.383437	-0.071442
0.191689	-0.255270
-0.008587	-0.490581
-0.212313	-0.731578
-0.411618	-0.942885
-0.612501	-1.115973
-0.813069	-1.247685
-1.007635	-1.356023
-1.209466	-1.449832
-1.410982	-1.537639
-1.610602	-1.614392
-1.812433	-1.696830
-2.010158	-1.765370
-2.213568	-1.836753
-2.410661	-1.909084
-2.606175	-2.002577
-2.810217	-2.062905
-3.010785	-2.112810
-3.215775	-2.175981
-3.412552	-2.242942
-3.607118	-2.320643
-3.808318	-2.404028
-4.007938	-2.476359
-4.211664	-2.533529
-4.412231	-2.597647
-4.612799	-2.662713
-4.804839	-2.736939
-5.006670	-2.809901
-5.205974	-2.882232
-5.407174	-2.932453
-5.611216	-2.993413
-5.813046	-3.062901
-6.006981	-3.133337
-6.199968	-3.211037
-6.411275	-3.257783
-6.609000	-3.290632
-6.813042	-3.332009
-7.007293	-3.409077
-7.210387	-3.497517
-7.403690	-3.571743
-7.605205	-3.634282
-7.806721	-3.665236
-8.002550	-3.734724
-8.215120	-3.812424
-8.412530	-3.885702
-8.610887	-3.950768
-8.806085	-3.981722
-9.011705	-4.024678
-9.207536	-4.074267
-9.282393	-4.109643
-9.297554	-4.127015
-9.312715	-4.129858
-9.341774	-4.114065
-9.354724	-4.084374
-9.341457	-4.079953
-9.298185	-4.090376
-9.205324	-4.083427
-9.008231	-4.034785
-8.808295	-3.945714
-8.606464	-3.877174
-8.415056	-3.840535
-8.209119	-3.794420
-8.005393	-3.733460
-7.809879	-3.671237
-7.601731	-3.590694
-7.403374	-3.530681
-7.207860	-3.488041
-7.004450	-3.441926
-6.810199	-3.381598
-6.612474	-3.290632
-6.412539	-3.202509
-6.206601	-3.151656
-6.006350	-3.116596
-5.812731	-3.061006
-5.612795	-2.993413
-5.410648	-2.917608
-5.207553	-2.837381
-5.005722	-2.777684
-4.807682	-2.725252
-4.613747	-2.677243
-4.411284	-2.615651
-4.208189	-2.530054
-4.013307	-2.456144
-3.810213	-2.382866
-3.607118	-2.320011
-3.414447	-2.249575
-3.211668	-2.167453
-3.015207	-2.087226
-2.809901	-2.009526
-2.613440	-1.940985
-2.407187	-1.883500
-2.212305	-1.815591
-2.013632	-1.738523
-1.808327	-1.657664
-1.612497	-1.589123
-1.409402	-1.511739
-1.209782	-1.438461
-1.011425	-1.351601
-0.811490	-1.241999
-0.611870	-1.122290
-0.411934	-0.938779
-0.208523	-0.705047
-0.009219	-0.468472
0.192953	-0.252743
0.383122	-0.069231
0.587822	0.102923
0.785256	0.223279
0.989008	0.293091
1.184864	0.318995
1.393986	0.350269
1.582891	0.403023
1.788855	0.448512
1.984710	0.461148
2.190358	0.459252
2.387792	0.437771
2.590597	0.462095
2.791822	0.517061
2.987993	0.549598
3.186375	0.550862
3.390759	0.535699
3.588194	0.505689
3.790683	0.536015
3.988433	0.602037
4.184920	0.616884
4.388988	0.609934
4.588002	0.589717
4.789859	0.559391
4.991716	0.592560
5.189466	0.653212
5.387533	0.679115
5.591917	0.664900
5.787140	0.630468
5.985838	0.607407
6.191170	0.649737
6.390184	0.707230
6.593305	0.719550
6.783789	0.703439
6.988805	0.662057
7.187187	0.638049
7.388097	0.684486
7.589954	0.729659
7.791811	0.744190
7.985770	0.719866
8.184784	0.672797
8.385378	0.667111
8.594185	0.715127
8.792251	0.757457
8.992212	0.767566
9.183013	0.739451
9.388345	0.708178
9.586095	0.705966
9.787320	0.750508
9.991388	0.787152
9.785425	0.777043
9.587358	0.733449
9.385502	0.710705
9.187435	0.702807
8.990949	0.731554
8.785933	0.752403
8.589762	0.729975
8.386957	0.704387
8.186364	0.700912
7.984191	0.683854
7.793074	0.710705
7.590270	0.725552
7.390308	0.709125
7.188767	0.679747
6.986910	0.679431
6.784105	0.658898
6.591725	0.681643
6.392079	0.681643
6.189590	0.665532
5.988997	0.653844
5.791563	0.632363
5.587178	0.620991
5.386269	0.634574
5.191678	0.635206
4.987926	0.619095
4.789859	0.601405
4.588318	0.592560
4.388672	0.571711
4.189974	0.581820
3.987485	0.573922
3.790683	0.557812
3.592616	0.550862
3.388864	0.539490
3.187955	0.517377
2.983255	0.521800
2.789295	0.501266
2.585227	0.482313
2.390003	0.478838
2.189094	0.448196
1.987553	0.426715
1.785696	0.420713
1.584471	0.404287
1.388616	0.381226
1.188970	0.352796
0.983638	0.289933
0.790942	0.203377
0.587822	0.081126
0.386912	-0.071126
0.191057	-0.263482
-0.013325	-0.490897
-0.209787	-0.706942
-0.413829	-0.917617
-0.613449	-1.111867
-0.815280	-1.262530
-1.006688	-1.361076
-1.211993	-1.444462
-1.410350	-1.533217
-1.610602	-1.615655
-1.807063	-1.695882
-2.013316	-1.763159
-2.214200	-1.824119
-2.409398	-1.895818
-2.610281	-1.977309
-2.807690	-2.060063
-3.011417	-2.124181
-3.211668	-2.184194
-3.412552	-2.247049
-3.609013	-2.308956
-3.813687	-2.388236
-4.007938	-2.461198
-4.208505	-2.530370
-4.414127	-2.576801
-4.612167	-2.639340
-4.807682	-2.714197
-5.008249	-2.797267
-5.213554	-2.872756
-5.411911	-2.917924
-5.615322	-2.968776
-5.811152	-3.020892
-6.011719	-3.095118
-6.208497	-3.171871
-6.410959	-3.241990
-6.608368	-3.292527
-6.813042	-3.337379
-7.012031	-3.393601
-7.213230	-3.463720
-7.406533	-3.536367
-7.608364	-3.597011
-7.810195	-3.640599
-8.009500	-3.702822
-8.211015	-3.768520
-8.412846	-3.842746
-8.608044	-3.917603
-8.808611	-3.980143
-9.008862	-4.030047
-9.207851	-4.076162
-9.292185	-4.101747
-9.308925	-4.114065
-9.311135	-4.128910
-9.321559	-4.131752
-9.321559	-4.120066
-9.311452	-4.112802
-9.284920	-4.109011
-9.206272	-4.090376
-9.009495	-4.036681
-8.807347	-3.961191
-8.607728	-3.884754
-8.410318	-3.831059
-8.212910	-3.776416
-8.010762	-3.725880
-7.814301	-3.668710
-7.606784	-3.603012
-7.405585	-3.544579
-7.213861	-3.490884
-7.010451	-3.433398
-6.811147	-3.366753
-6.608684	-3.295686
-6.411275	-3.228724
-6.209444	-3.167449
-6.006033	-3.117860
-5.813363	-3.051846
-5.611531	-2.983621
-5.410016	-2.906237
-5.205658	-2.850962
-5.007933	-2.791898
-4.801680	-2.742624
-4.612484	-2.667135
-4.406862	-2.591646
-4.212927	-2.513314
-4.010149	-2.436245
-3.811160	-2.381287
-3.605223	-2.339910
-3.416342	-2.258419
-3.210405	-2.178824
-3.010469	-2.103335
-2.809586	-2.046165
-2.604912	-1.981731
-2.411293	-1.910032
-2.213884	-1.823488
-2.010789	-1.749262
-1.811169	-1.673141
-1.609654	-1.602074
-1.413193	-1.531638
-1.207887	-1.455201
-1.012689	-1.362656
-0.812753	-1.244210
-0.613449	-1.101760
-0.410038	-0.921723
-0.209155	-0.724945
-0.007008	-0.486791
0.192637	-0.263166
0.387860	-0.072706
0.590981	0.079862
0.789047	0.205589
0.989956	0.296566
1.188654	0.346478
1.392091	0.375224
1.586682	0.399548
1.785696	0.418502
1.989133	0.432085
2.186567	0.465254
2.390635	0.473783
2.591861	0.487999
2.793718	0.504741
2.987677	0.504109
3.187955	0.531276
3.392655	0.538858
3.589142	0.550546
3.790367	0.572975
3.990960	0.580240
4.186183	0.567288
4.387724	0.587822
4.586422	0.606144
4.793650	0.595087
4.991716	0.631415
5.188835	0.639944
5.384690	0.616252
5.590337	0.631099
5.787772	0.644367
5.990577	0.660162
6.189590	0.689540
6.390500	0.678484
6.592673	0.655423
6.785685	0.669323
6.987857	0.675641
7.186872	0.700912
7.390624	0.726184
7.586795	0.705019
7.793390	0.676272
7.986086	0.681327
8.188891	0.714180
8.386957	0.739135
8.591341	0.767250
8.779614	0.738504
8.991581	0.704703
9.186488	0.710073
9.384870	0.738504
9.587358	0.775147
9.782582	0.790626
9.988862	0.748296
9.786689	0.698385
9.585779	0.707862
9.386450	0.729975
9.183013	0.772936
8.990001	0.760616
8.790987	0.712916
8.589446	0.665848
8.388221	0.681011
8.182889	0.723025
7.985770	0.751139
7.797181	0.733765
7.593429	0.687329
7.395994	0.639944
7.190346	0.652264
6.985331	0.720182
6.787896	0.739767
6.592673	0.710073
6.393027	0.650369
6.190222	0.604248
5.989945	0.630468
5.786824	0.675956
5.590337	0.682274
5.386269	0.656687
5.189150	0.595719
4.989189	0.561918
4.792702	0.586242
4.588002	0.621307
4.388988	0.626677
4.184920	0.605828
3.992224	0.552757
3.789419	0.513902
3.589458	0.544544
3.386337	0.564130
3.184796	0.560655
2.987361	0.533804
2.786768	0.481681
2.590913	0.446301
2.388108	0.465886
2.190674	0.480733
1.987869	0.462411
1.786960	0.432717
1.582260	0.376172
1.393986	0.349637
1.198447	0.337949
0.989640	0.300989
0.789363	0.214749
0.586874	0.090287
0.387860	-0.079339
0.192321	-0.258112
-0.009219	-0.497846
-0.209787	-0.732526
-0.410038	-0.955203
-0.612185	-1.120395
-0.809594	-1.253370
-1.007635	-1.367710
-1.208519	-1.461834
-1.407823	-1.551537
-1.610917	-1.625763
