# Configuration automatically generated by WRITE_CONFIG()
connection eth
ip 192.168.0.10
samplehz 1000.000000
settleus 10.000000
nsample 128

# Analog Inputs
aichannel 0
ainegative 199
airange 10.000000
airesolution 0

aichannel 1
ainegative 199
airange 10.000000
airesolution 0

# Analog Outputs
aochannel 0
aosignal triangle
aofrequency 5.000000
aoamplitude 2.000000
aooffset 2.500000
aoduty 0.500000

# Meta Parameters
int:periods 10
flt:tip_T_C 380.017465
flt:plate_T_C 455.823477
flt:plate_Q_kW 1.065916
flt:cool_Thigh_C 50.984629
flt:cool_Tlow_C 10.512066
flt:air_psig 20.000000
flt:water_gph 5.600000
flt:standoff_in 0.233000
flt:oxygen_scfh 12.871094
flt:fuel_scfh 7.112937
flt:flow_scfh 19.984031
flt:ratio_fto 0.552629

## End Configuration ##
#: Thu Apr  6 11:37:02 2017
-6.407801	-3.364542
-9.200586	-4.258726
-9.205324	-4.242933
-9.218906	-4.217033
-9.212905	-4.198398
-9.175002	-4.188607
-9.009810	-4.173130
-8.802609	-4.121961
-8.603937	-4.047420
-8.414109	-3.947294
-8.209119	-3.877490
-8.013289	-3.836745
-7.810827	-3.815582
-7.614365	-3.773574
-7.407165	-3.698400
-7.209440	-3.624806
-7.013294	-3.538262
-6.811463	-3.483935
-6.610895	-3.449191
-6.407801	-3.394548
-6.212918	-3.293791
-6.007613	-3.204404
-5.811467	-3.138390
-5.609636	-3.094171
-5.413175	-3.049003
-5.210712	-2.986464
-5.010776	-2.901183
-4.803891	-2.815903
-4.613431	-2.739782
-4.411916	-2.683875
-4.207558	-2.625126
-4.003831	-2.564167
-3.800105	-2.485203
-3.608066	-2.398975
-3.410341	-2.348754
-3.213879	-2.283688
-3.005731	-2.236941
-2.805795	-2.159873
-2.610913	-2.071433
-2.402133	-1.982678
-2.212620	-1.903399
-2.016475	-1.844334
-1.809906	-1.783374
-1.611549	-1.711043
-1.408455	-1.616603
-1.206939	-1.539534
-1.011425	-1.450463
-0.814964	-1.367394
-0.616607	-1.227154
-0.412881	-1.036062
-0.210418	-0.829177
-0.008903	-0.595445
0.190741	-0.350658
0.387228	-0.130823
0.584663	0.044482
0.788099	0.189794
0.987745	0.293091
1.187075	0.376488
1.393038	0.412184
1.585103	0.429242
1.788223	0.418502
1.988185	0.430190
2.189410	0.469993
2.390003	0.510743
2.591861	0.532856
2.795613	0.528749
2.989573	0.500635
3.181953	0.526222
3.388232	0.567288
3.589142	0.603616
3.789735	0.615620
3.994751	0.607091
4.187447	0.568552
4.386777	0.580556
4.593688	0.633626
4.795229	0.665848
4.996770	0.681011
5.193573	0.665216
5.383110	0.629204
5.587494	0.644999
5.785245	0.696174
5.987733	0.724920
6.192433	0.719550
6.392711	0.686697
6.594884	0.628888
6.786001	0.657950
6.986910	0.736292
7.184660	0.763143
7.385254	0.759984
7.589006	0.717970
7.793074	0.676904
7.985138	0.705335
8.186364	0.772620
8.388536	0.795997
8.588814	0.782097
8.788460	0.736608
8.990949	0.701228
9.182697	0.736608
9.387713	0.793154
9.587358	0.815898
9.786057	0.794101
9.989178	0.760616
9.784793	0.708178
9.587043	0.747033
9.386133	0.802314
9.187752	0.801999
8.989685	0.768830
8.790987	0.721445
8.591341	0.683538
8.388221	0.725868
8.187943	0.777991
7.986402	0.778306
7.793390	0.737556
7.589954	0.711968
7.390940	0.681958
7.185292	0.709757
6.985962	0.741347
6.786001	0.738188
6.592357	0.694594
6.391131	0.660478
6.191170	0.645630
5.989945	0.675325
5.792511	0.701860
5.594760	0.689540
5.390060	0.653212
5.191678	0.630468
4.992664	0.610566
4.793650	0.631099
4.589581	0.645630
4.388988	0.624781
4.186815	0.591928
3.992856	0.572343
3.797001	0.554653
3.586614	0.584347
3.388232	0.590981
3.191430	0.540753
2.987361	0.527170
2.790874	0.511691
2.590281	0.485788
2.393794	0.483892
2.188147	0.482629
1.989133	0.457673
1.788223	0.430822
1.585419	0.418818
1.391459	0.384385
1.190234	0.359745
0.987745	0.308570
0.788099	0.206852
0.584979	0.059013
0.385965	-0.137772
0.193269	-0.359502
-0.009851	-0.598919
-0.208523	-0.829493
-0.412565	-1.043643
-0.608079	-1.221153
-0.808963	-1.368973
-1.008583	-1.473521
-1.205992	-1.562908
-1.407823	-1.632080
-1.607759	-1.705674
-1.814960	-1.780847
-2.011105	-1.867391
-2.216727	-1.940985
-2.410661	-2.006999
-2.608386	-2.064801
-2.809901	-2.121338
-3.002257	-2.201250
-3.205351	-2.296322
-3.406867	-2.362020
-3.605223	-2.428033
-3.805159	-2.480781
-4.010465	-2.537951
-4.211032	-2.615335
-4.415706	-2.711987
-4.612167	-2.778000
-4.808313	-2.823167
-5.008249	-2.875599
-5.208185	-2.932769
-5.410648	-3.009837
-5.611531	-3.086274
-5.817469	-3.136495
-6.007929	-3.175345
-6.212603	-3.228724
-6.406221	-3.320954
-6.607737	-3.414763
-6.810831	-3.504150
-7.013926	-3.550580
-7.210387	-3.588167
-7.403059	-3.638072
-7.614049	-3.693662
-7.806721	-3.770731
-8.013921	-3.854432
-8.211330	-3.909075
-8.413793	-3.942872
-8.606464	-3.989934
-8.809243	-4.061001
-9.010442	-4.148809
-9.150050	-4.219244
-9.180372	-4.232510
-9.208483	-4.226825
-9.229961	-4.219560
-9.238173	-4.220192
-9.223644	-4.224298
-9.202798	-4.232510
-9.188269	-4.226193
-9.172476	-4.201241
-9.011390	-4.142807
-8.803242	-4.087533
-8.608359	-4.029100
-8.412530	-3.992461
-8.211962	-3.920130
-8.008867	-3.837060
-7.812722	-3.765677
-7.609627	-3.703138
-7.407480	-3.649443
-7.211650	-3.603012
-7.016137	-3.539841
-6.810831	-3.471933
-6.610263	-3.405603
-6.410959	-3.346538
-6.206601	-3.290000
-6.011087	-3.220196
-5.816205	-3.158605
-5.604582	-3.098908
-5.399277	-3.024683
-5.208501	-2.934032
-5.008881	-2.862017
-4.808313	-2.807374
-4.616273	-2.753679
-4.411916	-2.683244
-4.214191	-2.616914
-4.008885	-2.550901
-3.814635	-2.491204
-3.609013	-2.428349
-3.413184	-2.371811
-3.213563	-2.285583
-3.010785	-2.206619
-2.814323	-2.135868
-2.608386	-2.076487
-2.404028	-2.019317
-2.209462	-1.961200
-2.016159	-1.877499
-1.809274	-1.792850
-1.611233	-1.710412
-1.408455	-1.630500
-1.209782	-1.556590
-1.006688	-1.467520
-0.814016	-1.370552
-0.611870	-1.233787
-0.413197	-1.048380
-0.209471	-0.820649
-0.009535	-0.578705
0.193900	-0.351289
0.384069	-0.134929
0.590033	0.059961
0.787467	0.197375
0.989008	0.288353
1.191813	0.340476
1.389879	0.388492
1.587314	0.435876
1.787276	0.454830
1.990080	0.457673
2.186567	0.473152
2.393162	0.475679
2.591545	0.493369
2.791822	0.536331
2.989573	0.541069
3.187955	0.541069
3.389180	0.550230
3.588510	0.550230
3.786892	0.572343
3.995067	0.607407
4.184288	0.600773
4.385197	0.616252
4.588318	0.627624
4.789543	0.608355
4.989505	0.638681
5.192941	0.663952
5.387848	0.658898
5.586231	0.675325
5.792511	0.674061
5.989629	0.664268
6.188643	0.687329
6.388920	0.709757
6.591409	0.711653
6.787896	0.716707
6.984383	0.720814
7.188767	0.696805
7.392835	0.714496
7.591218	0.720182
7.791811	0.732502
7.988297	0.757457
8.188259	0.751139
8.386009	0.726500
8.589762	0.746401
8.787828	0.762828
8.990633	0.778622
9.185856	0.793785
9.383290	0.765355
9.585148	0.740715
9.785741	0.750192
9.990757	0.770093
9.784477	0.785888
9.585464	0.801051
9.384238	0.765671
9.188383	0.725236
8.986526	0.737240
8.794462	0.754930
8.594501	0.778938
8.391696	0.778938
8.191102	0.726184
7.991457	0.685433
7.797497	0.700280
7.590586	0.729975
7.392203	0.750192
7.190978	0.751455
6.994807	0.703755
6.786633	0.662689
6.592357	0.686697
6.390816	0.701860
6.189590	0.721761
5.988997	0.707546
5.794090	0.654160
5.586546	0.617200
5.383742	0.627624
5.190730	0.665848
4.987926	0.684170
4.790175	0.664268
4.588950	0.615936
4.387409	0.570447
4.188395	0.586242
3.987801	0.615305
3.788787	0.613093
3.583140	0.583083
3.389496	0.540437
3.189218	0.489578
2.984202	0.516113
2.793086	0.535699
2.592176	0.528117
2.390003	0.511691
2.182460	0.461780
1.990080	0.419450
1.786328	0.431769
1.585103	0.436508
1.392722	0.418186
1.185495	0.365431
0.990588	0.287089
0.788415	0.180633
0.585610	0.058697
0.384701	-0.130191
0.192637	-0.360449
-0.009535	-0.595129
-0.208839	-0.813069
-0.410986	-1.025955
-0.614080	-1.235051
-0.812753	-1.377185
-1.006056	-1.469099
-1.213888	-1.547431
-1.408771	-1.625763
-1.610602	-1.706937
-1.810853	-1.770740
-2.015843	-1.839596
-2.215779	-1.905926
-2.410029	-1.976361
-2.609018	-2.041743
-2.809901	-2.133973
-3.007626	-2.223991
-3.210089	-2.292532
-3.414131	-2.359493
-3.607750	-2.433403
-3.805475	-2.504786
-4.013307	-2.572379
-4.209769	-2.639340
-4.409705	-2.681980
-4.610904	-2.742940
-4.803576	-2.823483
-5.005722	-2.911922
-5.208817	-2.987096
-5.410648	-3.042370
-5.609952	-3.089433
-5.816837	-3.135231
-6.009824	-3.197771
-6.209128	-3.289685
-6.406853	-3.363910
-6.615317	-3.416974
-6.811779	-3.466247
-7.014873	-3.514257
-7.214493	-3.590062
-7.397057	-3.685134
-7.611207	-3.743567
-7.812090	-3.801053
-8.000340	-3.839587
-8.215436	-3.896125
-8.414425	-3.965613
-8.606464	-4.051210
-8.809875	-4.125436
-9.008231	-4.172182
-9.162684	-4.205031
-9.195848	-4.213875
-9.199639	-4.232826
-9.192059	-4.253988
-9.195217	-4.265675
-9.197428	-4.255884
-9.197428	-4.237880
-9.199324	-4.216402
-9.162052	-4.203452
-9.011705	-4.175341
-8.807347	-4.103010
-8.607728	-4.023415
-8.414109	-3.934975
-8.211330	-3.885702
-8.011079	-3.845588
-7.809563	-3.820004
-7.608364	-3.748621
-7.405901	-3.669657
-7.213546	-3.575533
-7.016137	-3.505097
-6.810199	-3.467826
-6.609632	-3.430871
-6.411275	-3.356646
-6.207549	-3.273260
-6.009824	-3.189874
-5.813678	-3.139653
-5.612795	-3.087853
-5.412543	-3.030368
-5.209448	-2.948877
-5.007617	-2.861701
-4.806734	-2.796004
-4.613115	-2.752100
-4.412863	-2.693983
-4.209769	-2.648816
-4.009833	-2.565430
-3.808634	-2.481413
-3.607750	-2.413188
-3.411288	-2.361072
-3.213879	-2.302323
-3.010153	-2.237573
-2.809270	-2.160504
-2.607439	-2.070486
-2.410661	-1.986469
-2.213568	-1.924561
-2.013632	-1.853810
-1.810222	-1.763475
-1.610286	-1.685459
-1.410034	-1.587228
-1.210098	-1.516161
-1.008267	-1.446041
-0.812121	-1.364235
-0.613765	-1.199675
-0.409407	-1.011110
-0.209471	-0.826966
-0.008271	-0.596708
0.190110	-0.349079
0.389124	-0.129875
0.586558	0.048589
0.785888	0.195164
0.987113	0.298462
1.187707	0.377751
1.392091	0.413448
1.586050	0.417554
1.786644	0.408077
1.987553	0.429242
2.189094	0.482629
2.389056	0.512007
2.589333	0.530013
2.791822	0.520536
2.985466	0.492737
3.188902	0.518641
3.386969	0.575186
3.591037	0.602985
3.787840	0.610882
3.996962	0.583399
4.183024	0.549282
4.388041	0.585926
4.583580	0.659214
4.789543	0.672797
4.990137	0.667111
5.191362	0.641840
5.387533	0.611514
5.586546	0.643103
5.785245	0.710073
5.991209	0.724920
6.187063	0.715127
6.392711	0.666480
6.588882	0.632995
6.786633	0.687960
6.982487	0.747980
7.189714	0.759037
7.384938	0.736292
7.595008	0.704071
7.789284	0.674061
7.988297	0.733133
8.185732	0.781465
8.389800	0.786520
8.587551	0.750192
8.793514	0.717339
8.993792	0.700596
9.185540	0.767566
9.385186	0.816530
9.587358	0.816846
9.785425	0.783361
9.987598	0.746717
9.785425	0.738504
9.587043	0.769777
9.384870	0.795681
9.184277	0.781150
8.989054	0.743558
8.788144	0.717655
8.589446	0.704387
8.387273	0.753351
8.187943	0.776727
7.985770	0.759984
7.786757	0.730922
7.590901	0.707230
7.384306	0.692067
7.190346	0.721445
6.988173	0.735661
6.786316	0.710705
6.592673	0.679115
6.389236	0.672166
6.188011	0.663637
5.988050	0.681958
5.788404	0.694910
5.587494	0.672797
5.391007	0.654476
5.183465	0.640892
4.988873	0.630468
4.786068	0.640260
4.587054	0.632047
4.391515	0.612462
4.189342	0.595087
3.992540	0.582451
3.790683	0.563498
3.590721	0.572975
3.388864	0.567288
3.188902	0.542649
2.986098	0.530961
2.792454	0.504425
2.583963	0.489262
2.382738	0.492737
2.186567	0.469361
1.993871	0.449144
1.787276	0.455462
1.586050	0.422924
1.393038	0.379963
1.188970	0.368906
0.987745	0.310150
0.786204	0.214118
0.587190	0.065331
0.396073	-0.135561
0.194216	-0.353185
-0.008587	-0.584706
-0.215472	-0.833915
-0.411934	-1.057856
-0.609659	-1.248948
-0.810542	-1.362656
-1.004477	-1.468151
-1.209150	-1.542693
-1.409402	-1.601126
-1.609022	-1.693987
-1.812117	-1.771372
-2.011421	-1.858547
-2.217042	-1.929299
-2.406871	-1.988364
-2.615967	-2.049008
-2.808006	-2.119443
-3.013628	-2.209146
-3.211668	-2.282740
-3.410657	-2.354439
-3.604591	-2.400870
-3.808002	-2.468147
-4.005727	-2.557218
-4.211032	-2.642183
-4.414758	-2.708196
-4.612167	-2.772630
-4.808629	-2.812112
-5.012355	-2.868966
-5.203447	-2.937191
-5.406857	-3.019945
-5.607741	-3.084695
-5.810520	-3.151340
-6.012035	-3.182926
-6.206285	-3.253361
-6.408432	-3.339589
-6.604894	-3.419501
-6.804514	-3.499096
-7.018348	-3.549633
-7.215125	-3.579955
-7.408112	-3.633650
-7.605837	-3.703454
-7.807984	-3.788419
-8.014553	-3.865803
-8.211962	-3.928658
-8.411582	-3.977931
-8.608044	-4.034785
-8.809875	-4.097956
-9.013285	-4.178499
-9.141838	-4.233142
-9.175634	-4.232510
-9.219853	-4.213243
-9.238173	-4.207874
-9.250808	-4.205978
-9.239120	-4.205663
-9.221117	-4.212296
-9.203745	-4.205031
-9.173739	-4.183869
-9.010126	-4.130805
-8.811769	-4.068898
-8.606780	-4.021835
-8.413477	-3.982353
-8.210382	-3.918551
-8.011395	-3.839587
-7.808616	-3.774837
-7.608364	-3.707560
-7.404006	-3.667447
-7.215441	-3.615962
-7.011714	-3.551528
-6.811147	-3.487725
-6.609632	-3.418869
-6.410959	-3.355066
-6.207233	-3.295686
-6.007929	-3.243570
-5.811783	-3.174397
-5.611531	-3.098593
-5.410964	-2.997519
-5.208501	-2.919819
-5.015198	-2.867387
-4.806418	-2.820956
-4.612799	-2.782106
-4.407494	-2.709460
-4.206295	-2.625126
-4.009833	-2.558797
-3.805791	-2.496258
-3.607118	-2.437193
-3.411604	-2.364862
-3.214511	-2.282740
-3.008890	-2.196828
-2.813060	-2.119443
-2.610281	-2.066064
-2.402765	-2.019633
-2.209146	-1.945092
-2.016159	-1.858547
-1.811169	-1.773898
-1.610286	-1.693040
-1.411297	-1.620393
-1.211046	-1.554064
-1.008899	-1.466572
-0.812437	-1.364867
-0.614712	-1.225575
-0.409723	-1.045538
-0.212313	-0.831704
-0.007640	-0.585338
0.193585	-0.357607
0.389755	-0.143141
0.584347	0.051748
0.795049	0.199902
0.989956	0.300041
1.184548	0.352796
1.393354	0.392914
1.581944	0.437771
1.786960	0.444721
1.987869	0.461780
2.188462	0.482629
2.385897	0.473783
2.589333	0.506637
2.789611	0.524011
2.987677	0.530013
3.187955	0.548335
3.387285	0.554021
3.589142	0.543912
3.788156	0.574554
3.992540	0.598246
4.183024	0.602669
4.386145	0.631731
4.579473	0.627309
4.788280	0.619095
4.990137	0.631415
5.190098	0.657634
5.386901	0.671534
5.584335	0.692067
5.786192	0.682590
5.983311	0.662057
6.187063	0.687013
6.390500	0.696174
6.591409	0.713864
6.788212	0.725552
6.984699	0.711021
7.187819	0.683538
7.386517	0.705335
7.590270	0.725868
7.792127	0.747349
7.991457	0.766934
8.192050	0.731238
8.389169	0.706282
8.593237	0.735345
8.790671	0.763775
8.991264	0.803894
9.189331	0.794101
9.389608	0.749244
9.587991	0.711021
9.793007	0.738504
9.992021	0.791258
9.787952	0.813055
9.590518	0.808948
9.383923	0.766302
9.180801	0.705651
8.986526	0.730922
8.788775	0.781465
8.583128	0.794733
8.387273	0.771989
8.186048	0.727131
7.982927	0.680379
7.791495	0.699964
7.591218	0.743242
7.389360	0.762828
7.188135	0.744506
6.989437	0.686381
6.786316	0.648789
6.590777	0.685117
6.387973	0.720814
6.186748	0.725868
5.990892	0.692383
5.791563	0.632363
5.591601	0.601721
5.387533	0.638681
5.197364	0.677220
4.986662	0.667111
4.792070	0.651948
4.589898	0.597299
4.389620	0.564761
4.190922	0.601721
3.993171	0.619727
3.798264	0.611198
3.589142	0.586558
3.390444	0.535067
3.190482	0.497792
2.992100	0.530013
2.794349	0.549914
2.601653	0.519588
2.397585	0.490210
2.194149	0.437771
1.988185	0.418818
1.793594	0.441878
1.589841	0.436824
1.392722	0.410604
1.191813	0.351216
0.992799	0.272874
0.791574	0.181580
0.585610	0.062804
0.391335	-0.130823
0.190110	-0.351605
-0.007956	-0.586601
-0.210418	-0.816859
-0.411302	-1.039221
-0.611554	-1.238841
-0.814332	-1.368341
-1.005108	-1.458676
-1.211361	-1.536376
-1.408771	-1.622920
-1.612813	-1.706621
-1.811169	-1.774846
-2.014580	-1.843386
-2.211041	-1.906873
-2.406871	-1.981731
-2.608386	-2.072381
-2.815271	-2.156714
-3.013943	-2.233151
-3.212300	-2.299165
-3.413815	-2.353492
-3.611856	-2.420768
-3.808634	-2.504786
-4.012044	-2.577748
-4.211348	-2.639656
-4.405283	-2.696194
-4.614694	-2.747046
-4.806418	-2.819693
-5.006354	-2.919187
-5.208817	-2.994676
-5.409700	-3.045529
-5.612163	-3.089749
-5.812099	-3.149761
-6.007929	-3.220828
-6.212603	-3.308636
-6.409064	-3.379071
-6.610895	-3.428660
-6.809884	-3.471617
-7.012978	-3.535104
-7.210387	-3.616594
-7.410955	-3.709455
-7.608680	-3.767572
-7.806721	-3.805791
-8.013289	-3.846536
-8.210382	-3.896757
-8.413161	-3.983617
-8.606780	-4.054368
-8.813664	-4.103958
-9.007283	-4.137754
-9.177845	-4.175025
-9.217643	-4.189238
-9.217011	-4.213243
-9.199955	-4.245776
-9.210378	-4.247987
-9.222381	-4.227457
-9.236594	-4.195871
-9.219222	-4.187027
-9.161736	-4.198398
-9.011390	-4.173761
-8.808295	-4.100483
-8.607096	-4.006042
-8.413161	-3.934975
-8.211962	-3.882544
-8.008552	-3.864856
-7.812722	-3.809581
-7.608364	-3.747358
-7.407796	-3.668394
-7.214493	-3.591326
-7.011399	-3.533524
-6.815569	-3.494358
-6.605210	-3.452665
-6.404642	-3.373070
-6.201548	-3.277366
-6.004138	-3.190190
-5.803571	-3.139969
-5.612795	-3.091644
-5.412859	-3.033526
-5.212291	-2.935296
-5.007617	-2.847488
-4.808945	-2.777368
-4.610588	-2.732201
-4.411916	-2.681033
-4.210084	-2.616282
-4.012360	-2.540478
-3.805475	-2.458039
-3.606487	-2.399291
-3.413499	-2.350017
-3.209773	-2.287794
-3.014259	-2.225570
-2.806743	-2.148502
-2.612176	-2.067327
-2.409082	-1.992154
-2.217358	-1.926772
-2.016475	-1.855073
-1.814960	-1.783374
-1.609654	-1.697462
-1.414456	-1.619130
-1.211361	-1.536060
-1.010162	-1.463098
-0.813069	-1.362024
-0.612501	-1.208519
-0.408775	-1.032904
-0.208839	-0.843391
-0.008903	-0.600815
0.190110	-0.356975
0.387544	-0.130823
0.584031	0.046377
0.788099	0.195796
0.995010	0.309834
1.190234	0.377120
1.392722	0.411868
1.587314	0.404918
1.787591	0.403023
1.991344	0.440299
2.188147	0.498423
2.389056	0.523063
2.587122	0.529381
2.794349	0.502846
2.988941	0.492737
3.187007	0.540753
3.386337	0.580556
3.588826	0.595719
3.787524	0.586242
3.991908	0.565393
4.188395	0.559391
4.387409	0.606775
4.590213	0.651001
4.789227	0.668059
4.991084	0.654160
5.192309	0.630783
5.386901	0.618148
5.586546	0.663321
5.788720	0.705651
5.988365	0.716391
6.183904	0.690488
6.393975	0.654791
6.591409	0.660162
6.787264	0.714180
6.987542	0.751771
7.186872	0.755246
7.383674	0.725236
7.585531	0.690488
7.793390	0.692699
7.984507	0.741979
8.186048	0.783993
8.388536	0.761564
8.587867	0.737872
8.789723	0.724604
8.986210	0.718918
9.186488	0.774200
9.386450	0.798524
9.584516	0.786520
9.786373	0.765671
9.987598	0.745453
9.789532	0.741347
9.586095	0.774200
9.382975	0.793469
9.186488	0.766302
8.991581	0.755562
8.784038	0.733765
8.587551	0.737556
8.385694	0.767566
8.186048	0.776411
7.984507	0.753351
7.791179	0.734397
7.589322	0.709441
7.391256	0.706282
7.187503	0.728711
6.988805	0.715759
6.785685	0.701860
6.593305	0.698069
6.391448	0.667111
6.190222	0.667111
5.988681	0.692699
5.788720	0.683222
5.586863	0.669323
5.384374	0.664900
5.190098	0.637417
4.989505	0.624781
4.786068	0.637101
4.587370	0.620675
4.387724	0.611514
4.186499	0.607723
3.992540	0.574238
3.789103	0.571079
3.588826	0.572659
3.385389	0.564130
3.187639	0.548651
2.992732	0.534751
2.791822	0.506321
2.586490	0.481049
2.390003	0.488631
2.191621	0.484208
1.992292	0.472520
1.785064	0.457357
1.582891	0.424188
1.391459	0.385017
1.190866	0.353427
0.987745	0.307623
0.788731	0.214118
0.586874	0.063436
0.380910	-0.133350
0.193900	-0.351289
-0.008271	-0.595445
-0.210734	-0.836442
-0.409723	-1.062278
-0.613449	-1.239157
-0.812121	-1.365183
-1.010478	-1.457728
-1.204728	-1.537007
-1.413508	-1.620077
-1.610917	-1.692408
-1.814328	-1.778320
-2.010789	-1.859495
-2.212936	-1.930562
-2.409398	-1.985521
-2.610913	-2.050271
-2.811165	-2.122602
-3.014259	-2.199039
-3.211353	-2.279582
-3.414131	-2.346227
-3.607118	-2.399291
-3.808634	-2.465304
-4.010780	-2.538266
-4.207874	-2.639024
-4.411600	-2.699036
-4.608377	-2.754943
-4.807997	-2.796951
-5.008249	-2.859491
-5.205974	-2.935611
-5.405910	-3.011417
-5.607741	-3.085011
-5.807677	-3.163027
-6.006350	-3.234410
-6.205338	-3.288105
-6.410327	-3.352224
-6.611527	-3.425186
-6.808304	-3.485830
-7.012662	-3.531945
-7.213546	-3.567005
-7.404638	-3.639019
-7.607732	-3.690188
-7.810827	-3.755254
-8.010131	-3.823795
-8.211962	-3.883175
-8.404634	-3.950136
-8.606464	-4.000673
-8.804189	-4.069530
-9.006021	-4.161127
-9.154156	-4.217981
-9.193322	-4.222719
-9.226171	-4.211032
-9.247649	-4.199346
-9.261230	-4.193028
-9.242596	-4.201557
-9.209746	-4.223035
-9.187321	-4.228404
-9.164579	-4.210084
-9.013600	-4.150072
-8.808295	-4.079005
-8.608359	-4.029732
-8.413793	-3.972562
-8.210382	-3.905917
-8.013289	-3.837060
-7.812406	-3.762519
-7.609312	-3.711350
-7.407480	-3.656708
-7.215441	-3.617542
-7.012662	-3.562583
-6.810515	-3.494358
-6.610263	-3.420132
-6.412222	-3.355066
-6.208180	-3.298528
-6.006033	-3.245465
-5.814310	-3.188295
-5.609004	-3.111227
-5.410648	-3.008890
-5.211028	-2.937823
-5.008565	-2.886338
-4.805470	-2.838328
-4.616905	-2.784317
-4.412231	-2.702511
-4.206926	-2.636497
-4.012360	-2.559429
-3.808949	-2.505418
-3.608066	-2.435298
-3.406235	-2.367389
-3.212932	-2.281477
-3.003836	-2.203777
-2.804848	-2.131762
-2.607754	-2.068907
-2.404976	-2.013000
-2.213568	-1.939722
-2.013948	-1.854441
-1.811801	-1.765686
-1.607759	-1.700936
-1.409718	-1.633659
-1.208203	-1.556275
-1.011741	-1.468467
-0.813701	-1.358234
-0.616291	-1.226522
-0.409091	-1.051539
-0.210418	-0.837705
-0.011746	-0.589444
0.192953	-0.358870
0.384385	-0.136508
0.587506	0.055538
0.789047	0.207168
0.989956	0.295303
1.190234	0.348057
1.388300	0.395126
1.586682	0.416922
1.787276	0.446617
1.986605	0.466834
2.191621	0.477890
2.387476	0.475679
2.591229	0.505373
2.794981	0.512323
2.987677	0.535067
3.186691	0.555916
3.389812	0.546755
3.589773	0.545492
3.790998	0.573606
3.989697	0.589401
4.194396	0.618464
4.380143	0.634890
4.587054	0.616568
4.789859	0.614041
4.988557	0.630783
5.192309	0.658266
5.387217	0.683854
5.584020	0.696805
5.788720	0.662689
5.989945	0.652896
6.190538	0.671534
6.390500	0.697437
6.593620	0.727447
6.782842	0.723341
6.989121	0.691119
7.186240	0.673113
7.391256	0.700596
7.585531	0.743558
7.788652	0.769145
7.987350	0.759037
8.185416	0.722393
8.388221	0.705651
8.584707	0.742294
8.787512	0.792838
8.987790	0.801683
9.183645	0.793469
9.386450	0.725552
9.585148	0.711337
9.787952	0.758089
9.986966	0.807685
9.789847	0.816530
9.583884	0.795365
9.387713	0.723657
9.184909	0.714812
8.988737	0.758405
8.792883	0.793469
8.588498	0.800419
8.387905	0.763459
8.186048	0.696174
7.982296	0.681011
7.789284	0.734081
7.589954	0.771357
7.384622	0.792206
7.186872	0.735977
6.992280	0.660162
6.793266	0.642787
6.596779	0.703755
6.394607	0.717339
6.193381	0.711021
5.990577	0.688276
5.794090	0.613725
5.589390	0.624466
5.385322	0.669007
5.186939	0.691435
4.990452	0.675641
4.785752	0.635522
4.588002	0.588138
4.387409	0.579292
4.186499	0.614989
3.996646	0.619411
3.787840	0.602353
3.589458	0.554969
3.391391	0.501582
3.187323	0.514218
2.989573	0.540753
2.794349	0.546439
2.586490	0.522431
2.390319	0.483260
2.188147	0.441246
1.986921	0.439035
1.794857	0.445985
1.585419	0.435560
1.393038	0.394494
1.194024	0.345530
0.990904	0.277297
0.789995	0.198955
0.587506	0.062172
0.384385	-0.126717
0.192005	-0.345604
-0.011746	-0.584074
-0.209787	-0.811490
-0.411302	-1.052171
-0.605868	-1.242947
-0.816543	-1.369605
-1.005424	-1.460887
-1.211361	-1.553748
-1.409718	-1.633975
-1.611549	-1.712939
-1.811801	-1.775794
-2.012053	-1.842755
-2.211357	-1.908768
-2.408134	-1.993101
-2.608386	-2.082488
-2.810217	-2.154187
-3.011417	-2.226202
-3.209773	-2.287478
-3.413184	-2.352860
-3.606487	-2.423927
-3.809265	-2.516473
-4.005095	-2.580907
-4.206926	-2.629864
-4.413179	-2.680401
-4.616590	-2.753995
-4.806734	-2.821272
-5.010144	-2.907501
-5.208501	-2.979515
-5.414438	-3.026578
-5.611531	-3.061321
-5.816205	-3.131125
-6.008876	-3.203140
-6.209444	-3.286842
-6.410959	-3.353803
-6.608052	-3.404971
-6.810199	-3.452665
-7.015821	-3.534472
-7.212914	-3.625754
-7.402742	-3.738198
-7.602678	-3.782102
-7.805457	-3.805791
-8.014237	-3.841482
-8.207224	-3.918235
-8.413477	-3.988039
-8.607728	-4.055000
-8.812085	-4.104589
-9.013917	-4.138386
-9.177845	-4.179447
-9.194901	-4.210716
-9.195848	-4.241354
-9.187952	-4.262516
-9.204062	-4.256199
-9.217643	-4.230931
-9.223644	-4.210084
-9.201850	-4.203768
-9.161105	-4.205031
-9.008231	-4.170603
-8.810190	-4.080584
-8.607728	-3.986775
-8.409687	-3.922341
-8.202802	-3.892019
-8.002866	-3.875595
-7.806405	-3.820004
-7.610259	-3.743567
-7.407165	-3.650390
-7.211967	-3.589430
-7.012662	-3.534788
-6.809884	-3.483619
-6.607737	-3.411604
-6.403378	-3.337063
-6.201548	-3.271681
-6.011087	-3.205983
-5.812731	-3.161132
-5.609952	-3.097329
-5.412543	-3.028473
-5.210396	-2.943824
-5.007933	-2.868650
-4.806102	-2.802953
-4.614694	-2.746731
-4.413179	-2.697141
-4.211980	-2.626074
-4.005095	-2.553743
-3.810844	-2.473516
-3.607118	-2.408766
-3.414447	-2.354755
-3.211353	-2.289373
-3.015839	-2.219569
-2.808638	-2.133025
-2.609650	-2.061326
-2.404344	-1.988048
-2.205040	-1.922666
-2.014580	-1.844018
-1.809590	-1.766950
-1.611549	-1.685143
-1.406244	-1.610286
-1.207571	-1.537639
-1.005424	-1.449200
-0.812753	-1.352233
-0.608711	-1.204728
-0.404037	-1.047117
-0.211998	-0.846549
-0.006376	-0.600815
0.192005	-0.353816
0.388492	-0.132718
0.592560	0.043218
0.790626	0.209695
0.989324	0.309518
1.195604	0.377435
1.392722	0.398600
1.583207	0.400496
1.788855	0.411552
1.988817	0.464623
2.190358	0.501898
2.387792	0.514534
2.593440	0.499371
2.793402	0.496212
2.993995	0.498423
3.189218	0.545808
3.385705	0.593824
3.589773	0.585926
3.791946	0.573922
3.995383	0.558759
4.187447	0.570447
4.387724	0.627309
4.589266	0.659214
4.787964	0.657634
4.990768	0.632679
5.191046	0.621622
5.386269	0.642156
5.584967	0.684801
5.789351	0.702176
5.986154	0.692699
6.193381	0.671218
6.390500	0.650685
6.591409	0.671850
6.782842	0.723341
6.989121	0.743558
7.189083	0.724288
7.389360	0.707862
7.594060	0.699017
7.791495	0.712600
7.986718	0.758405
8.186048	0.769145
8.386642	0.741347
8.588182	0.732502
8.793514	0.728395
8.989054	0.747033
9.190910	0.783993
9.384870	0.792206
9.587043	0.771989
9.785110	0.768514
9.991388	0.744506
9.787004	0.754614
9.588306	0.774200
9.382659	0.777043
9.189331	0.756194
8.987158	0.754930
8.784669	0.727447
8.588498	0.736924
8.388853	0.764407
8.185416	0.760300
7.986718	0.752087
7.787388	0.742926
7.587742	0.711337
7.387465	0.714180
7.190662	0.722393
6.986278	0.841486
6.787264	0.710705
6.591409	0.704703
6.392395	0.659214
6.191486	0.672166
5.992156	0.687013
5.791879	0.674693
5.588442	0.682906
5.385953	0.672166
5.190098	0.638681
4.989189	0.631415
4.789227	0.635838
4.588634	0.626361
4.387093	0.627940
4.186499	0.608039
3.989065	0.573922
3.788787	0.571079
3.585667	0.559707
3.389496	0.564130
3.187323	0.560971
2.984518	0.533804
2.788031	0.503478
2.590281	0.491474
2.391899	0.470309
2.195412	0.474415
1.989764	0.470625
1.788223	0.442194
1.585419	0.405550
1.390827	0.385333
1.185811	0.361957
0.989324	0.308886
0.787152	0.208432
0.588453	0.056802
0.386912	-0.147247
0.191373	-0.350026
-0.010482	-0.587233
-0.211050	-0.849708
-0.410038	-1.072385
-0.615344	-1.235682
-0.811174	-1.353496
-1.012689	-1.451411
-1.209782	-1.528164
-1.414456	-1.614708
-1.610602	-1.699357
-1.810538	-1.783690
-2.012685	-1.851283
-2.213568	-1.922034
-2.411293	-1.979520
-2.613440	-2.052798
-2.810217	-2.129551
-3.013628	-2.216095
-3.212932	-2.282424
-3.415395	-2.350649
-3.608698	-2.408450
-3.808634	-2.487414
-4.009833	-2.559429
-4.211348	-2.623863
-4.410336	-2.683560
-4.613747	-2.741361
-4.808313	-2.795372
-5.007933	-2.864860
-5.212923	-2.933400
-5.410332	-3.003520
-5.608373	-3.074272
-5.813678	-3.122597
-6.008561	-3.181662
-6.212286	-3.251782
-6.410327	-3.329166
-6.613106	-3.406235
-6.810831	-3.474775
-7.014241	-3.527839
-7.205965	-3.596063
-7.406533	-3.646916
-7.599836	-3.718299
-7.810511	-3.770731
-8.006972	-3.875595
-8.210382	-3.934344
-8.406528	-3.997830
-8.605201	-4.058158
-8.807347	-4.129542
-9.010758	-4.202188
-9.133625	-4.248303
-9.167422	-4.254304
-9.213221	-4.227457
-9.240700	-4.208189
-9.252703	-4.205347
-9.224276	-4.222719
-9.195848	-4.238196
-9.181319	-4.234721
-9.153840	-4.213559
-9.009495	-4.155126
-8.810506	-4.089112
-8.607096	-4.038576
-8.414425	-3.998146
-8.210382	-3.931185
-8.009500	-3.853801
-7.809563	-3.775469
-7.612786	-3.722089
-7.407480	-3.675659
-7.214493	-3.621016
-7.011083	-3.560688
-6.806725	-3.484251
-6.601104	-3.404971
-6.409064	-3.348749
-6.207233	-3.303898
-6.006981	-3.247044
-5.814942	-3.168396
-5.611847	-3.066691
-5.409700	-2.988675
-5.204710	-2.925504
-5.005722	-2.870229
-4.805470	-2.834538
-4.610904	-2.764418
-4.405599	-2.681033
-4.206610	-2.614703
-4.007306	-2.540793
-3.809265	-2.483939
-3.608698	-2.421084
-3.418869	-2.350965
-3.205035	-2.277055
-3.005731	-2.213884
-2.807374	-2.144396
-2.612492	-2.091332
-2.400870	-2.034163
-2.205672	-1.957410
-2.012053	-1.866760
-1.807695	-1.783690
-1.604600	-1.710727
-1.407191	-1.638081
-1.209466	-1.555959
-1.007635	-1.459939
-0.814964	-1.354759
-0.611238	-1.218942
-0.407512	-1.054066
-0.210418	-0.826651
-0.002586	-0.590076
0.192637	-0.345920
0.386596	-0.132402
0.582767	0.064383
0.790626	0.207484
0.989640	0.287405
1.196236	0.348057
1.389879	0.389755
1.593000	0.418186
1.791382	0.452934
1.987237	0.467466
2.191305	0.454514
2.393794	0.471256
2.597862	0.484208
2.795613	0.518641
2.988309	0.546124
3.193325	0.550546
3.392655	0.541385
3.588826	0.545176
3.790998	0.576134
3.992224	0.609934
4.187131	0.629204
4.384565	0.621938
4.587054	0.593824
4.790491	0.596035
4.988241	0.636154
5.192309	0.671534
5.387533	0.687960
5.589074	0.687013
5.786508	0.689224
5.988365	0.654160
6.184220	0.686697
6.392079	0.721761
6.590461	0.734081
6.789159	0.711968
6.984067	0.662689
7.187503	0.660478
7.390624	0.715443
7.594376	0.763143
7.789284	0.775779
7.986718	0.755562
8.183520	0.702176
8.386326	0.721445
8.593237	0.761564
8.789408	0.801999
8.991581	0.801051
9.189015	0.768198
9.389293	0.705335
9.585779	0.712284
9.787952	0.786836
9.989809	0.811160
9.789532	0.811160
9.585464	0.773252
9.382343	0.708178
9.183961	0.715759
8.991264	0.772936
8.788775	0.805473
8.584707	0.785572
8.388536	0.733765
8.187943	0.670586
7.986086	0.703439
7.790547	0.753667
7.587111	0.777675
7.393783	0.751771
7.189714	0.704387
6.985646	0.661425
6.788528	0.687329
6.594884	0.720182
6.393659	0.720814
6.190538	0.697753
5.989313	0.653844
5.791879	0.614673
5.584967	0.636785
5.386585	0.686697
5.191046	0.679747
4.991084	0.669639
4.791754	0.637733
4.585159	0.589401
4.387409	0.604564
4.183656	0.634258
3.994751	0.621622
3.785312	0.589401
3.590721	0.547387
3.385389	0.523063
3.188271	0.533172
2.981043	0.547071
2.789611	0.545808
2.585227	0.519272
2.390319	0.479154
2.192569	0.451987
1.987553	0.451355
1.783169	0.453566
1.585419	0.434928
1.392091	0.448196
1.189918	0.348373
0.990272	0.287405
0.789047	0.201482
0.588769	0.067542
0.385017	-0.130191
0.194216	-0.349079
-0.009219	-0.588812
-0.210418	-0.822229
-0.409407	-1.068595
-0.614712	-1.247053
-0.814332	-1.374027
-1.010162	-1.450779
-1.208519	-1.549010
-1.406875	-1.635554
-1.604600	-1.719256
-1.813380	-1.783374
-2.012369	-1.848756
-2.209146	-1.934353
-2.410661	-2.010473
-2.607123	-2.101440
-2.809270	-2.166506
-3.010153	-2.229992
-3.212300	-2.282108
-3.413184	-2.355071
-3.607750	-2.441615
-3.807686	-2.530054
-4.011412	-2.585645
-4.209137	-2.648500
-4.411284	-2.696826
-4.615958	-2.777052
-4.808313	-2.858859
-5.007301	-2.936559
-5.210712	-2.986780
-5.409700	-3.022471
-5.616269	-3.072376
-5.813046	-3.145339
-6.009508	-3.231251
-6.207233	-3.295054
-6.408432	-3.338010
-6.611843	-3.393601
-6.809252	-3.469406
-7.012662	-3.549633
-7.211967	-3.634282
-7.404953	-3.712614
-7.608995	-3.740725
-7.810511	-3.771047
-8.005709	-3.821899
-8.211330	-3.889808
-8.412530	-3.969719
-8.604569	-4.042997
-8.809875	-4.065739
-9.003493	-4.136175
-9.175002	-4.183869
-9.192059	-4.219244
-9.193322	-4.243249
-9.209431	-4.240407
-9.241648	-4.223035
-9.247649	-4.199661
-9.231856	-4.199030
-9.199007	-4.209769
-9.154788	-4.212927
-9.012653	-4.161443
-8.805137	-4.076478
-8.608044	-3.988355
-8.410003	-3.946346
-8.211962	-3.896441
-8.009500	-3.847800
-7.811142	-3.780838
-7.607732	-3.695873
-7.407165	-3.630176
-7.215125	-3.567952
-7.012031	-3.527523
-6.810199	-3.472880
-6.614686	-3.407182
-6.410644	-3.342432
-6.205654	-3.271365
-5.998769	-3.227461
-5.814310	-3.159236
-5.606793	-3.106489
-5.409700	-3.035422
-5.207237	-2.928347
-5.007301	-2.852226
-4.805155	-2.784001
-4.616273	-2.732517
-4.408441	-2.682296
-4.207558	-2.628601
-4.003200	-2.549006
-3.804843	-2.477622
-3.603960	-2.407503
-3.408762	-2.351912
-3.207246	-2.285899
-3.015207	-2.219253
-2.807690	-2.130182
-2.612176	-2.069222
-2.403397	-1.992154
-2.217358	-1.912243
-2.008262	-1.856021
-1.809590	-1.787796
-1.604285	-1.705358
-1.404664	-1.621025
-1.203781	-1.547747
-1.005740	-1.454885
-0.811174	-1.351601
-0.610606	-1.209782
-0.412565	-1.051539
-0.210102	-0.843391
-0.009535	-0.598919
0.191373	-0.342446
0.382490	-0.132718
0.595719	0.051116
0.795365	0.204957
0.993115	0.318047
1.188970	0.380594
1.387352	0.403023
1.586998	0.400812
1.787276	0.432085
1.987869	0.484208
2.189726	0.510427
2.390319	0.517693
2.591229	0.512007
2.794349	0.493369
2.989257	0.516745
3.186691	0.562866
3.389496	0.585926
3.590721	0.570763
3.794158	0.571711
3.984326	0.575502
4.184920	0.584663
4.382986	0.630152
4.584527	0.658266
4.791754	0.638049
4.989820	0.633626
5.191678	0.631415
5.382478	0.647210
5.586546	0.693331
5.783981	0.691119
5.989945	0.684170
6.188959	0.678168
6.388920	0.705651
6.592357	0.694910
6.784421	0.728079
6.987226	0.731870
7.186872	0.710073
7.385885	0.717655
7.592165	0.709125
7.784229	0.719866
7.987034	0.769777
8.184784	0.752719
8.388536	0.746717
8.587234	0.826954
8.790039	0.735029
8.987158	0.745453
9.184909	0.782097
9.394663	0.771041
9.592413	0.773252
9.787320	0.777675
9.987282	0.745453
9.788900	0.754930
9.590834	0.755878
9.383923	0.759984
9.188067	0.758405
8.990317	0.757773
8.788460	0.723341
8.587867	0.749876
8.388221	0.756194
8.181941	0.760616
7.987666	0.753667
7.787704	0.739451
7.589322	0.703755
7.389676	0.727447
7.185608	0.715127
6.989121	0.710705
6.786948	0.723341
6.588250	0.695858
6.391448	0.669323
6.190854	0.668691
5.993735	0.676588
5.793142	0.686381
5.593496	0.686065
5.390060	0.655739
5.187255	0.619727
4.990137	0.623834
4.790491	0.626993
4.590845	0.638997
4.387093	0.654791
4.188079	0.604248
3.993171	0.579608
3.796369	0.559391
3.592616	0.564445
3.393286	0.567920
3.188902	0.560023
2.983571	0.522115
2.796561	0.474731
2.591861	0.468413
2.390951	0.487683
2.199203	0.478206
1.989133	0.474731
1.791066	0.437771
1.589841	0.391019
1.397461	0.379331
1.192761	0.355955
0.993115	0.312361
0.794417	0.210011
0.586242	0.061856
0.386912	-0.130191
0.190426	-0.337076
-0.008587	-0.592287
-0.211050	-0.848445
-0.411302	-1.057856
-0.610922	-1.221153
-0.812121	-1.343704
-1.007951	-1.463413
-1.205992	-1.536060
-1.409402	-1.624815
-1.609654	-1.695882
-1.809906	-1.778636
-2.014580	-1.849388
-2.212936	-1.920139
-2.413188	-1.989943
-2.609334	-2.060379
-2.809270	-2.139658
-3.013943	-2.204092
-3.209457	-2.281477
-3.414131	-2.352860
-3.607750	-2.432771
-3.810529	-2.502259
-4.008885	-2.570800
-4.203768	-2.663345
-4.414758	-2.718935
-4.606482	-2.771999
-4.806418	-2.827589
-5.006354	-2.883180
-5.212291	-2.946666
-5.409384	-3.026893
-5.614374	-3.094802
-5.811152	-3.159236
-6.005718	-3.226514
-6.199021	-3.285578
-6.410012	-3.353803
-6.615001	-3.434662
-6.805461	-3.504466
-7.013294	-3.549633
-7.207860	-3.601433
-7.403374	-3.652917
-7.609312	-3.699980
-7.812406	-3.778943
-8.008236	-3.859170
-8.211015	-3.931185
-8.412846	-3.981090
-8.610570	-4.035417
-8.811138	-4.099220
-9.004126	-4.189238
-9.142785	-4.234089
-9.185426	-4.233774
-9.213536	-4.218613
-9.242911	-4.205663
-9.250175	-4.208821
-9.220486	-4.227457
-9.197112	-4.238196
-9.182583	-4.233142
-9.154788	-4.212296
-9.007600	-4.157653
-8.808295	-4.104273
-8.606464	-4.065739
-8.411266	-4.010465
-8.212910	-3.935923
-8.009815	-3.844641
-7.811774	-3.760939
-7.607100	-3.700611
-7.408428	-3.676606
-7.213861	-3.625754
-7.010135	-3.554055
-6.812095	-3.478250
-6.610263	-3.396127
-6.413486	-3.338642
-6.210392	-3.297897
-6.000980	-3.241359
-5.812099	-3.162079
-5.610268	-3.066691
-5.412859	-3.000046
-5.207869	-2.964038
-5.009197	-2.922030
-4.808313	-2.854753
-4.613115	-2.770104
-4.410968	-2.681664
-4.210401	-2.610597
-4.009833	-2.558797
-3.806107	-2.495942
-3.611540	-2.424559
-3.412552	-2.336435
-3.213879	-2.256524
-3.011417	-2.182614
-2.816850	-2.134289
-2.609334	-2.082804
-2.409082	-2.006052
-2.213568	-1.925825
-2.011105	-1.845913
-1.811485	-1.770424
-1.609654	-1.710096
-1.410666	-1.629869
-1.206624	-1.546167
-1.007951	-1.448568
-0.814964	-1.347495
-0.612185	-1.224311
-0.414145	-1.049012
-0.209155	-0.818123
-0.012062	-0.584706
0.192637	-0.347499
0.386912	-0.133982
0.591296	0.066279
0.792838	0.201482
0.989008	0.292460
1.189286	0.349637
1.390195	0.398600
1.588262	0.436192
1.784748	0.456409
1.987869	0.466202
2.187515	0.459252
2.390635	0.492737
2.590913	0.501898
2.791506	0.540121
2.988309	0.554021
3.189850	0.549914
3.387600	0.523695
3.590089	0.545808
3.790051	0.577081
3.993487	0.614673
4.186499	0.633626
4.388672	0.614673
4.587370	0.588138
4.787016	0.604880
4.991400	0.643735
5.191678	0.680695
5.391955	0.692067
5.592865	0.665216
5.794722	0.629836
5.994051	0.640576
6.196224	0.709441
6.393659	0.721445
6.594884	0.734397
6.788528	0.691435
6.986594	0.652580
7.194769	0.667427
7.391256	0.741031
7.594692	0.775779
7.794654	0.773884
7.993036	0.727763
8.187311	0.680695
8.384114	0.728395
8.586919	0.787467
8.790356	0.817477
8.990001	0.797892
9.180801	0.746717
9.385818	0.699017
9.586095	0.751455
9.787637	0.813687
9.985387	0.839274
9.786689	0.814950
9.585464	0.738504
9.386133	0.705966
9.184277	0.741979
8.990949	0.800103
8.787828	0.798524
8.586919	0.773884
8.387905	0.710073
8.186048	0.680379
7.988929	1.423996
7.792758	0.775147
7.592481	0.767250
7.389360	0.741031
7.189083	0.679431
6.986910	0.660478
6.787580	0.699649
6.591409	0.730922
6.393027	0.723972
6.188959	0.677852
5.995315	0.640576
5.784613	0.622886
5.594760	0.662057
5.387217	0.687329
5.193889	0.681011
4.990768	0.661741
4.785437	0.622254
4.587686	0.602353
4.384565	0.637417
4.185867	0.646894
3.992224	0.616884
3.791314	0.727763
3.588194	0.543912
3.390759	0.523063
3.187323	0.545808
2.987993	0.551494
2.789611	0.527486
2.595335	0.499687
2.388108	0.469993
2.189726	0.454198
1.981235	0.459568
1.786644	0.449775
1.587946	0.416922
1.389879	0.390387
1.192129	0.350269
0.983638	0.283615
0.789047	0.202430
0.588138	0.061540
0.385017	-0.127664
0.190110	-0.356027
-0.009535	-0.586917
-0.209787	-0.829493
-0.412881	-1.066068
-0.616607	-1.241683
-0.811174	-1.362024
-1.012689	-1.459939
-1.204097	-1.567645
-1.408771	-1.643766
-1.609970	-1.714834
-1.812433	-1.784322
-2.013000	-1.846545
-2.211989	-1.930246
-2.410661	-2.012369
-2.607439	-2.097649
-2.811165	-2.169348
-3.011417	-2.221780
-3.213248	-2.279897
-3.411920	-2.357913
-3.608698	-2.440983
-3.806422	-2.507313
-4.015203	-2.554691
-4.214191	-2.595120
-4.411916	-2.654185
-4.614378	-2.750205
-4.808313	-2.845277
-5.007933	-2.914133
-5.207553	-2.965618
-5.412859	-3.015523
-5.611847	-3.073956
-5.813678	-3.159236
-6.006033	-3.229672
-6.211339	-3.292527
-6.409380	-3.331061
-6.610579	-3.378440
-6.810831	-3.452981
-7.012662	-3.541420
-7.215125	-3.632071
-7.408744	-3.689872
-7.608364	-3.714509
-7.809247	-3.747042
-8.010762	-3.812108
-8.209435	-3.896441
-8.413161	-3.967192
-8.607096	-4.014255
-8.810506	-4.056895
-9.011074	-4.111222
-9.171528	-4.180710
-9.194901	-4.212612
-9.187636	-4.241354
-9.203429	-4.248303
-9.230277	-4.228088
-9.238805	-4.208821
-9.224276	-4.211664
-9.194586	-4.218613
-9.156683	-4.221771
-9.005704	-4.167129
-8.807032	-4.077742
-8.607728	-3.998146
-8.407160	-3.953927
-8.207540	-3.905285
-8.009500	-3.857907
-7.809563	-3.785576
-7.606469	-3.703138
-7.410007	-3.627649
-7.211019	-3.583745
-7.012346	-3.545842
-6.809252	-3.485514
-6.612159	-3.424554
-6.411591	-3.341169
-6.201232	-3.285894
-6.005718	-3.218617
-5.808625	-3.155446
-5.609636	-3.093539
-5.407489	-3.018997
-5.208817	-2.931505
-5.005091	-2.854437
-4.806734	-2.794109
-4.613115	-2.727463
-4.410652	-2.674084
-4.208189	-2.604280
-4.010780	-2.526896
-3.809897	-2.467199
-3.605223	-2.407819
-3.411604	-2.345595
-3.211668	-2.298533
-3.010153	-2.222412
-2.811481	-2.146923
-2.612492	-2.063537
-2.410977	-1.994049
-2.212936	-1.922034
-2.003209	-1.874656
-1.802641	-1.800746
-1.605864	-1.721151
-1.410350	-1.633343
-1.205992	-1.543325
-1.004161	-1.462150
-0.810542	-1.350022
-0.611238	-1.230629
-0.411302	-1.061015
-0.210418	-0.853814
-0.007008	-0.598604
0.197059	-0.349394
0.393546	-0.137456
0.595087	0.052379
0.782729	0.208432
0.988693	0.319627
1.190866	0.361009
1.394618	0.381226
1.588262	0.391019
1.792014	0.437771
1.990080	0.472836
2.189726	0.502214
2.392215	0.487683
2.596915	0.495896
2.799088	0.497160
2.991152	0.520220
3.194273	0.556548
3.390128	0.562866
3.595459	0.548019
3.793526	0.554969
4.001385	0.555284
4.192185	0.592876
4.394674	0.637733
4.586739	0.640892
4.789227	0.639944
4.985398	0.635522
5.191362	0.628572
5.386901	0.656055
5.587810	0.684486
5.789667	0.675325
5.985838	0.675325
6.187063	0.681643
6.391763	0.656055
6.591409	0.698069
6.786948	0.707546
6.992912	0.709757
7.187503	0.717970
7.390624	0.729027
7.590270	0.701228
7.795918	0.722077
7.985770	0.749244
8.187311	0.746401
8.386326	0.762828
8.588814	0.747980
8.789092	0.730606
8.992212	0.768198
9.183645	0.777359
9.385502	0.765671
9.586411	0.787783
9.788584	0.766934
9.989178	0.741347
9.789216	0.748612
9.585779	0.756194
9.386765	0.765671
9.185856	0.775147
8.989054	0.746401
8.787828	0.729659
8.584707	0.739135
8.387589	0.750508
8.189207	0.760616
7.985455	0.770725
7.790547	0.715759
7.589006	0.700596
7.389360	0.701860
7.186872	0.715127
6.985962	0.734081
6.786001	0.717970
6.590146	0.694278
6.392079	0.655739
6.188959	0.665848
5.983943	0.688908
5.788404	0.701228
5.590337	0.685749
5.385322	0.644683
5.191362	0.608355
4.986662	0.614673
4.790175	0.641208
4.587370	0.649421
4.385513	0.639944
4.189342	0.583715
3.991908	0.554653
3.793842	0.555916
3.588826	0.583715
3.390444	0.585610
3.183216	0.548967
2.985782	0.513586
2.792454	0.493053
2.589649	0.479786
2.393794	0.498107
2.187831	0.501582
1.988185	0.478838
1.786012	0.428611
1.586366	0.386596
1.390511	0.387228
1.189918	0.373645
0.989008	0.315836
0.788415	0.213486
0.588138	0.052063
0.385965	-0.140614
0.192321	-0.350658
-0.009535	-0.602078
-0.211998	-0.849076
-0.405932	-1.059751
-0.614396	-1.221153
-0.810542	-1.352864
-1.008583	-1.464993
-1.211361	-1.539850
-1.414456	-1.617235
-1.610602	-1.690829
-1.809274	-1.765054
-2.013948	-1.833279
-2.212305	-1.903083
-2.410345	-1.972571
-2.609650	-2.049008
-2.814955	-2.123234
-3.009837	-2.214200
-3.212932	-2.289373
-3.413815	-2.360756
-3.609645	-2.411293
-3.807686	-2.478886
-4.008569	-2.553427
-4.210401	-2.624811
-4.414758	-2.698089
-4.608061	-2.753995
-4.807365	-2.817166
-5.008249	-2.874967
-5.207869	-2.946982
-5.411911	-3.028157
-5.612795	-3.102699
-5.813678	-3.160816
-6.007613	-3.211984
-6.199653	-3.284631
-6.408748	-3.339274
-6.609948	-3.417921
-6.812095	-3.486146
-7.008556	-3.537630
-7.213546	-3.562899
-7.407480	-3.597011
-7.608364	-3.678501
-7.809247	-3.779891
-8.012026	-3.880017
-8.210067	-3.952979
-8.412213	-4.003516
-8.607728	-4.042366
-8.807980	-4.106484
-9.008862	-4.188922
-9.132678	-4.246092
-9.174371	-4.243881
-9.205641	-4.232826
-9.218906	-4.230615
-9.214800	-4.246724
-9.192374	-4.261253
-9.181319	-4.257147
-9.185741	-4.239143
-9.158578	-4.204715
-9.013917	-4.136490
-8.803557	-4.086586
-8.608044	-4.047104
-8.414425	-3.988039
-8.206593	-3.909707
-8.006341	-3.836429
-7.807984	-3.761255
-7.608680	-3.714509
-7.401795	-3.695558
-7.207544	-3.636809
-7.012978	-3.562899
-6.812095	-3.468774
-6.607421	-3.403392
-6.411591	-3.346222
-6.206285	-3.302634
-6.003507	-3.234410
-5.813678	-3.145339
-5.614058	-3.060058
-5.413175	-2.993729
-5.211659	-2.952036
-5.008881	-2.903079
-4.805786	-2.832011
-4.612799	-2.751153
-4.410652	-2.675347
-4.213559	-2.614388
-4.009201	-2.566693
-3.812740	-2.510155
-3.607750	-2.433087
-3.416026	-2.347806
-3.211037	-2.271369
-3.012048	-2.207567
-2.811481	-2.149134
-2.612176	-2.089121
-2.403081	-2.005420
-2.213884	-1.929931
-2.006999	-1.849072
-1.807695	-1.779900
-1.608391	-1.696514
-1.409718	-1.616919
-1.207255	-1.523110
-1.008899	-1.435302
-0.813069	-1.340862
-0.611870	-1.229365
-0.407512	-1.047117
-0.209155	-0.813069
-0.007640	-0.574283
0.192005	-0.342446
0.386596	-0.123874
0.589401	0.068806
0.794417	0.207168
0.999749	0.276665
1.190866	0.346162
1.394934	0.399548
1.585419	0.430822
1.787591	0.462727
1.989764	0.460832
2.189094	0.440299
2.392215	0.461148
2.591545	0.504109
2.796876	0.544860
2.987045	0.558128
3.191746	0.541385
3.386021	0.515166
3.591669	0.547071
3.791946	0.603932
3.996015	0.628572
4.189342	0.630783
4.386461	0.595719
4.589266	0.571079
4.784805	0.612146
4.989189	0.670270
5.191994	0.699333
5.384374	0.692067
5.588442	0.653212
5.787456	0.623518
5.991840	0.663005
6.189907	0.718602
6.390816	0.737240
6.588250	0.726500
6.785685	0.680695
6.987226	0.638681
7.188135	0.696805
7.390624	0.747980
7.591849	0.771673
7.793074	0.758089
7.985770	0.710705
8.188259	0.686697
8.387905	0.738188
8.589130	0.790310
8.788144	0.804210
8.987158	0.772620
9.189015	0.713232
9.383290	0.710705
9.593677	0.754930
9.787637	0.808632
9.989809	0.830113
9.787320	0.786520
9.588306	0.733449
9.384870	0.716707
9.182065	0.775147
8.988106	0.806105
8.790356	0.792206
8.584392	0.747980
8.387905	0.706914
8.182889	0.702176
7.987350	0.743874
7.788336	0.774832
7.590586	0.763775
7.386833	0.720814
7.187819	0.687013
6.987542	0.672482
6.787896	0.707546
6.590146	0.730290
6.392079	0.703755
6.191170	0.665848
5.988997	0.645315
5.786824	0.640576
5.587494	0.670270
5.384058	0.691751
5.191046	0.666164
4.986030	0.636785
4.788280	0.615305
4.594004	0.598562
4.389936	0.622570
4.189026	0.620043
3.987801	0.592560
3.790051	0.569500
3.588194	0.544860
3.392655	0.533488
3.189534	0.545176
2.986098	0.531592
2.789927	0.517061
2.599126	0.493053
2.389688	0.467466
2.193201	0.450091
1.993239	0.456725
1.786644	0.439351
1.590473	0.415659
1.398093	0.382174
1.193393	0.343951
0.993431	0.281403
0.790310	0.199902
0.590033	0.053643
0.385017	-0.131455
0.192953	-0.353816
-0.012693	-0.589128
-0.211050	-0.832020
-0.411302	-1.065437
-0.608395	-1.227786
-0.808647	-1.365814
-1.002898	-1.471626
-1.207887	-1.557538
-1.409718	-1.628289
-1.609022	-1.695567
-1.812117	-1.758737
-2.010789	-1.837385
-2.215463	-1.934353
-2.410661	-2.017738
-2.610597	-2.088490
-2.811796	-2.142185
-3.012048	-2.204092
-3.212300	-2.273264
-3.410973	-2.356966
-3.609013	-2.430244
-3.808002	-2.503838
-4.004779	-2.558797
-4.209137	-2.593857
-4.408757	-2.687982
-4.612484	-2.766314
-4.806102	-2.838644
-5.006354	-2.889497
-5.212923	-2.934032
-5.407174	-2.994992
-5.614690	-3.078062
-5.814626	-3.158605
-6.008876	-3.234094
-6.208497	-3.293159
-6.410644	-3.330745
-6.612159	-3.384125
-6.812726	-3.476039
-7.011399	-3.567321
-7.213546	-3.633650
-7.407480	-3.665867
-7.616892	-3.703770
-7.808300	-3.759360
-8.010447	-3.833902
-8.211646	-3.916972
-8.410634	-4.002568
-8.608359	-4.034153
-8.807980	-4.067002
-9.010442	-4.128910
-9.166159	-4.195871
-9.187952	-4.223035
-9.197744	-4.238196
-9.214169	-4.235037
-9.245438	-4.216086
-9.247017	-4.199030
-9.235015	-4.197134
-9.205956	-4.204399
-9.163631	-4.203768
-9.008862	-4.147230
-8.809875	-4.071424
-8.608675	-4.018677
-8.412530	-3.966561
-8.209119	-3.928342
-8.006972	-3.861697
-7.809879	-3.783049
-7.609627	-3.695873
-7.413166	-3.619121
-7.214177	-3.567321
-7.011083	-3.515521
-6.811463	-3.467195
-6.611211	-3.402445
-6.408116	-3.338010
-6.207233	-3.265995
-6.005086	-3.201561
-5.813363	-3.148498
-5.607110	-3.106489
-5.409384	-3.034790
-5.208185	-2.952983
-5.011724	-2.870545
-4.806102	-2.798531
-4.616590	-2.758733
-4.413179	-2.699352
-4.207874	-2.627653
-4.012044	-2.555323
-3.802948	-2.498153
-3.604907	-2.415083
-3.411288	-2.363915
-3.207562	-2.297269
-3.004784	-2.227466
-2.806743	-2.145659
-2.610281	-2.039216
-2.404976	-1.982047
-2.210409	-1.933089
-2.013316	-1.850019
-1.809274	-1.777373
-1.612813	-1.696198
-1.410034	-1.609022
-1.208203	-1.536692
-1.007004	-1.449832
-0.812437	-1.357602
-0.610922	-1.225891
-0.405932	-1.060067
-0.207260	-0.834863
-0.005429	-0.587549
0.197059	-0.344341
0.390703	-0.132718
0.592876	0.057750
0.789679	0.226122
0.988377	0.308254
1.190866	0.357534
1.389248	0.388808
1.585734	0.409341
1.782221	0.440930
1.988185	0.481365
2.186251	0.483260
2.389688	0.490526
2.592492	0.498739
2.789927	0.503794
2.986414	0.529697
3.188271	0.556232
3.387916	0.556548
3.590405	0.555284
3.788471	0.565709
3.986854	0.574870
4.185552	0.606144
4.391831	0.624150
4.590213	0.627309
4.784489	0.636785
4.991084	0.634890
5.190730	0.634890
5.387217	0.662057
5.587810	0.673745
5.789351	0.664900
5.989629	0.689540
6.190538	0.672797
6.391763	0.670586
6.593620	0.702176
6.786948	0.711021
6.987226	0.729027
7.187187	0.741979
7.393783	0.710705
7.593112	0.697437
7.795918	0.730922
7.986718	0.733449
8.188259	0.749876
8.389169	0.770409
8.589446	0.742610
8.787828	0.724920
8.990001	0.760616
9.185225	0.771357
9.386450	0.792838
9.584831	0.785256
9.787004	0.752403
9.990441	0.725868
9.786057	0.746717
9.588622	0.761564
9.381395	0.785256
9.191543	0.769777
8.988421	0.730606
8.788775	0.711337
8.587867	0.739135
8.389169	0.763143
8.183520	0.785888
7.984191	0.763775
7.792758	0.705966
7.588690	0.686697
7.392519	0.699964
7.189083	0.737240
6.991016	0.732818
6.789475	0.715759
6.595832	0.687329
6.391131	0.645630
6.200015	0.665848
5.991840	0.697437
5.792194	0.697121
5.586546	0.679431
5.387217	0.630468
5.186307	0.597614
4.992348	0.630468
4.784489	0.663321
4.586107	0.661741
4.386461	0.629204
4.183656	0.578029
3.989697	0.551494
3.790683	0.584347
3.583140	0.593824
3.387285	0.591612
3.182900	0.545176
2.986414	0.495896
2.790874	0.469361
2.589649	0.504741
2.393794	0.511691
2.190989	0.498107
1.988185	0.469993
1.783169	0.414395
1.587630	0.395126
1.391459	0.394178
1.190866	0.378699
0.989008	0.313309
0.787467	0.199902
0.589401	0.039112
0.388176	-0.139667
0.190741	-0.362660
-0.010167	-0.607132
-0.208839	-0.847813
-0.414460	-1.045538
-0.607763	-1.215468
-0.808963	-1.362656
-1.011425	-1.465309
-1.209466	-1.548062
-1.408139	-1.620709
-1.610917	-1.697146
