# Configuration automatically generated by WRITE_CONFIG()
connection eth
ip 192.168.0.10
samplehz 1000.000000
settleus 10.000000
nsample 128

# Analog Inputs
aichannel 0
ainegative 199
airange 10.000000
airesolution 0

aichannel 1
ainegative 199
airange 10.000000
airesolution 0

# Analog Outputs
aochannel 0
aosignal triangle
aofrequency 5.000000
aoamplitude 2.000000
aooffset 2.500000
aoduty 0.500000

# Meta Parameters
int:periods 10
flt:tip_T_C 376.636644
flt:plate_T_C 641.546613
flt:plate_Q_kW 0.713807
flt:cool_Thigh_C 47.843534
flt:cool_Tlow_C 10.575230
flt:air_psig 20.000000
flt:water_gph 4.000000
flt:standoff_in 0.233000
flt:oxygen_scfh 12.871094
flt:fuel_scfh 7.148094
flt:flow_scfh 20.019187
flt:ratio_fto 0.555360

## End Configuration ##
#: Thu Apr  6 11:29:47 2017
-7.013926	-3.516152
-9.233751	-4.230615
-9.228066	-4.220508
-9.238173	-4.198398
-9.229013	-4.173446
-9.188900	-4.162706
-9.005073	-4.124804
-8.812402	-4.072056
-8.610570	-3.989618
-8.412213	-3.914129
-8.211962	-3.852221
-8.010447	-3.812740
-7.812090	-3.769468
-7.608364	-3.719878
-7.410007	-3.640915
-7.214177	-3.550264
-7.011714	-3.473512
-6.814937	-3.416974
-6.609000	-3.370859
-6.412539	-3.326008
-6.213866	-3.246097
-6.008561	-3.168080
-5.813046	-3.096066
-5.609952	-3.030368
-5.410964	-2.977936
-5.209764	-2.917924
-5.008881	-2.838328
-4.806734	-2.760628
-4.610904	-2.706933
-4.409073	-2.665556
-4.211980	-2.611545
-4.009517	-2.555954
-3.809265	-2.470674
-3.606171	-2.404976
-3.413184	-2.322854
-3.210405	-2.250523
-3.012048	-2.191458
-2.808322	-2.121970
-2.610913	-2.039848
-2.408450	-1.957726
-2.213252	-1.884763
-2.010789	-1.808642
-1.810853	-1.736628
-1.610917	-1.670614
-1.410350	-1.581227
-1.206939	-1.498473
-1.007635	-1.416983
-0.811805	-1.309592
-0.613449	-1.144084
-0.410038	-0.932778
-0.209155	-0.733473
-0.004165	-0.494372
0.194216	-0.252427
0.388176	-0.039225
0.587822	0.120613
0.789679	0.241916
0.985218	0.337317
1.190866	0.412184
1.388616	0.447564
1.588262	0.449144
1.784748	0.445353
1.989448	0.457673
2.186567	0.497160
2.390635	0.536331
2.591229	0.546755
2.793086	0.536647
2.988625	0.532540
3.185112	0.542333
3.387916	0.584663
3.590721	0.611514
3.789103	0.622570
3.993171	0.612146
4.184604	0.605828
4.387409	0.612777
4.585159	0.654791
4.789227	0.684801
4.990768	0.672166
5.190414	0.668375
5.387533	0.654160
5.588126	0.659530
5.784297	0.701228
5.990892	0.728079
6.189275	0.711337
6.394290	0.710073
6.591409	0.701228
6.786316	0.706282
6.987226	0.734713
7.191926	0.763143
7.393783	0.739135
7.590270	0.753982
7.793390	0.746401
7.993036	0.739767
8.187311	0.787783
8.387273	0.799156
8.590077	0.785572
8.794147	0.778938
8.989685	0.784624
9.180170	0.763143
9.386133	0.802946
9.584831	0.795681
9.788268	0.793469
9.989493	0.804842
9.785110	0.794101
9.582936	0.767250
9.387397	0.794417
9.181118	0.784940
8.990633	0.784308
8.785617	0.789995
8.587551	0.756194
8.389169	0.742294
8.185101	0.764723
7.988614	0.762512
7.795601	0.767882
7.588374	0.778306
7.388412	0.730290
7.185608	0.713864
6.988805	0.725236
6.786633	0.729659
6.591725	0.736924
6.389552	0.737240
6.191486	0.687645
5.988681	0.667427
5.791247	0.682906
5.586231	0.690803
5.386901	0.705019
5.196732	0.682590
4.995191	0.642787
4.791754	0.614357
4.590845	0.634574
4.392463	0.631731
4.190290	0.648474
3.994435	0.618148
3.795105	0.582136
3.585667	0.565393
3.388864	0.564445
3.188586	0.574238
2.987361	0.578661
2.793086	0.555284
2.588386	0.513270
2.390635	0.484208
2.189094	0.491474
1.988817	0.501266
1.786012	0.485788
1.587314	0.459252
1.387352	0.404287
1.186443	0.363220
0.991220	0.330999
0.786204	0.263713
0.587190	0.131985
0.386912	-0.049648
0.197059	-0.245478
-0.014904	-0.470998
-0.209155	-0.730631
-0.412249	-0.982367
-0.612817	-1.172195
-0.813385	-1.312119
-1.006372	-1.412245
-1.207255	-1.506685
-1.410666	-1.576173
-1.609022	-1.656401
-1.813064	-1.732206
-2.013000	-1.818434
-2.216411	-1.909716
-2.409398	-1.976361
-2.607123	-2.051219
-2.810217	-2.113758
-3.010153	-2.179771
-3.211353	-2.255577
-3.413499	-2.325696
-3.611856	-2.387288
-3.802948	-2.453933
-4.012991	-2.522474
-4.210401	-2.591330
-4.414443	-2.664924
-4.609325	-2.741045
-4.802944	-2.813060
-5.007617	-2.862017
-5.209448	-2.916660
-5.411280	-2.979199
-5.608689	-3.065428
-5.814626	-3.137127
-6.010771	-3.206931
-6.210392	-3.264732
-6.410959	-3.323165
-6.611527	-3.364858
-6.809252	-3.439084
-7.017084	-3.511730
-7.212598	-3.576480
-7.407165	-3.633334
-7.607732	-3.689872
-7.812090	-3.742936
-8.008867	-3.816846
-8.215436	-3.893598
-8.412530	-3.964350
-8.606464	-4.017097
-8.809559	-4.062581
-9.010758	-4.122277
-9.182267	-4.170603
-9.209431	-4.199661
-9.216379	-4.219560
-9.228066	-4.220824
-9.252071	-4.208505
-9.251439	-4.192713
-9.235646	-4.191133
-9.205324	-4.201557
-9.161736	-4.203452
-9.010758	-4.139018
-8.808927	-4.051526
-8.603937	-3.979195
-8.415372	-3.942240
-8.209435	-3.909707
-8.009815	-3.848431
-7.804825	-3.770731
-7.612786	-3.685450
-7.406217	-3.602696
-7.209124	-3.566057
-7.010451	-3.538262
-6.812410	-3.476670
-6.613422	-3.392337
-6.411275	-3.305793
-6.215761	-3.234094
-6.007613	-3.184189
-5.812099	-3.148813
-5.611216	-3.086906
-5.408753	-2.999414
-5.208185	-2.923925
-5.005091	-2.850962
-4.807997	-2.789371
-4.614063	-2.746099
-4.416022	-2.696194
-4.210084	-2.613440
-4.009833	-2.527212
-3.808002	-2.460566
-3.612804	-2.413820
-3.411604	-2.355071
-3.206931	-2.272317
-3.013312	-2.184825
-2.809270	-2.092280
-2.610281	-2.021528
-2.406871	-1.960884
-2.212620	-1.902451
-2.014580	-1.827910
-1.809590	-1.740102
-1.608391	-1.653874
-1.410982	-1.576173
-1.207887	-1.504159
-1.010478	-1.424879
-0.813069	-1.306434
-0.612501	-1.157350
-0.411934	-0.969733
-0.211682	-0.740422
-0.009219	-0.478895
0.195796	-0.245478
0.389755	-0.043015
0.591296	0.136092
0.789679	0.266240
0.986165	0.358166
1.190866	0.390071
1.390827	0.403655
1.584471	0.436824
1.788223	0.468729
1.987553	0.501582
2.191305	0.521168
2.391267	0.509164
2.592176	0.498739
2.788663	0.522431
2.987045	0.561602
3.186059	0.590981
3.389496	0.610566
3.588194	0.580872
3.790683	0.568868
3.991276	0.597930
4.187447	0.637417
4.390252	0.661425
4.587054	0.673745
4.787964	0.647526
4.986346	0.613093
5.191046	0.649105
5.381846	0.699333
5.590022	0.718918
5.787772	0.717339
5.991524	0.683538
6.187063	0.650053
6.393659	0.684486
6.596779	0.739767
6.788528	0.773884
6.992280	0.759669
7.191610	0.706598
7.383674	0.694594
7.591533	0.733133
7.794338	0.791574
7.990193	0.816214
8.186996	0.804210
8.386957	0.747033
8.588814	0.718286
8.789723	0.765987
8.990633	0.826007
9.184277	0.837695
9.387713	0.807685
9.587991	0.741663
9.788584	0.729659
9.983808	0.792838
9.789532	0.849067
9.591149	0.839590
9.384870	0.802314
9.186172	0.743558
8.989685	0.723341
8.789092	0.798524
8.585971	0.822532
8.384430	0.819373
8.185732	0.777043
7.983875	0.717023
7.793390	0.701228
7.589006	0.756826
7.388412	0.785572
7.187187	0.758721
6.986594	0.720814
6.786001	0.679115
6.591093	0.675956
6.393975	0.727763
6.190222	0.745137
5.987102	0.726816
5.788088	0.684486
5.588758	0.645630
5.383742	0.657003
5.188835	0.679747
4.988557	0.698701
4.793334	0.667743
4.588634	0.630783
4.388041	0.604564
4.184920	0.604880
3.996015	0.622254
3.791946	0.629836
3.592616	0.598246
3.389812	0.573290
3.187323	0.538542
2.985466	0.540437
2.795613	0.550862
2.592492	0.548019
2.387792	0.522431
2.190358	0.498423
1.987553	0.468097
1.786644	0.456409
1.583839	0.450091
1.392407	0.433349
1.188970	0.384701
0.992167	0.332894
0.788099	0.247287
0.590665	0.123140
0.385965	-0.039857
0.194216	-0.249584
-0.009219	-0.489002
-0.209787	-0.740422
-0.414776	-0.956467
-0.611238	-1.156719
-0.812753	-1.324437
-1.007004	-1.416983
-1.211677	-1.500368
-1.410034	-1.582806
-1.610286	-1.672825
-1.811169	-1.760001
-2.013632	-1.820329
-2.213884	-1.885711
-2.411925	-1.948250
-2.607754	-2.023423
-2.806743	-2.113758
-3.012048	-2.191774
-3.204088	-2.262525
-3.401813	-2.320327
-3.607118	-2.369284
-3.804212	-2.454881
-4.010149	-2.537635
-4.210401	-2.600806
-4.409705	-2.662713
-4.611852	-2.712934
-4.806102	-2.777684
-5.010144	-2.861070
-5.209448	-2.944139
-5.410016	-2.995940
-5.609952	-3.052162
-5.807361	-3.102383
-6.008245	-3.161448
-6.205338	-3.251782
-6.403695	-3.339274
-6.604894	-3.403392
-6.813042	-3.443190
-7.012031	-3.492147
-7.215756	-3.555002
-7.407796	-3.635545
-7.610891	-3.722089
-7.808931	-3.778943
-8.012974	-3.820636
-8.210382	-3.853169
-8.413793	-3.931185
-8.606780	-4.014255
-8.808295	-4.100483
-9.011074	-4.130489
-9.188269	-4.154810
-9.245754	-4.156705
-9.257756	-4.170603
-9.251439	-4.193976
-9.245754	-4.207874
-9.256493	-4.191449
-9.260599	-4.171235
-9.240068	-4.165233
-9.182583	-4.163023
-9.003809	-4.126699
-8.804821	-4.079005
-8.600463	-4.010149
-8.410003	-3.942872
-8.202486	-3.887281
-8.008236	-3.822531
-7.805457	-3.766625
-7.607732	-3.707244
-7.409060	-3.627965
-7.211650	-3.560056
-7.014241	-3.485198
-6.811147	-3.430556
-6.612159	-3.380966
-6.410012	-3.324113
-6.208812	-3.256204
-6.007613	-3.173450
-5.806729	-3.120702
-5.612795	-3.035106
-5.409384	-2.980147
-5.210396	-2.914449
-5.007617	-2.838960
-4.804839	-2.784001
-4.609641	-2.724936
-4.410652	-2.669030
-4.203452	-2.607123
-4.009517	-2.536371
-3.807370	-2.448248
-3.610909	-2.389815
-3.409393	-2.323801
-3.216722	-2.255577
-3.010153	-2.187668
-2.808638	-2.121338
-2.609650	-2.040480
-2.409398	-1.970360
-2.213568	-1.886343
-2.012053	-1.806747
-1.812117	-1.736943
-1.609022	-1.666192
-1.410666	-1.595441
-1.204728	-1.508581
-1.008583	-1.423616
-0.813385	-1.310856
-0.611554	-1.147243
-0.412565	-0.939727
-0.209471	-0.728736
-0.006692	-0.493424
0.192321	-0.245794
0.383753	-0.050280
0.596351	0.119665
0.790942	0.240653
0.988377	0.341108
1.192761	0.404918
1.389879	0.435876
1.593316	0.433665
1.786012	0.445985
1.989448	0.455146
2.189726	0.499055
2.392531	0.525906
2.589649	0.533488
2.793086	0.524327
2.990520	0.529381
3.193325	0.542017
3.391391	0.587822
3.593564	0.620991
3.789735	0.624150
3.993487	0.624466
4.186183	0.622570
4.386461	0.629204
4.589581	0.668375
4.786384	0.683538
4.992348	0.668691
5.190098	0.672797
5.384058	0.675641
5.589705	0.674693
5.788720	0.703123
5.992156	0.716707
6.187063	0.705651
6.393659	0.715127
6.591725	0.703755
6.787896	0.705651
6.988173	0.732818
7.190978	0.754930
7.390940	0.750508
7.590586	0.759984
7.787704	0.749244
7.985138	0.740083
8.187311	0.761248
8.387905	0.770409
8.586919	0.770725
8.793830	0.784308
8.991581	0.760616
9.181749	0.761564
9.388977	0.784308
9.588939	0.790310
9.796798	0.801051
9.995179	0.816214
9.797429	0.778306
9.587043	0.757773
9.386133	0.779254
9.189647	0.779886
8.990001	0.799156
8.790039	0.815898
8.587867	0.764407
8.389169	0.742294
8.188891	0.750192
7.987982	0.761248
7.792758	0.775147
7.588690	0.779570
7.390308	0.723341
7.184344	0.699649
6.986594	0.714496
6.787580	0.723657
6.585407	0.754930
6.387973	0.734081
6.185484	0.686697
5.989945	0.668059
5.787140	0.681327
5.588442	0.700596
5.384058	0.712916
5.191362	0.693015
4.986662	0.644999
4.787964	0.622886
4.586422	0.627624
4.384881	0.649105
4.191870	0.647526
3.987801	0.620043
3.795105	0.577081
3.592932	0.547071
3.388864	0.557496
3.191114	0.574238
2.986414	0.576134
2.790559	0.549914
2.594704	0.502214
2.390635	0.467466
2.194149	0.489894
1.985026	0.498423
1.787907	0.494633
1.593000	0.455146
1.392407	0.404287
1.194024	0.353427
0.989640	0.324997
0.795997	0.253605
0.589085	0.136407
0.391651	-0.046806
0.198639	-0.250216
-0.007956	-0.476052
-0.207892	-0.741370
-0.407827	-0.982999
-0.617555	-1.169037
-0.811174	-1.308961
-1.008267	-1.415088
-1.208519	-1.511107
-1.408139	-1.593230
-1.608706	-1.665876
-1.812749	-1.744208
-2.011421	-1.816855
-2.213884	-1.892344
-2.409398	-1.962779
-2.606491	-2.032899
-2.811796	-2.111231
-3.011101	-2.184825
-3.212932	-2.249259
-3.411604	-2.334224
-3.603644	-2.384761
-3.804843	-2.453933
-4.011096	-2.513630
-4.210401	-2.573642
-4.413811	-2.651026
-4.606482	-2.733464
-4.805155	-2.809270
-5.008565	-2.872441
-5.202816	-2.923293
-5.402120	-2.984885
-5.612795	-3.039212
-5.813046	-3.132073
-6.007297	-3.201877
-6.212286	-3.270102
-6.415697	-3.312110
-6.610895	-3.368648
-6.808936	-3.430871
-7.007608	-3.517731
-7.212598	-3.598906
-7.407480	-3.642178
-7.608995	-3.695242
-7.810827	-3.753675
-8.007920	-3.838008
-8.212910	-3.904022
-8.410003	-3.979195
-8.605516	-4.024362
-8.806716	-4.062581
-9.012021	-4.118487
-9.171844	-4.185764
-9.186373	-4.217981
-9.199955	-4.232510
-9.214484	-4.228088
-9.247334	-4.215770
-9.255861	-4.190502
-9.242279	-4.186711
-9.213221	-4.197766
-9.164895	-4.197134
-9.008862	-4.142807
-8.805768	-4.063212
-8.608044	-3.980774
-8.411898	-3.933080
-8.216068	-3.900231
-8.011079	-3.839903
-7.808931	-3.771678
-7.608364	-3.687661
-7.406217	-3.615962
-7.214809	-3.565425
-7.011083	-3.531313
-6.812410	-3.463089
-6.609632	-3.387284
-6.405906	-3.327271
-6.205970	-3.259362
-6.007297	-3.199034
-5.814626	-3.145971
-5.611216	-3.079641
-5.410648	-2.978884
-5.203447	-2.901815
-5.009197	-2.824431
-4.806734	-2.789687
-4.612799	-2.745467
-4.409705	-2.678506
-4.213875	-2.595752
-4.008885	-2.504786
-3.807686	-2.454249
-3.607118	-2.396448
-3.416658	-2.346859
-3.213879	-2.271054
-3.014259	-2.188300
-2.811165	-2.104282
-2.615335	-2.033215
-2.408450	-1.969412
-2.211357	-1.902451
-2.015527	-1.820013
-1.809906	-1.733469
-1.610602	-1.652926
-1.404980	-1.578700
-1.211046	-1.508581
-1.005740	-1.420457
-0.813701	-1.305170
-0.611238	-1.155455
-0.412249	-0.972260
-0.209471	-0.741686
-0.009535	-0.484580
0.192005	-0.241688
0.385965	-0.042384
0.586874	0.133880
0.790942	0.266556
0.989956	0.353112
1.191181	0.394810
1.385141	0.399548
1.584471	0.433981
1.788539	0.476942
1.988501	0.505689
2.189726	0.511691
2.388740	0.506637
2.591229	0.494633
2.787084	0.512955
2.987677	0.563814
3.187955	0.589717
3.389812	0.604564
3.593564	0.569816
3.789419	0.551810
3.991592	0.600773
4.187131	0.644367
4.388672	0.673429
4.587370	0.663005
4.787964	0.636154
4.990452	0.602669
5.191994	0.649737
5.389744	0.695542
5.590022	0.732186
5.787456	0.711021
5.988681	0.666480
6.195277	0.639944
6.396502	0.679747
6.590777	0.756826
6.790107	0.782729
6.989437	0.763143
7.187187	0.720814
7.388729	0.693331
7.591533	0.748928
7.791179	0.800735
7.989245	0.797892
8.185101	0.780202
8.388853	0.729343
8.586603	0.711021
8.794462	0.770725
8.989685	0.828850
9.186804	0.831377
9.385818	0.795681
9.587358	0.743874
9.789847	0.733449
9.994232	0.804842
9.790795	0.841170
9.587358	0.842749
9.384554	0.791574
9.185540	0.747980
8.993160	0.728395
8.787512	0.809896
8.588182	0.823479
8.388221	0.798524
8.186996	0.755246
7.981980	0.717970
7.793074	0.723972
7.588690	0.761248
7.389044	0.781465
7.185924	0.745769
6.985331	0.714496
6.786316	0.692383
6.588882	0.695858
6.390500	0.732186
6.193065	0.750508
5.990261	0.721445
5.785561	0.689224
5.585915	0.662689
5.387533	0.655107
5.188835	0.686065
4.992032	0.691435
4.787648	0.657003
4.589898	0.629204
4.384250	0.611514
4.187131	0.596983
3.991908	0.628888
3.790998	0.615305
3.587562	0.590033
3.391075	0.563182
3.184480	0.554021
2.985150	0.545808
2.792454	0.549282
2.592492	0.535383
2.386213	0.519904
2.187831	0.503162
1.984394	0.474415
1.785380	0.457989
1.588578	0.446932
1.392722	0.427347
1.192445	0.386281
0.989008	0.336053
0.788099	0.242548
0.587506	0.123140
0.388492	-0.053754
0.195164	-0.254638
-0.011746	-0.488055
-0.211050	-0.737264
-0.410986	-0.951097
-0.615028	-1.154508
-0.811805	-1.314014
-1.007635	-1.416667
-1.207887	-1.500684
-1.409718	-1.586597
-1.610286	-1.670930
-1.810853	-1.740102
-2.011105	-1.806747
-2.212305	-1.868023
-2.410661	-1.945092
-2.609018	-2.038900
-2.808954	-2.125445
-3.012048	-2.197144
-3.210721	-2.261578
-3.413184	-2.310535
-3.609961	-2.375917
-3.809265	-2.462146
-4.012044	-2.546479
-4.211664	-2.608386
-4.408125	-2.662397
-4.613747	-2.707249
-4.807050	-2.772946
-5.012671	-2.858543
-5.209448	-2.938138
-5.406226	-3.005415
-5.612479	-3.025946
-5.811783	-3.081852
-6.006033	-3.152604
-6.208497	-3.233778
-6.412222	-3.323481
-6.605210	-3.399286
-6.807988	-3.445085
-7.011399	-3.484883
-7.210703	-3.553739
-7.406533	-3.639335
-7.606469	-3.719563
-7.810511	-3.759360
-8.008236	-3.808318
-8.213225	-3.846536
-8.408739	-3.930869
-8.599516	-4.022467
-8.802926	-4.103958
-9.007600	-4.150072
-9.180057	-4.173446
-9.226803	-4.181342
-9.230908	-4.199030
-9.235015	-4.214191
-9.230277	-4.229668
-9.238805	-4.217665
-9.235962	-4.196503
-9.228382	-4.181658
-9.181004	-4.173130
-9.007283	-4.141228
-8.808295	-4.086586
-8.608359	-4.008569
-8.410951	-3.931185
-8.211015	-3.862329
-8.009500	-3.801369
-7.803878	-3.763466
-7.608995	-3.702506
-7.407165	-3.630491
-7.214177	-3.566689
-7.009503	-3.502570
-6.812095	-3.451086
-6.610263	-3.381914
-6.409380	-3.331693
-6.210076	-3.257151
-6.005718	-3.185452
-5.813046	-3.118176
-5.610268	-3.052162
-5.410016	-2.996887
-5.208185	-2.939402
-5.005091	-2.880653
-4.807365	-2.802637
-4.615642	-2.742309
-4.412863	-2.664292
-4.207558	-2.607123
-4.009517	-2.548374
-3.808949	-2.469726
-3.609645	-2.401186
-3.410025	-2.322222
-3.211037	-2.242627
-3.012048	-2.171875
-2.810217	-2.109020
-2.609650	-2.028477
-2.408134	-1.953304
-2.216095	-1.882552
-2.013632	-1.802641
-1.810853	-1.739154
-1.610602	-1.669666
-1.407507	-1.595125
-1.208203	-1.514582
-1.007951	-1.423300
-0.812753	-1.310856
-0.612817	-1.153244
-0.409091	-0.945096
-0.209787	-0.728104
-0.009535	-0.485528
0.190110	-0.251164
0.386281	-0.039541
0.587822	0.120297
0.786836	0.251393
0.991536	0.344898
1.188338	0.407446
1.394618	0.437140
1.589209	0.440299
1.787591	0.459884
1.987553	0.468729
2.189410	0.503478
2.391267	0.526538
2.588701	0.531276
2.791822	0.539174
2.988941	0.548651
3.193957	0.545176
3.390444	0.586874
3.593564	0.609618
3.789419	0.596035
3.992224	0.623202
4.185867	0.618464
4.388672	0.620359
4.587686	0.652264
4.789543	0.669007
4.989189	0.667111
5.193257	0.667427
5.383742	0.669954
5.588126	0.663637
5.788404	0.694594
5.989945	0.707546
6.189907	0.705651
6.392079	0.723657
6.589829	0.702492
6.788844	0.704703
6.984699	0.730290
7.185608	0.753035
7.389360	0.757773
7.589954	0.783677
7.785809	0.753667
7.986086	0.737556
8.182257	0.759984
8.389169	0.768830
8.586919	0.790626
8.792566	0.805789
8.985894	0.776411
9.184592	0.765039
9.387081	0.774516
9.585148	0.794101
9.792690	0.811475
9.988230	0.829481
9.786057	0.770725
9.585148	0.761880
9.387081	0.774200
9.183329	0.794733
8.989369	0.813055
8.790671	0.803894
8.595132	0.758089
8.389169	0.729027
8.186996	0.749876
7.988614	0.780518
7.789916	0.794733
7.590586	0.771673
7.391256	0.723657
7.190978	0.695542
6.986594	0.721129
6.786001	0.735977
6.598675	0.762512
6.390184	0.732186
6.189907	0.681643
5.986786	0.657003
5.787456	0.684801
5.589074	0.708809
5.385953	0.712916
5.190414	0.694910
4.990137	0.635522
4.787964	0.607091
4.588318	0.632047
4.386145	0.662689
4.186183	0.650685
3.992856	0.620359
3.790367	0.569816
3.590089	0.533172
3.393286	0.564130
3.189850	0.591296
2.979148	0.588769
2.796876	0.547703
2.593440	0.493685
2.388108	0.476627
2.187199	0.490526
1.990080	0.502846
1.794541	0.482944
1.590789	0.447248
1.395882	0.383753
1.188022	0.355955
0.991852	0.333210
0.785572	0.262766
0.591296	0.129142
0.390071	-0.055334
0.198323	-0.252111
-0.010482	-0.475104
-0.208207	-0.739159
-0.412881	-0.989000
-0.609974	-1.166826
-0.811490	-1.305486
-1.004793	-1.416351
-1.208835	-1.503211
-1.411929	-1.587860
-1.610917	-1.660507
-1.813064	-1.745156
-2.013948	-1.814960
-2.209778	-1.896766
-2.407503	-1.969412
-2.609650	-2.045218
-2.803900	-2.125129
-3.007942	-2.178508
-3.215143	-2.253366
-3.410657	-2.329171
-3.607750	-2.407187
-3.812424	-2.476675
-4.010465	-2.542057
-4.211348	-2.593857
-4.409073	-2.650079
-4.612799	-2.722094
-4.806102	-2.796004
-5.006986	-2.862965
-5.208501	-2.921714
-5.408121	-2.976357
-5.612163	-3.045529
-5.812415	-3.127019
-6.010771	-3.209457
-6.208497	-3.275787
-6.411907	-3.329482
-6.609000	-3.384441
-6.810515	-3.452350
-7.011399	-3.522469
-7.211650	-3.594484
-7.406848	-3.649443
-7.606784	-3.690504
-7.810511	-3.732828
-8.008552	-3.805475
-8.211015	-3.885070
-8.412530	-3.956769
-8.606780	-4.004779
-8.804189	-4.049314
-9.009810	-4.100167
-9.181952	-4.167760
-9.201534	-4.209137
-9.210378	-4.220824
-9.229646	-4.218613
-9.257756	-4.207242
-9.259336	-4.188291
-9.235015	-4.194292
-9.205641	-4.207242
-9.159209	-4.206295
-9.010758	-4.151020
-8.807347	-4.067634
-8.609623	-3.996567
-8.412846	-3.960560
-8.214173	-3.924552
-8.010131	-3.852537
-7.810827	-3.766309
-7.607732	-3.674079
-7.405585	-3.606802
-7.214177	-3.573322
-7.010451	-3.542368
-6.812095	-3.472880
-6.609948	-3.379071
-6.406853	-3.296001
-6.206601	-3.224303
-6.007929	-3.178188
-5.812099	-3.138706
-5.612795	-3.067639
-5.409700	-2.982990
-5.209764	-2.894550
-5.008249	-2.832643
-4.807365	-2.784949
-4.612799	-2.723357
-4.416969	-2.658607
-4.211032	-2.572695
-4.014571	-2.495626
-3.807686	-2.441299
-3.607434	-2.395184
-3.414131	-2.335804
-3.212932	-2.261894
-3.009521	-2.177561
-2.815587	-2.097965
-2.610597	-2.024055
-2.409398	-1.971939
-2.211041	-1.907189
-2.011105	-1.830752
-1.811169	-1.740418
-1.610602	-1.656716
-1.409718	-1.594493
-1.207255	-1.516161
-1.009215	-1.425195
-0.812121	-1.302643
-0.611238	-1.156087
-0.412249	-0.972260
-0.209471	-0.740422
-0.011430	-0.483317
0.196428	-0.238214
0.386596	-0.048701
0.589717	0.135776
0.785572	0.274454
0.989324	0.360061
1.188970	0.396073
1.392091	0.397021
1.586682	0.428926
1.788223	0.475047
1.989448	0.515798
2.189094	0.514218
2.388740	0.500951
2.589649	0.478206
2.796245	0.518641
2.993363	0.559075
3.190166	0.595087
3.392971	0.596035
3.591037	0.572975
3.788156	0.557812
3.989381	0.599510
4.186499	0.646894
4.384565	0.679431
4.587686	0.671534
4.791754	0.627624
4.996455	0.609618
5.189782	0.654160
5.385637	0.714812
5.581808	0.732818
5.787456	0.715759
5.993420	0.672482
6.190538	0.640892
6.394922	0.693331
6.588250	0.756194
6.782842	0.776095
6.987542	0.753351
7.186240	0.705651
7.389044	0.691435
7.591218	0.754614
7.791179	0.803578
7.986718	0.796628
8.187311	0.772620
8.387273	0.724604
8.589130	0.720814
8.791935	0.783361
8.986842	0.826322
9.180486	0.823479
9.386450	0.790310
9.586411	0.748928
9.782898	0.745137
9.987914	0.813055
9.782267	0.833588
9.586095	0.813687
9.386765	0.774200
9.185540	0.737240
8.991897	0.744190
8.788460	0.814634
8.589130	0.822216
8.384114	0.790310
8.187628	0.757773
7.983243	0.720814
7.788968	0.724604
7.591218	0.758089
7.384938	0.780834
7.190662	0.743558
6.986910	0.716391
6.787264	0.695858
6.588882	0.687329
6.389868	0.721445
6.187695	0.741979
5.988997	0.717970
5.789035	0.684170
5.588758	0.667743
5.385637	0.664900
5.191678	0.684170
4.984450	0.684170
4.787964	0.655423
4.593688	0.627624
4.388041	0.615305
4.184920	0.606459
3.992540	0.615936
3.789735	0.604564
3.591353	0.586874
3.392655	0.574238
3.193009	0.549282
2.983571	0.542965
2.788663	0.547071
2.597862	0.530329
2.396322	0.507268
2.194149	0.501582
1.990712	0.472520
1.793594	0.446617
1.592368	0.447248
1.396197	0.419765
1.192761	0.388176
0.988693	0.341739
0.789679	0.247603
0.586874	0.121876
0.386281	-0.045226
0.195796	-0.258112
-0.011746	-0.492161
-0.203785	-0.741686
-0.414145	-0.956783
-0.610922	-1.147243
-0.817807	-1.301380
-1.008583	-1.392662
-1.205360	-1.501316
-1.410034	-1.582806
-1.608706	-1.670930
-1.811169	-1.753052
-2.013316	-1.822540
-2.211673	-1.886974
-2.406555	-1.964675
-2.614388	-2.052166
-2.808954	-2.134289
-3.016470	-2.200934
-3.212616	-2.257788
-3.416342	-2.320327
-3.609013	-2.392026
-3.805475	-2.464672
-4.013307	-2.533844
-4.210084	-2.600490
-4.410020	-2.652290
-4.611852	-2.699352
-4.807365	-2.765998
-5.008249	-2.846225
-5.211659	-2.935927
-5.406857	-2.995624
-5.617217	-3.050583
-5.812415	-3.098277
-6.010456	-3.173450
-6.208812	-3.252729
-6.409064	-3.332957
-6.610895	-3.387284
-6.809252	-3.429608
-7.012031	-3.474775
-7.208492	-3.558477
-7.408112	-3.655128
-7.608048	-3.723037
-7.808616	-3.775785
-8.012658	-3.805159
-8.212277	-3.848431
-8.410951	-3.928026
-8.602042	-4.002568
-8.810822	-4.087849
-9.008862	-4.135859
-9.186057	-4.160180
-9.243543	-4.162391
-9.254598	-4.176288
-9.246386	-4.197451
-9.238489	-4.220508
-9.224276	-4.219244
-9.229961	-4.200609
-9.222381	-4.188607
-9.179424	-4.173130
-9.012021	-4.134280
-8.807980	-4.072372
-8.609623	-4.007622
-8.411898	-3.936555
-8.213857	-3.876226
-8.012026	-3.814319
-7.809247	-3.770731
-7.607732	-3.722089
-7.411902	-3.657655
-7.210387	-3.581850
-7.013294	-3.503518
-6.807357	-3.423291
-6.612159	-3.373070
-6.409696	-3.317796
-6.211339	-3.262205
-6.007613	-3.182926
-5.811783	-3.111858
-5.611531	-3.036685
-5.410016	-2.991834
-5.207869	-2.944771
-5.008881	-2.887918
-4.806102	-2.815903
-4.611536	-2.739466
-4.410968	-2.657975
-4.211032	-2.600174
-4.008569	-2.541109
-3.808318	-2.470674
-3.608698	-2.395816
-3.410657	-2.325381
-3.213248	-2.242627
-3.010153	-2.175349
-2.810849	-2.115021
-2.608386	-2.048692
-2.412872	-1.976677
-2.211989	-1.889817
-2.012053	-1.807379
-1.809906	-1.728415
-1.612497	-1.666824
-1.407191	-1.593545
-1.207887	-1.514582
-1.006372	-1.423616
-0.818754	-1.310540
-0.612501	-1.156719
-0.410354	-0.947307
-0.209787	-0.726841
-0.010798	-0.489950
0.192637	-0.245794
0.387228	-0.051544
0.594140	0.125983
0.788731	0.249814
0.990272	0.342687
1.190866	0.407446
1.389879	0.426399
1.586366	0.446617
1.785380	0.463359
1.990396	0.464623
2.192569	0.496844
2.390003	0.526538
2.586174	0.528433
2.791506	0.542649
2.985466	0.546124
3.187955	0.553073
3.392971	0.568552
3.589773	0.602037
3.793526	0.599194
3.987485	0.622254
4.184920	0.626361
4.382986	0.621622
4.589581	0.650685
4.791122	0.649105
4.997086	0.661425
5.191046	0.690488
5.388480	0.673745
5.590022	0.658898
5.792511	0.689540
5.992472	0.692067
6.195909	0.713864
6.389236	0.741031
6.593936	0.712600
6.782526	0.699333
6.986594	0.724604
7.186556	0.739451
7.389676	0.762512
7.593429	0.774832
7.791179	0.753982
7.986086	0.737240
8.185732	0.747349
8.385694	0.774200
8.589762	0.791574
8.785617	0.803262
8.991897	0.762828
9.182382	0.738820
9.382659	0.771357
9.585779	0.794733
9.787004	0.827902
9.987914	0.833904
9.786057	0.781150
9.588306	0.748296
9.388029	0.763775
9.185856	0.800419
8.990633	0.818425
8.791303	0.809264
8.587234	0.743242
8.386326	0.722393
8.183520	0.743242
7.985770	0.788731
7.790547	0.790310
7.588690	0.777359
7.384938	0.712284
7.188767	0.673745
6.988805	0.703123
6.792003	0.743242
6.597095	0.766302
6.389236	0.735029
6.192433	0.669323
5.988681	0.646262
5.785876	0.677220
5.587810	0.702176
5.390376	0.714812
5.192626	0.695858
4.995507	0.627624
4.789859	0.595719
4.588634	0.635838
4.386777	0.654791
4.186183	0.651001
3.993171	0.625097
3.785312	0.560339
3.589142	0.540437
3.389496	0.568868
3.186691	0.591296
2.990204	0.573606
2.793402	0.553705
2.590597	0.503162
2.390003	0.476627
2.190358	0.502530
1.987237	0.509796
1.788855	0.483892
1.585419	0.445353
1.392091	0.392598
1.187075	0.360377
0.988693	0.336685
0.788415	0.266872
0.588769	0.133249
0.385649	-0.049648
0.195480	-0.245794
-0.011430	-0.476052
-0.209471	-0.737580
-0.411302	-0.979840
-0.614712	-1.159877
-0.813701	-1.295379
-1.003213	-1.411297
-1.208203	-1.498789
-1.406244	-1.586913
-1.609338	-1.669666
-1.809590	-1.747367
-2.012369	-1.821908
-2.213568	-1.904346
-2.407819	-1.990575
-2.609018	-2.057536
-2.814639	-2.127971
-3.010153	-2.186404
-3.214195	-2.259683
-3.410973	-2.332329
-3.613120	-2.403081
-3.808002	-2.459303
-4.010465	-2.521842
-4.211032	-2.572695
-4.411284	-2.623547
-4.614694	-2.696194
-4.808629	-2.767893
-5.008881	-2.835170
-5.209133	-2.893919
-5.407489	-2.961828
-5.611531	-3.038264
-5.817784	-3.121650
-6.005086	-3.203772
-6.207549	-3.271681
-6.409064	-3.313374
-6.609000	-3.365805
-6.807357	-3.437189
-7.010767	-3.527523
-7.211650	-3.614699
-7.407165	-3.664604
-7.608364	-3.711035
-7.809247	-3.756833
-8.012026	-3.831059
-8.211962	-3.916972
-8.411898	-3.980774
-8.602674	-4.024994
-8.812085	-4.059106
-9.009495	-4.113117
-9.167738	-4.193976
-9.183214	-4.227457
-9.195848	-4.241670
-9.219222	-4.229983
-9.253966	-4.207874
-9.255230	-4.191449
-9.223329	-4.205347
-9.191111	-4.223351
-9.159842	-4.212612
-9.014864	-4.139965
-8.808295	-4.027836
-8.608359	-3.967824
-8.413477	-3.923604
-8.205960	-3.894862
-8.009183	-3.844009
-7.802930	-3.764414
-7.610259	-3.670605
-7.405585	-3.609329
-7.209124	-3.584377
-7.012346	-3.540157
-6.811147	-3.469406
-6.610895	-3.375597
-6.408748	-3.285894
-6.211655	-3.220196
-6.002244	-3.179767
-5.810835	-3.135863
-5.609636	-3.058795
-5.410648	-2.980147
-5.210396	-2.904342
-5.009197	-2.854753
-4.806734	-2.807059
-4.614694	-2.743888
-4.411284	-2.665872
-4.212927	-2.583118
-4.010149	-2.505733
-3.813056	-2.456144
-3.606802	-2.397395
-3.411604	-2.346227
-3.216090	-2.259999
-3.012048	-2.169980
-2.808322	-2.094175
-2.612808	-2.031320
-2.407503	-1.969412
-2.214515	-1.907821
-2.013000	-1.826330
-1.811801	-1.743261
-1.609338	-1.673457
-1.408771	-1.604600
-1.205992	-1.520267
-1.005108	-1.431828
-0.815280	-1.306118
-0.608395	-1.176302
-0.412249	-0.983314
-0.207260	-0.745160
-0.004797	-0.484896
0.193585	-0.234739
0.387544	-0.044911
0.584979	0.137355
0.789047	0.268452
0.989640	0.353427
1.190234	0.390387
1.389248	0.395442
1.586366	0.426399
1.790119	0.481365
1.987869	0.511375
2.189094	0.520220
2.386845	0.500951
2.591545	0.481049
2.789295	0.519904
2.986414	0.577397
3.190482	0.596351
3.392655	0.591928
3.590089	0.572975
3.785944	0.555916
3.993487	0.598246
4.184604	0.658582
4.386461	0.677536
4.581368	0.657950
4.790807	0.632363
4.990452	0.605196
5.192626	0.664900
5.382478	0.720814
5.589074	0.719550
5.789667	0.701860
5.988997	0.665848
6.194329	0.644683
6.389552	0.709441
6.597411	0.764091
6.787264	0.759984
6.994492	0.738504
7.190346	0.701228
7.389992	0.704071
7.589954	0.767566
7.786757	0.794101
7.985455	0.802946
8.186364	0.760932
8.387589	0.732186
8.587867	0.740083
8.784986	0.788415
8.991264	0.820005
9.182697	0.817477
9.384870	0.783677
9.586411	0.756510
9.788268	0.757457
9.987914	0.809580
9.783529	0.838011
9.587043	0.807053
9.385186	0.772620
9.184592	0.759037
8.990001	0.745137
8.788775	0.790942
8.588182	0.812739
8.383166	0.785572
8.186996	0.753667
7.987350	0.729027
7.790231	0.723657
7.586163	0.751771
7.388097	0.772620
7.187503	0.733449
6.988173	0.721445
6.789159	0.707230
6.600570	0.687960
6.396186	0.716075
6.189275	0.727131
5.988365	0.709441
5.788404	0.692067
5.587494	0.672797
5.387848	0.658582
5.193257	0.676904
4.990452	0.672482
4.788911	0.643735
4.587370	0.647842
4.388356	0.611198
4.184920	0.609618
3.991908	0.613725
3.788787	0.599510
3.591037	0.585926
3.387600	0.582136
3.187955	0.556232
2.986098	0.541385
2.788347	0.546124
2.587122	0.534751
2.391899	0.516429
2.183724	0.509164
1.989764	0.475679
1.784748	0.452934
1.586682	0.446301
1.391143	0.426399
1.189602	0.396705
0.988693	0.340476
0.789363	0.249814
0.586242	0.124088
0.389439	-0.048385
0.192637	-0.253375
-0.010167	-0.498478
-0.203785	-0.741054
-0.409723	-0.956783
-0.613449	-1.148822
-0.811805	-1.304854
-1.009215	-1.395505
-1.204413	-1.492156
-1.411929	-1.572067
-1.607127	-1.664613
-1.814960	-1.749578
-2.010789	-1.807695
-2.207567	-1.875604
-2.410345	-1.941301
-2.608386	-2.036058
-2.814639	-2.128919
-3.008574	-2.204092
-3.212616	-2.270106
-3.414131	-2.311483
-3.607434	-2.395500
-3.806107	-2.466883
-4.002884	-2.537635
-4.208505	-2.596068
-4.412548	-2.631759
-4.606482	-2.690508
-4.810524	-2.752100
-5.005722	-2.845909
-5.211344	-2.915713
-5.415386	-2.975725
-5.611216	-3.033211
-5.816837	-3.097961
-6.008876	-3.170923
-6.212918	-3.267890
-6.409696	-3.345275
-6.609000	-3.411920
-6.809567	-3.452034
-7.014873	-3.511098
-7.214493	-3.574901
-7.413166	-3.641231
-7.608680	-3.721142
-7.809247	-3.774205
-8.015817	-3.818741
-8.210698	-3.883175
-8.416004	-3.946030
-8.605201	-4.010780
-8.812085	-4.080584
-9.008862	-4.135859
-9.182899	-4.166812
-9.236910	-4.168076
-9.251439	-4.173761
-9.250808	-4.189870
-9.250175	-4.206926
-9.240384	-4.206926
-9.233751	-4.203768
-9.205641	-4.200609
-9.167422	-4.193660
-9.009810	-4.158600
-8.806716	-4.114065
-8.605201	-4.042050
-8.411898	-3.957717
-8.213225	-3.890124
-8.009815	-3.823479
-7.813037	-3.771363
-7.607732	-3.709771
-7.409376	-3.634913
-7.209124	-3.566057
-7.011399	-3.490252
-6.806409	-3.415710
-6.603946	-3.362331
-6.406221	-3.317480
-6.202495	-3.242622
-6.003191	-3.185137
-5.804203	-3.120070
-5.616269	-3.051530
-5.410016	-2.985832
-5.211344	-2.936559
-5.008881	-2.863597
-4.806734	-2.804532
-4.613747	-2.725252
-4.413179	-2.652606
-4.208821	-2.585645
-4.005095	-2.542372
-3.808634	-2.473200
-3.608698	-2.415083
-3.410657	-2.328539
-3.213879	-2.246417
-3.007626	-2.176929
-2.809270	-2.118812
-2.608070	-2.051850
-2.398975	-1.975098
-2.209462	-1.881289
-2.005104	-1.802957
-1.808011	-1.732837
-1.605864	-1.674720
-1.402453	-1.596388
-1.201570	-1.508581
-1.001318	-1.414456
-0.816859	-1.311487
-0.613765	-1.158930
-0.404037	-0.958994
-0.206628	-0.732842
-0.007640	-0.483001
0.189794	-0.245794
0.386596	-0.043015
0.586558	0.129458
0.789047	0.256448
0.987429	0.343635
1.192761	0.403655
1.397461	0.409025
1.589525	0.442510
1.789171	0.460516
1.988185	0.467466
2.196044	0.496844
2.387476	0.515482
2.589965	0.527486
2.791506	0.546755
2.993047	0.550862
3.186691	0.560971
3.389180	0.588138
3.591669	0.602985
3.791314	0.618148
3.993487	0.631099
4.187447	0.622886
4.388041	0.621307
4.587054	0.639313
4.789543	0.659214
4.987926	0.673429
5.191362	0.691751
5.386901	0.671218
5.587178	0.657003
5.790615	0.670902
5.990261	0.698069
6.193381	0.721445
6.387973	0.739135
6.591409	0.717023
6.789159	0.693331
6.985331	0.719234
7.192558	0.734713
7.389676	0.774516
7.587742	0.775147
7.791179	0.747665
7.987982	0.723341
8.185732	0.745137
8.386642	0.778622
8.587867	0.809896
8.792251	0.806421
8.990317	0.761248
9.186172	0.737872
9.387713	0.758089
9.587043	0.805473
9.788268	0.832640
9.988230	0.823795
9.789847	0.770093
9.589570	0.727763
9.384870	0.760300
9.185540	0.804210
8.996319	0.818741
8.794778	0.806421
8.593553	0.750824
8.384430	0.722709
8.187311	0.751771
7.985138	0.801999
7.794970	0.806737
7.591849	0.780834
7.388729	0.722077
7.185292	0.669007
6.989437	0.715127
6.782210	0.758089
6.592673	0.758089
6.386393	0.731870
6.190222	0.674377
5.983943	0.637417
5.787456	0.690172
5.586231	0.720814
5.385322	0.720182
5.188835	0.691119
4.986662	0.627624
4.788911	0.600773
4.588002	0.643419
4.386145	0.667427
4.187447	0.650685
3.984958	0.615936
3.788471	0.561918
3.585667	0.538542
3.389812	0.575186
3.192377	0.588138
2.986414	0.576134
2.802879	0.536963
2.596915	0.487051
2.395374	0.471256
2.191305	0.512639
1.990080	0.512323
1.785380	0.494948
1.584471	0.460516
1.392722	0.409341
1.189602	0.369538
0.995010	0.338580
0.797260	0.257711
0.592560	0.126615
0.391967	-0.048701
0.195480	-0.244531
-0.009219	-0.467840
-0.211050	-0.734737
-0.409723	-0.968469
-0.611870	-1.161772
-0.808015	-1.300432
-1.011425	-1.403717
-1.201886	-1.508896
-1.412561	-1.585333
-1.611233	-1.656085
-1.813380	-1.734733
-2.011737	-1.807695
-2.211041	-1.894871
-2.402449	-1.984258
-2.609334	-2.058483
-2.804848	-2.132077
-3.005731	-2.186089
-3.209141	-2.236310
-3.408762	-2.326960
-3.608382	-2.413188
-3.806738	-2.477938
-4.003516	-2.528159
-4.210401	-2.582170
-4.411916	-2.638077
-4.615642	-2.729990
-4.806418	-2.812428
-5.012671	-2.871809
-5.209448	-2.930242
-5.412543	-2.990570
-5.609636	-3.062585
-5.811152	-3.152288
-6.002244	-3.231251
-6.205022	-3.291579
-6.410012	-3.318111
-6.613106	-3.364226
-6.810831	-3.447927
-7.009503	-3.535735
-7.217968	-3.616910
-7.409060	-3.663972
-7.606153	-3.705665
-7.803878	-3.740093
-8.011710	-3.823479
-8.212910	-3.913181
-8.411898	-3.981722
-8.609623	-4.023730
-8.805768	-4.060686
-9.014233	-4.119750
-9.168054	-4.189870
-9.187952	-4.225245
-9.209746	-4.227457
-9.235015	-4.213559
-9.262810	-4.196503
-9.248913	-4.196819
-9.213221	-4.216718
-9.180372	-4.232510
-9.152893	-4.224298
-9.011074	-4.156705
-8.811138	-4.062581
-8.608359	-3.992461
-8.412530	-3.953611
-8.210067	-3.908443
-8.011395	-3.845273
-7.809247	-3.751148
-7.611838	-3.667762
-7.406217	-3.609013
-7.217968	-3.576164
-7.011399	-3.541105
-6.814305	-3.465931
-6.612790	-3.369911
-6.411907	-3.290632
-6.209760	-3.221144
-6.006981	-3.185452
-5.813363	-3.127967
-5.609636	-3.052478
-5.410016	-2.968460
-5.206922	-2.906869
-5.007617	-2.853173
-4.806418	-2.807374
-4.614063	-2.746731
-4.407810	-2.667451
-4.211664	-2.580591
-4.013939	-2.503206
-3.807054	-2.445089
-3.609329	-2.392342
-3.412868	-2.325381
-3.215775	-2.244522
-3.007942	-2.160820
-2.810849	-2.081541
-2.609334	-2.016791
-2.406871	-1.955199
-2.213568	-1.880973
-2.011421	-1.801062
-1.812749	-1.723362
-1.611233	-1.635554
-1.410982	-1.574278
-1.204728	-1.498789
-1.000055	-1.423300
-0.810542	-1.303591
-0.605868	-1.162088
-0.414145	-0.975418
-0.208207	-0.737580
-0.003849	-0.486791
0.191057	-0.238214
0.389755	-0.043963
0.587506	0.137039
0.789995	0.270031
0.989008	0.352164
1.190550	0.387228
1.388932	0.389755
1.588893	0.436508
1.788539	0.486735
1.988185	0.512323
2.192253	0.510111
2.384633	0.496844
2.591861	0.485788
2.793402	0.524011
2.985466	0.575502
3.184796	0.597614
3.394866	0.582451
3.589773	0.568868
3.790367	0.553705
3.990960	0.612146
4.186183	0.654476
4.386777	0.674377
4.587054	0.650685
4.790175	0.629204
4.990452	0.618464
5.192309	0.661741
5.385953	0.717655
5.588126	0.722077
5.789351	0.691751
5.989629	0.663952
6.191802	0.661109
6.390500	0.717970
6.592673	0.748928
6.789159	0.755562
6.982487	0.740399
7.185608	0.711968
7.390624	0.710389
7.590586	0.753351
7.790863	0.796312
7.987034	0.783993
8.186364	0.756510
8.385694	0.735029
8.588498	0.741031
8.787828	0.773568
8.990949	0.811475
9.183645	0.799471
9.387397	0.777359
9.584516	0.768514
9.784793	0.771357
9.990757	0.803262
9.789216	0.821268
9.594625	0.781150
9.388660	0.780518
9.194069	0.771041
8.991897	0.752719
8.791303	0.788415
8.587551	0.800103
8.387905	0.771357
8.186364	0.761248
7.989877	0.749876
7.791495	0.729659
7.591849	0.752403
7.386833	0.750508
7.189714	0.736608
6.985646	0.729027
6.786001	0.707862
6.592673	0.690488
6.389236	0.723341
6.195909	0.710073
5.991209	0.699964
5.790615	0.701228
5.592865	0.673745
5.386585	0.666164
5.191678	0.662057
4.992348	0.661109
4.793966	0.640892
4.591477	0.645946
4.394990	0.610882
4.187131	0.592560
4.000753	0.604564
3.787840	0.591612
3.595144	0.589717
3.386653	0.584979
3.193957	0.546755
2.985150	0.529697
2.796561	0.531592
2.592492	0.520220
2.391267	0.518641
2.194149	0.510743
1.991028	0.471888
1.794857	0.438403
1.592052	0.437456
1.387984	0.431138
1.188022	0.411552
0.989324	0.354059
0.785256	0.253920
0.590349	0.131037
0.386912	-0.041436
0.194848	-0.250216
-0.008271	-0.492476
-0.208839	-0.724314
-0.413513	-0.946991
-0.605552	-1.143769
-0.809594	-1.313067
-1.000686	-1.408455
-1.208519	-1.494683
-1.404349	-1.584386
-1.603653	-1.674404
-1.806431	-1.744524
-2.004472	-1.815275
-2.208199	-1.877183
-2.408766	-1.946355
-2.605859	-2.041743
-2.809901	-2.120391
-3.010469	-2.190195
-3.211668	-2.255577
-3.413184	-2.319695
-3.608066	-2.387288
-3.806422	-2.467515
-4.009517	-2.545531
-4.215770	-2.602701
-4.410968	-2.655133
-4.613431	-2.713250
-4.807682	-2.777684
-5.009512	-2.858859
-5.211028	-2.935927
-5.410016	-2.996887
-5.612795	-3.053425
-5.811152	-3.114069
-6.009192	-3.176924
-6.208180	-3.248307
-6.411591	-3.332641
-6.609948	-3.398023
-6.812726	-3.448243
-7.011399	-3.512046
-7.210071	-3.569216
-7.409376	-3.644073
-7.607416	-3.717036
-7.807352	-3.778943
-8.016448	-3.818741
-8.212277	-3.874331
-8.411898	-3.940029
-8.605832	-4.005095
-8.809559	-4.084374
-9.009495	-4.138386
-9.179740	-4.180710
-9.225539	-4.180710
-9.252703	-4.173761
-9.259651	-4.184185
-9.248596	-4.205978
-9.223329	-4.218928
-9.219853	-4.210401
-9.216063	-4.195240
-9.177214	-4.173130
-9.009810	-4.130489
-8.806400	-4.076162
-8.607728	-4.021204
-8.413793	-3.958980
-8.209119	-3.880017
-8.015500	-3.817477
-7.811774	-3.757781
-7.613418	-3.722721
-7.406848	-3.660498
-7.215756	-3.602381
-7.012978	-3.522785
-6.813358	-3.440663
-6.602051	-3.384125
-6.407485	-3.336431
-6.211339	-3.251782
-6.001927	-3.197771
-5.811152	-3.107436
-5.610268	-3.028157
-5.408437	-2.962459
-5.206606	-2.916660
-5.006986	-2.859175
-4.804523	-2.789371
-4.614378	-2.717672
-4.411916	-2.645657
-4.209453	-2.588487
-4.008254	-2.530054
-3.807054	-2.461514
-3.608698	-2.391078
-3.415079	-2.305482
-3.213879	-2.229676
-3.009521	-2.169980
-2.811796	-2.120707
-2.609650	-2.051850
-2.404976	-1.978256
-2.213252	-1.888870
-2.010789	-1.804220
-1.811485	-1.735996
-1.609338	-1.675352
-1.409402	-1.596704
-1.206308	-1.507949
-1.008267	-1.398663
-0.812121	-1.296326
-0.616923	-1.165563
-0.410354	-0.944148
-0.212945	-0.719892
-0.006692	-0.469103
0.196428	-0.240425
0.384701	-0.042384
0.590981	0.127562
0.786204	0.251393
0.992483	0.341423
1.192129	0.401128
1.390511	0.430506
1.590157	0.462095
1.786012	0.476311
1.994819	0.464307
2.191305	0.492105
2.395690	0.506005
2.590281	0.529697
2.791506	0.565709
2.988309	0.549598
3.187007	0.553389
3.389812	0.584031
3.590721	0.598878
3.789735	0.624150
3.993803	0.644367
4.188079	0.630468
4.387409	0.611198
4.586107	0.639313
4.791754	0.647842
4.990452	0.683854
5.187571	0.698069
5.387217	0.676904
5.585915	0.650685
5.789035	0.676272
5.988997	0.705651
6.191802	0.734081
6.390816	0.742610
6.592988	0.708494
6.787580	0.685433
6.991016	0.714496
7.187187	0.743558
7.389360	0.786204
7.591849	0.785888
7.791179	0.751139
7.986402	0.711968
8.186996	0.739767
8.387589	0.784308
8.592289	0.820320
8.789092	0.812107
8.991897	0.759984
9.184592	0.720814
9.387081	0.749560
9.587043	0.819057
9.785110	0.850015
9.983491	0.837695
9.780055	0.777991
9.585464	0.734397
9.383290	0.765671
9.185225	0.821268
8.994424	0.830745
8.792251	0.810528
8.594501	0.736608
8.388536	0.709757
8.192050	0.759984
7.984823	0.812739
7.788968	0.816214
7.588374	0.774832
7.391888	0.705651
7.186872	0.681958
6.985962	0.725236
6.785369	0.760300
6.591093	0.761880
6.396818	0.724604
6.191802	0.669007
5.989945	0.651001
5.785561	0.702807
5.587178	0.729659
5.382478	0.718602
5.190098	0.677536
4.989505	0.624781
4.783857	0.606775
4.586739	0.647526
4.389620	0.667111
4.186815	0.646262
3.991276	0.602985
3.791946	0.559075
3.583771	0.545492
3.388548	0.583399
3.187955	0.593192
2.984202	0.578345
2.790243	0.536647
2.585859	0.501266
2.387476	0.498739
2.190358	0.510111
1.985026	0.510427
1.787276	0.474415
1.586366	0.437771
1.393986	0.395757
1.190550	0.367327
0.993115	0.341423
0.787783	0.264977
0.587506	0.129458
0.384385	-0.056281
0.194532	-0.248953
-0.007008	-0.486159
-0.204101	-0.732842
-0.408775	-0.978893
-0.614080	-1.156719
-0.810226	-1.310856
-1.006372	-1.419510
-1.212309	-1.516477
-1.410034	-1.603021
-1.611865	-1.675352
-1.809906	-1.735680
-2.016475	-1.812433
-2.214200	-1.904662
-2.409398	-1.987416
-2.609650	-2.057220
-2.810533	-2.120075
-3.011417	-2.182614
-3.211984	-2.252734
-3.415395	-2.334224
-3.605223	-2.403713
-3.807686	-2.472569
-4.006990	-2.521842
-4.211348	-2.587224
-4.410020	-2.652606
-4.613431	-2.745783
-4.806102	-2.822220
-5.006354	-2.891392
-5.209448	-2.936559
-5.410648	-2.987096
-5.609952	-3.048056
-5.816205	-3.146286
-6.008561	-3.210089
-6.206601	-3.253045
-6.409696	-3.285263
-6.601419	-3.365174
-6.806725	-3.433398
-7.016452	-3.524364
-7.216073	-3.601117
-7.408744	-3.649759
-7.608364	-3.687030
-7.807984	-3.733460
-8.009500	-3.799158
-8.211962	-3.892335
-8.411266	-3.972562
-8.604569	-4.013623
-8.801347	-4.048683
-9.012021	-4.109959
-9.163316	-4.199977
-9.187321	-4.230615
-9.197112	-4.240091
-9.228066	-4.225562
-9.253966	-4.204715
-9.254282	-4.190502
-9.227434	-4.204715
-9.199955	-4.215770
-9.170264	-4.192081
-9.008547	-4.113117
-8.807664	-4.035101
-8.606464	-3.970667
-8.414741	-3.943187
-8.212277	-3.905917
-8.015500	-3.835797
-7.811142	-3.745778
-7.608048	-3.684819
-7.407165	-3.632703
-7.211650	-3.596063
-7.009503	-3.546474
-6.811147	-3.472248
-6.614369	-3.380019
-6.404010	-3.300739
-6.206917	-3.246412
-6.006033	-3.197771
-5.816521	-3.140285
-5.609636	-3.056584
-5.412543	-2.960880
-5.211659	-2.887918
-5.008881	-2.826326
-4.810524	-2.782738
-4.611220	-2.724621
-4.407178	-2.652290
-4.212927	-2.580275
-4.015518	-2.514893
-3.809265	-2.449195
-3.608066	-2.391394
-3.412552	-2.324749
-3.214511	-2.243258
-3.007626	-2.159241
-2.814323	-2.079646
-2.605543	-2.008894
-2.399606	-1.954883
-2.206935	-1.883500
-2.012369	-1.800114
-1.812433	-1.723046
-1.607127	-1.653242
-1.409402	-1.578700
-1.208835	-1.495946
-1.000371	-1.425511
-0.812437	-1.302959
-0.608079	-1.167142
-0.408775	-0.973523
-0.205049	-0.735685
-0.011430	-0.484580
0.198955	-0.245794
0.396073	-0.050596
0.589085	0.128826
0.791574	0.270347
0.991220	0.340792
1.193077	0.379963
1.393038	0.387228
1.592052	0.428926
1.788223	0.490842
1.991344	0.502214
2.187199	0.507268
2.382422	0.496528
2.590913	0.495896
2.794034	0.536963
2.985150	0.589401
3.188902	0.602669
3.389812	0.587506
3.590405	0.567920
3.790367	0.570447
3.998542	0.610566
4.185552	0.654791
4.388988	0.664268
4.586422	0.650685
4.788596	0.638049
4.984450	0.626993
5.191362	0.670270
5.385322	0.705966
5.584335	0.710389
5.788404	0.689540
5.989313	0.668375
6.190538	0.677536
6.391448	0.717023
6.595200	0.744190
6.790739	0.740715
6.990701	0.721445
7.185292	0.716075
7.389360	0.724920
7.586795	0.758089
7.790547	0.790942
7.987666	0.773252
8.183205	0.753351
8.389169	0.750192
8.591658	0.732818
8.790671	0.782729
8.989685	0.797260
9.189647	0.782729
9.388029	0.775147
9.589886	0.767882
9.792375	0.768830
9.989178	0.801683
9.780686	0.816214
9.585464	0.795681
9.387081	0.788099
9.184277	0.777675
8.990949	0.759037
8.788775	0.790942
8.589446	0.789995
8.385378	0.771989
8.187311	0.768198
7.986086	0.749560
7.788652	0.728711
7.589638	0.742926
7.389044	0.743558
7.189399	0.739135
6.986910	0.741031
6.785369	0.712284
6.593620	0.694278
6.393975	0.715759
6.188643	0.713548
5.987733	0.717655
5.788088	0.711337
5.583704	0.674377
5.384690	0.663637
5.192626	0.658582
4.988241	0.665532
4.793650	0.657003
4.585475	0.658898
4.387093	0.614357
4.185867	0.597930
3.992224	0.604564
3.788156	0.591296
3.590089	0.602353
3.385073	0.591296
3.188902	0.552441
2.985150	0.532224
2.791190	0.531592
2.589965	0.530329
2.390003	0.533172
2.183724	0.507900
1.988817	0.470625
1.786644	0.439351
1.584471	0.434928
1.390827	0.424820
1.188022	0.404287
0.990588	0.343951
0.790626	0.240653
0.589717	0.111452
0.389439	-0.061335
0.190110	-0.262534
-0.006376	-0.506690
-0.214209	-0.735053
-0.408775	-0.957414
-0.612185	-1.141242
-0.813069	-1.297590
-1.007635	-1.410350
-1.212309	-1.511739
-1.409718	-1.590071
-1.612813	-1.675668
-1.810538	-1.740734
-2.017107	-1.810538
-2.216411	-1.881921
-2.413188	-1.957726
-2.609018	-2.034163
-2.815903	-2.112494
-3.009521	-2.186720
-3.212616	-2.236625
-3.413184	-2.311167
-3.608382	-2.380339
-3.809897	-2.463725
-4.011096	-2.539530
-4.210084	-2.608386
-4.408441	-2.669030
-4.612167	-2.726832
-4.806102	-2.789055
-5.006038	-2.863913
-5.209133	-2.941613
-5.411911	-3.005731
-5.610899	-3.055636
-5.814942	-3.109016
-6.008561	-3.171555
-6.211971	-3.243254
-6.409696	-3.323797
-6.613422	-3.386020
-6.808304	-3.444137
-7.000659	-3.515836
-7.219231	-3.557529
-7.407796	-3.622279
-7.611207	-3.691767
-7.810827	-3.753675
-8.012341	-3.806422
-8.212277	-3.863592
-8.411898	-3.935607
-8.605201	-4.007938
-8.810506	-4.085638
-9.006652	-4.147861
-9.172791	-4.189554
-9.219853	-4.188291
-9.248913	-4.187659
-9.246070	-4.197134
-9.247334	-4.214507
-9.225539	-4.221456
-9.212905	-4.216086
-9.208167	-4.199977
-9.179740	-4.179762
-9.009495	-4.134595
-8.806085	-4.075215
-8.607096	-4.012991
-8.409371	-3.953295
-8.207856	-3.866751
-8.008236	-3.806738
-7.814301	-3.749253
-7.601415	-3.717036
-7.408112	-3.674395
-7.213861	-3.614383
-7.006977	-3.529418
-6.807673	-3.444453
-6.610579	-3.376860
-6.411907	-3.330745
-6.208812	-3.271996
-6.004455	-3.207246
-5.812731	-3.117228
-5.610584	-3.029420
-5.407489	-2.976673
-5.210396	-2.943508
-5.006670	-2.881284
-4.808313	-2.800426
-4.610588	-2.711987
-4.410968	-2.627653
-4.211664	-2.572379
-4.009517	-2.531318
-3.808002	-2.469726
-3.607434	-2.386972
-3.408762	-2.310851
-3.210405	-2.226518
-3.010785	-2.158925
-2.811165	-2.111231
-2.609965	-2.034478
-2.405923	-1.960884
-2.213252	-1.875919
-2.010789	-1.802325
-1.814012	-1.741050
-1.611233	-1.673773
-1.408771	-1.603653
-1.207255	-1.511423
-1.008267	-1.417614
-0.811490	-1.312119
-0.614080	-1.163036
-0.410354	-0.948570
-0.211682	-0.725577
-0.007956	-0.482053
0.189162	-0.248637
0.386281	-0.044595
0.584979	0.129142
0.788415	0.254552
0.990904	0.338580
1.189918	0.395757
1.390511	0.425136
1.585734	0.463043
1.786960	0.463991
1.988185	0.467782
2.192569	0.481997
2.390003	0.505373
2.590913	0.534435
2.790559	0.562234
2.987993	0.552126
3.186059	0.542649
3.386021	0.563498
3.589142	0.579292
3.790051	0.625729
3.987170	0.642472
4.189342	0.624466
4.384881	0.604564
4.588002	0.626993
4.789543	0.657950
4.990137	0.695542
5.190730	0.701228
5.390060	0.671218
5.586863	0.638681
5.791879	0.652896
5.988997	0.714180
6.190222	0.736924
6.389868	0.743558
6.589198	0.713864
6.785685	0.676272
6.987857	0.709757
7.190346	0.754298
7.388097	0.794417
7.594060	0.778306
7.789599	0.739451
7.993036	0.699333
8.190154	0.736924
8.397697	0.792838
8.594816	0.814318
8.791303	0.804210
8.995371	0.748296
9.183329	0.704703
9.387713	0.768198
9.585464	0.833904
9.790164	0.844013
9.988230	0.829481
9.786057	0.771357
9.587358	0.732818
9.383290	0.776727
9.186488	0.842433
8.990317	0.825375
8.787512	0.816846
8.590394	0.734081
8.387273	0.703755
8.188891	0.744190
7.984823	0.806421
7.792758	0.796312
7.589638	0.759669
7.391256	0.705019
7.185608	0.671218
6.986910	0.734081
6.787264	0.766934
6.595516	0.769145
6.385761	0.725552
6.192750	0.663005
5.989313	0.653212
5.788088	0.703123
5.582124	0.723025
5.385637	0.711653
5.186307	0.670586
4.989189	0.625413
4.784173	0.608987
4.587686	0.652896
4.389936	0.658266
4.185867	0.645630
3.986854	0.606459
3.789735	0.565393
3.590089	0.548651
3.386969	0.583399
3.187323	0.592876
2.986729	0.563498
2.789611	0.536331
2.590913	0.504741
2.395058	0.486103
2.194149	0.503478
1.988501	0.499687
1.788223	0.481997
1.588578	0.442826
1.390827	0.410289
1.192445	0.385333
0.991220	0.346794
0.794417	0.270663
0.586558	0.135144
0.387544	-0.049648
0.191373	-0.237266
-0.011746	-0.465629
-0.200627	-0.732842
-0.407196	-0.964363
-0.610290	-1.160509
-0.811174	-1.304539
-1.000686	-1.420141
-1.202833	-1.516793
-1.410666	-1.598915
-1.605232	-1.670298
