# Configuration automatically generated by WRITE_CONFIG()
connection eth
ip 192.168.0.10
samplehz 1000.000000
settleus 10.000000
nsample 128

# Analog Inputs
aichannel 0
ainegative 199
airange 10.000000
airesolution 0

aichannel 1
ainegative 199
airange 10.000000
airesolution 0

# Analog Outputs
aochannel 0
aosignal triangle
aofrequency 5.000000
aoamplitude 2.000000
aooffset 2.500000
aoduty 0.500000

# Meta Parameters
int:periods 10
flt:tip_T_C 319.578439
flt:plate_T_C 547.221309
flt:plate_Q_kW 0.882222
flt:cool_Thigh_C 46.499299
flt:cool_Tlow_C 15.012767
flt:air_psig 20.000000
flt:water_gph 6.000000
flt:standoff_in 0.233000
flt:oxygen_scfh 12.871094
flt:fuel_scfh 7.101219
flt:flow_scfh 19.972312
flt:ratio_fto 0.551718

## End Configuration ##
#: Thu Apr  6 11:15:51 2017
-7.214177	-3.440979
-9.354408	-4.097956
-9.357567	-4.082479
-9.346195	-4.069845
-9.309873	-4.073004
-9.210378	-4.053105
-9.000650	-4.006042
-8.802609	-3.923920
-8.604569	-3.838008
-8.416004	-3.777048
-8.204065	-3.739777
-8.009815	-3.688609
-7.806721	-3.620384
-7.612786	-3.542684
-7.406848	-3.482356
-7.219547	-3.428344
-7.011399	-3.375913
-6.807041	-3.326324
-6.610579	-3.247676
-6.408432	-3.177556
-6.209760	-3.107121
-6.003823	-3.047424
-5.816205	-2.982674
-5.610899	-2.916660
-5.410016	-2.837697
-5.210396	-2.754943
-5.008565	-2.703143
-4.807050	-2.655133
-4.614063	-2.608702
-4.410968	-2.542057
-4.213243	-2.475411
-4.009201	-2.394553
-3.809897	-2.332013
-3.608066	-2.263157
-3.413815	-2.215147
-3.211668	-2.139974
-3.016786	-2.067011
-2.807690	-1.988680
-2.610597	-1.929931
-2.406555	-1.857916
-2.211041	-1.792850
-2.011421	-1.698725
-1.815591	-1.621657
-1.610602	-1.539850
-1.407507	-1.466572
-1.208203	-1.401822
-1.005108	-1.311803
-0.813069	-1.186093
-0.610290	-1.033219
-0.411934	-0.859184
-0.208839	-0.646298
-0.005429	-0.402774
0.197691	-0.189572
0.386596	-0.019958
0.590033	0.136723
0.787467	0.250446
0.990272	0.326576
1.190234	0.359429
1.394302	0.378699
1.586366	0.401128
1.788539	0.419450
1.987553	0.454514
2.187199	0.461148
2.389688	0.470309
2.591545	0.481681
2.789611	0.488631
2.987993	0.495580
3.184164	0.524327
3.391707	0.534435
3.590405	0.531276
3.788787	0.560339
3.997910	0.554653
4.190606	0.559707
4.388356	0.594140
4.589266	0.599194
4.791122	0.612777
4.987926	0.624150
5.190730	0.607091
5.381846	0.606459
5.584967	0.629204
5.785561	0.628888
5.989629	0.648158
6.190538	0.663321
6.391131	0.634890
6.596464	0.633626
6.791371	0.658582
6.987542	0.657634
7.191610	0.693331
7.391256	0.692699
7.591533	0.671850
7.787704	0.668691
7.984823	0.692383
8.187628	0.707546
8.381903	0.739135
8.589446	0.731238
8.791935	0.681327
8.991581	0.683538
9.182382	0.695858
9.384870	0.720814
9.584200	0.754614
9.787952	0.744190
9.987914	0.696805
9.786689	0.685433
9.591465	0.693015
9.388029	0.730922
9.189962	0.757141
8.991897	0.726184
8.794147	0.681643
8.585655	0.669007
8.389484	0.686065
8.186680	0.731238
7.986718	0.739767
7.788336	0.705651
7.589954	0.653844
7.384622	0.624781
7.188451	0.660162
6.985962	0.697437
6.786316	0.704071
6.593620	0.666795
6.389236	0.606775
6.193697	0.590981
5.988681	0.643103
5.787456	0.676588
5.584335	0.670270
5.386901	0.638681
5.191362	0.563814
4.990452	0.564130
4.785752	0.608355
4.587370	0.626993
4.385513	0.609618
4.188079	0.578029
3.990960	0.515482
3.794789	0.506321
3.586614	0.544228
3.390759	0.560339
3.188586	0.542017
2.992732	0.495580
2.798140	0.444089
2.592492	0.443458
2.389372	0.479470
2.188147	0.475047
1.992292	0.454830
1.789803	0.415343
1.583839	0.365747
1.398093	0.360061
1.194024	0.356902
0.993747	0.328472
0.789679	0.242548
0.589717	0.129458
0.391967	-0.023748
0.191373	-0.199679
-0.007956	-0.421409
-0.211998	-0.652299
-0.415724	-0.870870
-0.615344	-1.036694
-0.815596	-1.173459
-1.007319	-1.297906
-1.206624	-1.391083
-1.410350	-1.468151
-1.610286	-1.549010
-1.811169	-1.623236
-2.014264	-1.693987
-2.211673	-1.759053
-2.413188	-1.827594
-2.609965	-1.907821
-2.809270	-1.990891
-3.011417	-2.068907
-3.212300	-2.139342
-3.409393	-2.193038
-3.614699	-2.255261
-3.806738	-2.334224
-4.010780	-2.418242
-4.204399	-2.488361
-4.413179	-2.547742
-4.611852	-2.607754
-4.801048	-2.671873
-5.005091	-2.755259
-5.207869	-2.822220
-5.412227	-2.883811
-5.613426	-2.921398
-5.810835	-2.971935
-6.006981	-3.044897
-6.207549	-3.132073
-6.410644	-3.201245
-6.614054	-3.259047
-6.807988	-3.300739
-7.014557	-3.358857
-7.213546	-3.423291
-7.406533	-3.499728
-7.609627	-3.567952
-7.808616	-3.625122
-8.014869	-3.679133
-8.211015	-3.729986
-8.413793	-3.808318
-8.606780	-3.885070
-8.806400	-3.958980
-9.014233	-4.002568
-9.209746	-4.051842
-9.310188	-4.080584
-9.319980	-4.101115
-9.325033	-4.113749
-9.339562	-4.112802
-9.345880	-4.095429
-9.338615	-4.074267
-9.322507	-4.057843
-9.210378	-4.042366
-9.009810	-3.996251
-8.810506	-3.932133
-8.608044	-3.857591
-8.414109	-3.788735
-8.213857	-3.732828
-8.006341	-3.689556
-7.813985	-3.632387
-7.604574	-3.562899
-7.409060	-3.482671
-7.206281	-3.401181
-7.008240	-3.337694
-6.807041	-3.297265
-6.613422	-3.238200
-6.410644	-3.174397
-6.205022	-3.111542
-6.008245	-3.050583
-5.811467	-2.996571
-5.612795	-2.940665
-5.409069	-2.872441
-5.209448	-2.803268
-5.007617	-2.727463
-4.806734	-2.662397
-4.611536	-2.603964
-4.412231	-2.550901
-4.209769	-2.477307
-4.011412	-2.401501
-3.809581	-2.334856
-3.606802	-2.264421
-3.415395	-2.202829
-3.210721	-2.132393
-3.016470	-2.065748
-2.809901	-1.987732
-2.608702	-1.917296
-2.407819	-1.845282
-2.209778	-1.783374
-2.011105	-1.705674
-1.814644	-1.629869
-1.613444	-1.540798
-1.407507	-1.464045
-1.210098	-1.380344
-1.008267	-1.293800
-0.811805	-1.193989
-0.610290	-1.065121
-0.410670	-0.871818
-0.209155	-0.646613
-0.009535	-0.400879
0.195796	-0.205365
0.386281	-0.023748
0.590349	0.134512
0.789679	0.252657
0.992483	0.309518
1.188970	0.333210
1.392722	0.370170
1.586050	0.424820
1.786644	0.454198
1.990080	0.452303
2.191305	0.444089
2.391583	0.424188
2.591229	0.458621
2.789611	0.513902
2.987677	0.536015
3.187007	0.536963
3.391075	0.509164
3.589458	0.490842
3.791630	0.528749
3.988433	0.588138
4.187447	0.613409
4.388041	0.605828
4.589581	0.571711
4.783857	0.545176
4.990452	0.596035
5.188203	0.648158
5.388165	0.662057
5.588758	0.639313
5.786508	0.606459
5.989629	0.591612
6.192118	0.645946
6.387973	0.689856
6.593936	0.707546
6.791055	0.681011
6.986594	0.638365
7.190978	0.632047
7.388729	0.671534
7.590901	0.721129
7.787704	0.729027
7.986402	0.701228
8.186680	0.657634
8.389484	0.667743
8.590394	0.708494
8.789092	0.744506
8.993476	0.747980
9.183645	0.708178
9.387081	0.679747
9.584516	0.682590
9.787004	0.735345
9.991388	0.758721
9.791743	0.747665
9.593361	0.705019
9.387081	0.690488
9.184909	0.692699
8.989369	0.715443
8.790356	0.737240
8.589762	0.706914
8.386009	0.690488
8.186364	0.684801
7.981980	0.674061
7.789284	0.693962
7.588058	0.700596
7.389044	0.688592
7.183712	0.663321
6.986594	0.657319
6.787264	0.639313
6.593936	0.661425
6.385446	0.664584
6.193381	0.644051
5.984259	0.642472
5.790299	0.629836
5.584967	0.609303
5.386901	0.627940
5.186307	0.629204
4.991400	0.601405
4.793334	0.601089
4.594004	0.584663
4.387724	0.563814
4.185552	0.580556
3.993803	0.569816
3.789419	0.547703
3.591037	0.544544
3.386969	0.520536
3.187955	0.499687
2.979148	0.504109
2.794981	0.489894
2.592808	0.482629
2.388108	0.483576
2.188462	0.457357
1.988817	0.422608
1.784748	0.420397
1.588262	0.403023
1.392091	0.390703
1.191497	0.364484
0.990904	0.308886
0.789363	0.227385
0.586242	0.123140
0.387544	-0.035435
0.191373	-0.205996
-0.009219	-0.423936
-0.214524	-0.639981
-0.412881	-0.839601
-0.619450	-1.034799
-0.814964	-1.183566
-1.007004	-1.300748
-1.212625	-1.388240
-1.409402	-1.467835
-1.609022	-1.559749
-1.811485	-1.625763
-2.010789	-1.717045
-2.211673	-1.782111
-2.408134	-1.853494
-2.611861	-1.927088
-2.810217	-1.996892
-3.014259	-2.077119
-3.208194	-2.141237
-3.411604	-2.199039
-3.607750	-2.256208
-3.808634	-2.322538
-4.015203	-2.394868
-4.209137	-2.455513
-4.411916	-2.527527
-4.612799	-2.592909
-4.808945	-2.652606
-5.007617	-2.723989
-5.209764	-2.790318
-5.407489	-2.863281
-5.610584	-2.917924
-5.811783	-2.979199
-6.004455	-3.037948
-6.204391	-3.112490
-6.408116	-3.180399
-6.603946	-3.241675
-6.811779	-3.302319
-7.015821	-3.347802
-7.212282	-3.434030
-7.408428	-3.497517
-7.606784	-3.557213
-7.809879	-3.608698
-8.011395	-3.655760
-8.207856	-3.718931
-8.410318	-3.794420
-8.599199	-3.872120
-8.798188	-3.942556
-9.000650	-3.988355
-9.206903	-4.048683
-9.306398	-4.080584
-9.326297	-4.096693
-9.336404	-4.107116
-9.349986	-4.107432
-9.351881	-4.087533
-9.345880	-4.078689
-9.317769	-4.075215
-9.207851	-4.060054
-9.008231	-3.989934
-8.808295	-3.908128
-8.606780	-3.831059
-8.418847	-3.770731
-8.209119	-3.731881
-8.011710	-3.690188
-7.807352	-3.647548
-7.608995	-3.568900
-7.411271	-3.503834
-7.212914	-3.440031
-7.013610	-3.393285
-6.811463	-3.329482
-6.606473	-3.265364
-6.415065	-3.187348
-6.207865	-3.113754
-6.012035	-3.058795
-5.811783	-3.006047
-5.612163	-2.940349
-5.410648	-2.855069
-5.208185	-2.773578
-5.008881	-2.704722
-4.806102	-2.652606
-4.612167	-2.613440
-4.408757	-2.550901
-4.210084	-2.482044
-4.008885	-2.402449
-3.807686	-2.336120
-3.612804	-2.277371
-3.414763	-2.209462
-3.213563	-2.134289
-3.009837	-2.063853
-2.813692	-1.982362
-2.609965	-1.904978
-2.412872	-1.840228
-2.212305	-1.779900
-2.011737	-1.706621
-1.811169	-1.627658
-1.614076	-1.549958
-1.408771	-1.475416
-1.206939	-1.406875
-1.006372	-1.307065
-0.817491	-1.195885
-0.611238	-1.035115
-0.409407	-0.838021
-0.211050	-0.640928
-0.007640	-0.409091
0.190110	-0.191783
0.386281	-0.012378
0.590665	0.137987
0.788415	0.238126
0.990588	0.317731
1.189602	0.360693
1.393038	0.387860
1.583207	0.420713
1.790434	0.420713
1.987869	0.429558
2.189726	0.459884
2.385581	0.476942
2.595020	0.477574
2.794981	0.507268
2.986729	0.493369
3.189218	0.496212
3.393918	0.520220
3.597671	0.541385
3.791314	0.560339
3.988433	0.576449
4.186499	0.565393
4.388672	0.570447
4.587686	0.581820
4.791122	0.589085
4.990768	0.623834
5.191994	0.638365
5.385322	0.602037
5.587810	0.598246
5.786824	0.619727
5.989945	0.639944
6.188327	0.673429
6.392079	0.673113
6.594252	0.640260
6.786633	0.632047
6.984067	0.657634
7.185292	0.687645
7.386833	0.720498
7.591533	0.712916
7.793706	0.670902
7.985138	0.656055
8.183520	0.683538
8.389169	0.724288
8.589446	0.757457
8.787512	0.739135
8.985894	0.693331
9.186172	0.657319
9.385502	0.697121
9.584831	0.754614
9.789216	0.768514
9.989809	0.743242
9.782582	0.683538
9.587675	0.647842
9.387397	0.694278
9.186172	0.762512
8.990633	0.766618
8.790356	0.728079
8.591341	0.660162
8.386326	0.639944
8.186048	0.690172
7.983559	0.741979
7.795601	0.738188
7.583952	0.701544
7.385885	0.636154
7.190031	0.608987
6.987226	0.662373
6.789159	0.701860
6.592041	0.693331
6.392079	0.667111
6.190538	0.593824
5.993104	0.588138
5.789035	0.642472
5.586863	0.671534
5.388796	0.659846
5.190414	0.626045
4.986978	0.557496
4.790175	0.559707
4.586739	0.606144
4.386461	0.616568
4.184604	0.599826
3.992224	0.562550
3.786576	0.508216
3.590405	0.501582
3.384442	0.541701
3.191430	0.547071
2.990204	0.524327
2.791190	0.492105
2.586806	0.454198
2.395374	0.451987
2.187831	0.474731
1.987237	0.466518
1.789171	0.442194
1.583839	0.399548
1.392407	0.361325
1.187075	0.347110
0.988693	0.328156
0.783993	0.253289
0.588138	0.140830
0.385333	-0.017431
0.192637	-0.187045
-0.013009	-0.414776
-0.207260	-0.654194
-0.410354	-0.877503
-0.611554	-1.043959
-0.815596	-1.191463
-1.006688	-1.299485
-1.208519	-1.396768
-1.409402	-1.480154
-1.608075	-1.562908
-1.811169	-1.639029
-2.016791	-1.715465
-2.214515	-1.778320
-2.403081	-1.837385
-2.610281	-1.914138
-2.809901	-1.987416
-3.013943	-2.065748
-3.212300	-2.140605
-3.417606	-2.205987
-3.605223	-2.264736
-3.804212	-2.344964
-4.009517	-2.418874
-4.209453	-2.473200
-4.411600	-2.528159
-4.610904	-2.569536
-4.808629	-2.632391
-5.001300	-2.694930
-5.203763	-2.778948
-5.400225	-2.857280
-5.605846	-2.926768
-5.814626	-2.982358
-6.006981	-3.056900
-6.209128	-3.133968
-6.408432	-3.216090
-6.612474	-3.280209
-6.808304	-3.325376
-7.011399	-3.379071
-7.215125	-3.422659
-7.403374	-3.497833
-7.608995	-3.578060
-7.809879	-3.646284
-8.010762	-3.692715
-8.210382	-3.754307
-8.415372	-3.810213
-8.606780	-3.880332
-8.810506	-3.942872
-9.007600	-3.987407
-9.209431	-4.037312
-9.319664	-4.065423
-9.345564	-4.072056
-9.351881	-4.085954
-9.358829	-4.097641
-9.347459	-4.085638
-9.352829	-4.064792
-9.339878	-4.045840
-9.207851	-3.992461
-9.006652	-3.951084
-8.805768	-3.899600
-8.607728	-3.837376
-8.408108	-3.789998
-8.211015	-3.735355
-8.010447	-3.693347
-7.809563	-3.639335
-7.610259	-3.591957
-7.408428	-3.520574
-7.211019	-3.456140
-7.011714	-3.391706
-6.811147	-3.328219
-6.609632	-3.267890
-6.399904	-3.193980
-6.200600	-3.141233
-6.008561	-3.046161
-5.809256	-2.991834
-5.612479	-2.934348
-5.404331	-2.862965
-5.208817	-2.797267
-5.007617	-2.709460
-4.808629	-2.645341
-4.612167	-2.597015
-4.406546	-2.546163
-4.207558	-2.458987
-4.006359	-2.384761
-3.812740	-2.315905
-3.606802	-2.245785
-3.404971	-2.201566
-3.211037	-2.113442
-3.005100	-2.049639
-2.805795	-1.981415
-2.600490	-1.905294
-2.404660	-1.826962
-2.212936	-1.760948
-2.010789	-1.689881
-1.809906	-1.617550
-1.614076	-1.549642
-1.408139	-1.469099
-1.207255	-1.393610
-1.009215	-1.290325
-0.815596	-1.177881
-0.613133	-1.053118
-0.409091	-0.881609
-0.211050	-0.657353
-0.007324	-0.413829
0.192005	-0.199679
0.400180	-0.024696
0.589401	0.149043
0.788099	0.264661
0.988693	0.334158
1.192445	0.363536
1.389248	0.357218
1.584471	0.395126
1.789803	0.452619
1.989133	0.475679
2.190042	0.472836
2.398217	0.453250
2.594704	0.433033
2.796876	0.474099
2.987677	0.517693
3.184796	0.556548
3.392655	0.536963
3.587878	0.521168
3.794789	0.520536
3.993171	0.550230
4.189026	0.599510
4.387409	0.614673
4.589266	0.610882
4.788280	0.586874
4.989189	0.578029
5.185992	0.607723
5.383426	0.658266
5.586231	0.659846
5.789351	0.631731
5.989313	0.614989
6.190222	0.618148
6.390816	0.639944
6.590146	0.689224
6.784421	0.692067
6.987857	0.664268
7.188767	0.652896
7.389360	0.653844
7.591218	0.687329
7.793074	0.713864
7.986402	0.714812
8.188259	0.690803
8.387273	0.686697
8.588498	0.682590
8.792883	0.709441
8.989369	0.742610
9.185225	0.722709
9.386765	0.707230
9.587991	0.705335
9.787004	0.703123
9.987914	0.719866
9.787004	0.747349
9.590202	0.727447
9.386450	0.712284
9.183961	0.721761
8.991264	0.694594
8.789723	0.708809
8.590394	0.720182
8.384746	0.697437
8.187628	0.700596
7.985138	0.694594
7.794338	0.669323
7.589638	0.680695
7.388097	0.683854
7.190346	0.665848
6.985331	0.673113
6.786948	0.668059
6.587618	0.635522
6.394607	0.648158
6.186748	0.639944
5.993104	0.639313
5.788088	0.647526
5.586231	0.634258
5.392587	0.595087
5.192309	0.607091
4.994243	0.599826
4.787648	0.597299
4.589898	0.612462
4.383618	0.584347
4.186183	0.550230
3.992224	0.547703
3.795105	0.530961
3.597355	0.541385
3.385073	0.556864
3.191114	0.521168
2.987045	0.496528
2.796876	0.485788
2.592808	0.475047
2.391583	0.480733
2.184040	0.473783
1.987553	0.446617
1.788223	0.408077
1.586998	0.388808
1.392091	0.394178
1.193077	0.373329
0.990904	0.334158
0.787467	0.239705
0.593192	0.121876
0.389439	-0.030381
0.193585	-0.197152
-0.009219	-0.431201
-0.210102	-0.658300
-0.410354	-0.849708
-0.614712	-1.015847
-0.817807	-1.181987
-1.007319	-1.304539
-1.207571	-1.399295
-1.409086	-1.467520
-1.611233	-1.553748
-1.809274	-1.620393
-2.012053	-1.693671
-2.213884	-1.777689
-2.403397	-1.847493
-2.604596	-1.921087
-2.808322	-1.998471
-3.006047	-2.074276
-3.204720	-2.142185
-3.414763	-2.208199
-3.608698	-2.265368
-3.813371	-2.334540
-4.008885	-2.409082
-4.208505	-2.478254
-4.413811	-2.530054
-4.612799	-2.587856
-4.811472	-2.656396
-5.009512	-2.720515
-5.208501	-2.795372
-5.412543	-2.863913
-5.614058	-2.914133
-5.806414	-2.988675
-6.007297	-3.054689
-6.204074	-3.130178
-6.410644	-3.196823
-6.615317	-3.248307
-6.810831	-3.307056
-7.014873	-3.366121
-7.214177	-3.435609
-7.410007	-3.501307
-7.608364	-3.572374
-7.810195	-3.612488
-8.009500	-3.637440
-8.211962	-3.690820
-8.411266	-3.763466
-8.607411	-3.831375
-8.801662	-3.906864
-9.007915	-3.975405
-9.209746	-4.027836
-9.322507	-4.065107
-9.336088	-4.081532
-9.337036	-4.099535
-9.344300	-4.109327
-9.334509	-4.104905
-9.333562	-4.085954
-9.311135	-4.077426
-9.208167	-4.055632
-9.012653	-4.001305
-8.808927	-3.937186
-8.610887	-3.856328
-8.413793	-3.771994
-8.209119	-3.728091
-8.010762	-3.687977
-7.808616	-3.636177
-7.607100	-3.575849
-7.399268	-3.507308
-7.212282	-3.432767
-7.004450	-3.376544
-6.809252	-3.315584
-6.610263	-3.256835
-6.406221	-3.183557
-6.213866	-3.104594
-6.007929	-3.032895
-5.816521	-2.983621
-5.610268	-2.935927
-5.409069	-2.874336
-5.210080	-2.792529
-5.007617	-2.718935
-4.806418	-2.660502
-4.609009	-2.609018
-4.407810	-2.551532
-4.215454	-2.490572
-4.010149	-2.418558
-3.808949	-2.340226
-3.607434	-2.269474
-3.412552	-2.211041
-3.208510	-2.148818
-3.013943	-2.066064
-2.806111	-1.983942
-2.604596	-1.907505
-2.406239	-1.828541
-2.214200	-1.775162
-2.011421	-1.702515
-1.808958	-1.623552
-1.608391	-1.531322
-1.409086	-1.455517
-1.209150	-1.380028
-1.007635	-1.298221
-0.810858	-1.197148
-0.611870	-1.055329
-0.408775	-0.845918
-0.209155	-0.633663
-0.005113	-0.417303
0.189794	-0.198100
0.389755	-0.011430
0.580872	0.144305
0.788415	0.244444
0.991852	0.304780
1.189286	0.352480
1.391775	0.390071
1.583207	0.417870
1.789487	0.439035
1.991976	0.429242
2.191305	0.441246
2.386213	0.453882
2.591861	0.477574
2.792770	0.516429
2.986098	0.529381
3.188586	0.508532
3.388548	0.504109
3.589142	0.531592
3.788156	0.563182
3.999173	0.592560
4.189026	0.591296
4.388041	0.569184
4.588318	0.562866
4.783857	0.577713
4.989820	0.617832
5.190730	0.643103
5.387217	0.650369
5.590653	0.614673
5.786508	0.587822
5.991209	0.611514
6.189907	0.669639
6.393027	0.694910
6.590146	0.680379
6.787264	0.641208
6.987857	0.611198
7.184660	0.654791
7.391572	0.715759
7.585847	0.736608
7.791811	0.713864
7.988297	0.665848
8.184784	0.637417
8.388536	0.686065
8.584707	0.747349
8.787196	0.765671
8.989685	0.736608
9.185856	0.686065
9.386450	0.643735
9.586411	0.710073
9.784477	0.767882
9.988230	0.774516
9.788268	0.744190
9.584200	0.677220
9.391188	0.643735
9.185540	0.720182
8.991264	0.764407
8.789408	0.754930
8.589446	0.722709
8.383166	0.658582
8.185416	0.636154
7.985770	0.691751
7.792758	0.732818
7.590270	0.715443
7.389992	0.674693
7.190662	0.620359
6.985646	0.614041
6.788528	0.669639
6.597095	0.684801
6.391763	0.686065
6.184852	0.647210
5.986154	0.598562
5.789983	0.597299
5.584020	0.648474
5.387533	0.661109
5.188835	0.651317
4.991400	0.604880
4.789859	0.555916
4.590845	0.558443
4.388672	0.586874
4.188079	0.597930
3.993171	0.571079
3.791314	0.538226
3.589142	0.506005
3.391391	0.507900
3.184480	0.522431
2.986098	0.530961
2.794034	0.504425
2.589649	0.472520
2.390319	0.453882
2.191305	0.437771
1.988185	0.450091
1.784748	0.442510
1.584787	0.411552
1.391143	0.373645
1.190550	0.344898
0.984586	0.298146
0.791258	0.238758
0.584663	0.133880
0.386912	-0.018379
0.193269	-0.195889
-0.007956	-0.411302
-0.210418	-0.626083
-0.407827	-0.867080
-0.612817	-1.044590
-0.811174	-1.191463
-1.010478	-1.304854
-1.208835	-1.391083
-1.407191	-1.481733
-1.609970	-1.566066
-1.808642	-1.645346
-2.013000	-1.709148
-2.213884	-1.779584
-2.401817	-1.850651
-2.608386	-1.920771
-2.803584	-1.997208
-3.007310	-2.075224
-3.207878	-2.142817
-3.415710	-2.204092
-3.602065	-2.253050
-3.814950	-2.320643
-4.006042	-2.397079
-4.211348	-2.480781
-4.410020	-2.543004
-4.614694	-2.597647
-4.805786	-2.660186
-5.008249	-2.719567
-5.208185	-2.798846
-5.409069	-2.876863
-5.612795	-2.951404
-5.811783	-2.995624
-6.006981	-3.054373
-6.207865	-3.109647
-6.410644	-3.187979
-6.611527	-3.261889
-6.812095	-3.320954
-7.007293	-3.362015
-7.213546	-3.401181
-7.408744	-3.462773
-7.608680	-3.526891
-7.807984	-3.595432
-8.012341	-3.663656
-8.211962	-3.727143
-8.412530	-3.784629
-8.605516	-3.851274
-8.810506	-3.924868
-9.007600	-3.987091
-9.211010	-4.048367
-9.312083	-4.074583
-9.334193	-4.085954
-9.341774	-4.096693
-9.343037	-4.106800
-9.332614	-4.103642
-9.330087	-4.091639
-9.307978	-4.080900
-9.214484	-4.055316
-9.009810	-3.998778
-8.812085	-3.937186
-8.605832	-3.869277
-8.414741	-3.790630
-8.212594	-3.724932
-8.014553	-3.672500
-7.813669	-3.621016
-7.604889	-3.561003
-7.406533	-3.493095
-7.211019	-3.428976
-7.011399	-3.365489
-6.807988	-3.300739
-6.615001	-3.236621
-6.408432	-3.160500
-6.203443	-3.106489
-6.009508	-3.037317
-5.811783	-2.974777
-5.611531	-2.929294
-5.408753	-2.855069
-5.209133	-2.786528
-5.006986	-2.715461
-4.806734	-2.655133
-4.614694	-2.606175
-4.410652	-2.543004
-4.213243	-2.482044
-4.010465	-2.400238
-3.807370	-2.340542
-3.606171	-2.267895
-3.412552	-2.205040
-3.210089	-2.139342
-3.006995	-2.068275
-2.810217	-1.989943
-2.607123	-1.926456
-2.405292	-1.857916
-2.211989	-1.784637
-2.016791	-1.711359
-1.811801	-1.630185
-1.612497	-1.552800
-1.409402	-1.473205
-1.212309	-1.394873
-1.005740	-1.298853
-0.813069	-1.172511
-0.610290	-1.026271
-0.412565	-0.865501
-0.209155	-0.658932
-0.007640	-0.427095
0.193585	-0.199679
0.384069	-0.027854
0.589717	0.128194
0.788099	0.243496
0.989956	0.329104
1.192129	0.368275
1.393354	0.374592
1.587630	0.382174
1.789171	0.419134
1.991028	0.460200
2.192253	0.479470
2.397585	0.471888
2.594388	0.457673
2.794665	0.465886
2.981991	0.499055
3.186691	0.548651
3.394550	0.558443
3.590089	0.543596
3.790683	0.534751
3.989697	0.544228
4.186183	0.569500
4.381722	0.606144
4.587370	0.610882
4.791439	0.598878
4.991084	0.598562
5.192941	0.594455
5.384374	0.610250
5.588126	0.647842
5.787772	0.645630
5.988997	0.635838
6.192118	0.636785
6.391448	0.635206
6.595200	0.651317
6.785053	0.678484
6.987542	0.680695
7.187819	0.664584
7.387465	0.681327
7.589954	0.665532
7.791495	0.687960
7.981664	0.706598
8.186996	0.696174
8.389169	0.705019
8.587551	0.712600
8.788775	0.694594
8.989054	0.702807
9.184277	0.722077
9.386765	0.706282
9.585779	0.727763
9.789847	0.732502
9.983808	0.699017
9.789847	0.710705
9.582936	0.727131
9.387713	0.720182
9.187752	0.729027
8.994108	0.723025
8.793514	0.686065
8.586919	0.711021
8.387905	0.698069
8.186996	0.705335
7.987350	0.720814
7.793074	0.702492
7.591218	0.663952
7.389992	0.668059
7.185608	0.667743
6.988173	0.669954
6.787580	0.687329
6.592041	0.664268
6.394290	0.631415
6.190538	0.634890
5.988365	0.634258
5.785876	0.651948
5.589074	0.664584
5.383110	0.630468
5.191362	0.590981
4.986346	0.584979
4.790807	0.590665
4.583263	0.608355
4.385197	0.612777
4.183656	0.566657
3.990012	0.531276
3.786576	0.516113
3.591037	0.528433
3.393602	0.545492
3.185112	0.549914
2.983886	0.507900
2.794981	0.469361
2.593440	0.454830
2.389688	0.466202
2.190674	0.474731
1.983446	0.466834
1.788855	0.423872
1.585103	0.376172
1.392722	0.362588
1.191813	0.355955
0.988693	0.329419
0.790310	0.248550
0.585610	0.130090
0.388492	-0.025643
0.190741	-0.199679
-0.009535	-0.428358
-0.210418	-0.652299
-0.411302	-0.868659
-0.612501	-1.039852
-0.812753	-1.161772
-1.014584	-1.285271
-1.207571	-1.375290
-1.414456	-1.463098
-1.609654	-1.537639
-1.810222	-1.622604
-2.008578	-1.694619
-2.218622	-1.766950
-2.403713	-1.851599
-2.602701	-1.934353
-2.805480	-2.003840
-3.011101	-2.078698
-3.215459	-2.156082
-3.412868	-2.215147
-3.606802	-2.282424
-3.811792	-2.338962
-4.013623	-2.409398
-4.212612	-2.474148
-4.410968	-2.530054
-4.617853	-2.579959
-4.808313	-2.638708
-5.009829	-2.715145
-5.209764	-2.805480
-5.408753	-2.876231
-5.610899	-2.938138
-5.813678	-2.998151
-6.006981	-3.056900
-6.209128	-3.131125
-6.409696	-3.205667
-6.612790	-3.271049
-6.806725	-3.314005
-7.006029	-3.352855
-7.211335	-3.404655
-7.409691	-3.479197
-7.610575	-3.555318
-7.807984	-3.621016
-8.015184	-3.663972
-8.211646	-3.722721
-8.414741	-3.796315
-8.604253	-3.880648
-8.810822	-3.962455
-9.006968	-4.024362
-9.209115	-4.058475
-9.313347	-4.073636
-9.338931	-4.082479
-9.340510	-4.099535
-9.334193	-4.114697
-9.341774	-4.105537
-9.330087	-4.091007
-9.311452	-4.076478
-9.208167	-4.052157
-9.007600	-3.998462
-8.807664	-3.941924
-8.606464	-3.862961
-8.413793	-3.798842
-8.211646	-3.746410
-8.014869	-3.696189
-7.809247	-3.648495
-7.615629	-3.582482
-7.408112	-3.497833
-7.211967	-3.429924
-7.010767	-3.362331
-6.809567	-3.309583
-6.617844	-3.253993
-6.411591	-3.176924
-6.207233	-3.100487
-6.007297	-3.025946
-5.814626	-2.960248
-5.608689	-2.905289
-5.404963	-2.863597
-5.208817	-2.772630
-5.007933	-2.703458
-4.807997	-2.638077
-4.606166	-2.590383
-4.406862	-2.535740
-4.211980	-2.481413
-4.017097	-2.413820
-3.811792	-2.344332
-3.608382	-2.262841
-3.413184	-2.195880
-3.208826	-2.141553
-3.007626	-2.073328
-2.812112	-1.992154
-2.609965	-1.906557
-2.406239	-1.828857
-2.215463	-1.763791
-2.010789	-1.696514
-1.810222	-1.629553
-1.610602	-1.555959
-1.408455	-1.476363
-1.208519	-1.393610
-1.007635	-1.301380
-0.818754	-1.194937
-0.610922	-1.049328
-0.409723	-0.862974
-0.212313	-0.631768
-0.010482	-0.405616
0.191689	-0.196521
0.388176	-0.022485
0.589717	0.137039
0.789047	0.254868
0.990904	0.304780
1.190866	0.343635
1.390827	0.369222
1.585419	0.408077
1.787276	0.449144
1.983446	0.465886
2.188147	0.455777
2.388108	0.435876
2.592492	0.457041
2.788979	0.495264
2.987045	0.534119
3.190166	0.538858
3.391391	0.514850
3.587878	0.494317
3.789103	0.524327
3.990960	0.577081
4.187131	0.612777
4.385197	0.609618
4.588950	0.580872
4.789227	0.544544
4.989505	0.583715
5.191994	0.641524
5.389744	0.670270
5.584335	0.656371
5.786824	0.612777
5.993420	0.575186
6.188959	0.626677
6.392079	0.687013
6.590777	0.705019
6.787580	0.693331
6.986594	0.634258
7.186872	0.612777
7.389992	0.669007
7.590270	0.723657
7.793074	0.741663
7.987982	0.718286
8.187311	0.663005
8.382535	0.633626
8.588814	0.703123
8.789408	0.753035
8.989685	0.761248
9.189331	0.718286
9.389293	0.667743
9.592097	0.650053
9.785741	0.732818
9.989178	0.773884
9.783214	0.772620
9.591782	0.728395
9.385502	0.670270
9.187119	0.663952
8.991897	0.717655
8.790671	0.760616
8.590710	0.747349
8.387905	0.703755
8.185416	0.649105
7.986402	0.655739
7.790547	0.688592
7.589006	0.724920
7.389044	0.709125
7.189399	0.659214
6.982487	0.624466
6.788212	0.632363
6.590461	0.667427
6.393343	0.692067
6.192750	0.658582
5.990577	0.625097
5.792826	0.604564
5.592233	0.602985
5.388480	0.624150
5.196416	0.639944
4.995823	0.622254
4.793018	0.580872
4.593688	0.563814
4.387409	0.562234
4.186183	0.586242
3.991908	0.593824
3.790683	0.559075
3.591037	0.536647
3.390128	0.517693
3.190482	0.511375
2.984202	0.518325
2.792770	0.512323
2.587122	0.482944
2.391583	0.465886
2.184988	0.449460
1.989764	0.427031
1.783485	0.426399
1.586050	0.415343
1.390827	0.382174
1.188970	0.364484
0.987429	0.309834
0.787783	0.235599
0.587822	0.127562
0.385649	-0.022801
0.191373	-0.204417
-0.009535	-0.415724
-0.208839	-0.634927
-0.407827	-0.845602
-0.610290	-1.054066
-0.814016	-1.183250
-1.003529	-1.302328
-1.209466	-1.396768
-1.404664	-1.476363
-1.609022	-1.545536
-1.811169	-1.633343
-2.010158	-1.715781
-2.212936	-1.790955
-2.407187	-1.855389
-2.613440	-1.929931
-2.809586	-1.997523
-3.011417	-2.069538
-3.211668	-2.139342
-3.410657	-2.218622
-3.602696	-2.270738
-3.809581	-2.329803
-4.009833	-2.394237
-4.209769	-2.455513
-4.414443	-2.531318
-4.612799	-2.588803
-4.807365	-2.661134
-5.009512	-2.716408
-5.204710	-2.801057
-5.407489	-2.872756
-5.607425	-2.927083
-5.814942	-2.999098
-6.007297	-3.036369
-6.208497	-3.098593
-6.408116	-3.169976
-6.609632	-3.235042
-6.808620	-3.301371
-7.009503	-3.349065
-7.214809	-3.406235
-7.412534	-3.472564
-7.607100	-3.548054
-7.811142	-3.610593
-8.008867	-3.670921
-8.211646	-3.721773
-8.414425	-3.780207
-8.607096	-3.849379
-8.807664	-3.921710
-9.012969	-3.969719
-9.207536	-4.027205
-9.325349	-4.060054
-9.344933	-4.073951
-9.346195	-4.092903
-9.349670	-4.103326
-9.344300	-4.094482
-9.339247	-4.080268
-9.327245	-4.060054
-9.211010	-4.020888
-9.008231	-3.980458
-8.807347	-3.923920
-8.606464	-3.848747
-8.415689	-3.785892
-8.207856	-3.726195
-8.014237	-3.670289
-7.801667	-3.633018
-7.607732	-3.567952
-7.406848	-3.507308
-7.213230	-3.440663
-7.010767	-3.377176
-6.811147	-3.322849
-6.608052	-3.256204
-6.410644	-3.177240
-6.208812	-3.085958
-6.006981	-3.038264
-5.811152	-2.978568
-5.610899	-2.917924
-5.410016	-2.859491
-5.205974	-2.798215
-5.007617	-2.705353
-4.807682	-2.633970
-4.612484	-2.576485
-4.410020	-2.520895
-4.208821	-2.468778
-4.003831	-2.402449
-3.810529	-2.325381
-3.606171	-2.257788
-3.416974	-2.194617
-3.203772	-2.133341
-3.010785	-2.074592
-2.811796	-1.984573
-2.604912	-1.915401
-2.401817	-1.850967
-2.210725	-1.790639
-2.006052	-1.713254
-1.810222	-1.630185
-1.610286	-1.549010
-1.403717	-1.467204
-1.206939	-1.387924
-1.007004	-1.302328
-0.806120	-1.195569
-0.611870	-1.021533
-0.409407	-0.845286
-0.210102	-0.656405
-0.008271	-0.426463
0.186319	-0.200311
0.385965	-0.014904
0.588138	0.131985
0.787467	0.246339
0.989324	0.338580
1.191497	0.375856
1.391775	0.400496
1.586050	0.400496
1.784748	0.423872
1.991660	0.442510
2.189410	0.474415
2.391267	0.478522
2.590281	0.484208
2.791822	0.500635
2.985466	0.492737
3.187323	0.524011
3.394866	0.538858
3.591985	0.547703
3.796053	0.546124
3.989065	0.558443
4.189026	0.560023
4.386145	0.577713
4.587370	0.610250
4.790807	0.616252
4.989820	0.610882
5.189150	0.630783
5.385322	0.622254
5.590969	0.631731
5.788088	0.645315
5.989945	0.640576
6.189590	0.648474
6.393027	0.658898
6.589829	0.637417
6.788212	0.651001
6.988173	0.667743
7.186240	0.674377
7.391256	0.688592
7.589954	0.706914
7.790547	0.664584
7.986402	0.685117
8.181941	0.702807
8.387273	0.701860
8.588182	0.717023
8.787196	0.727447
8.990633	0.690172
9.184592	0.694910
9.386133	0.701544
9.587043	0.722077
9.788900	0.747033
9.983491	0.740083
9.790480	0.701228
9.583568	0.694910
9.386450	0.702807
9.189647	0.720498
8.992528	0.740399
8.795094	0.722393
8.595132	0.674061
8.393591	0.670902
8.184468	0.687329
7.987982	0.710073
7.788652	0.727131
7.594060	0.689224
7.385885	0.636785
7.190031	0.632995
6.983751	0.656687
6.787264	0.681958
6.593305	0.697121
6.392395	0.657003
6.192118	0.606459
5.991840	0.600773
5.788088	0.632047
5.589390	0.660793
5.384058	0.648789
5.192309	0.618464
4.992348	0.560339
4.791122	0.555284
4.588634	0.593824
4.390568	0.618779
4.184920	0.597930
3.992224	0.566025
3.792578	0.501266
3.590721	0.501898
3.389812	0.535067
3.187323	0.551178
2.987993	0.531908
2.789295	0.493685
2.596915	0.440930
2.389688	0.443142
2.190042	0.469677
1.986921	0.470940
1.788539	0.449775
1.583207	0.402075
1.390511	0.352164
1.189602	0.330683
0.988693	0.319627
0.785888	0.245707
0.586558	0.134828
0.389439	-0.032276
0.188846	-0.197152
-0.007008	-0.408775
-0.209155	-0.657668
-0.412249	-0.873397
-0.613765	-1.053750
-0.811174	-1.185145
-1.008899	-1.286851
-1.211993	-1.383186
-1.408139	-1.472573
-1.610917	-1.548694
-1.811801	-1.623552
-2.012685	-1.703147
-2.213568	-1.771372
-2.411293	-1.840544
-2.608070	-1.914138
-2.812744	-1.988680
-3.010153	-2.072065
-3.211037	-2.146923
-3.409709	-2.205356
-3.612488	-2.260314
-3.808949	-2.320643
-4.007306	-2.406239
-4.210716	-2.477622
-4.410020	-2.544899
-4.611852	-2.609018
-4.805786	-2.660818
-5.009512	-2.732201
-5.209133	-2.804532
-5.410648	-2.881916
-5.610899	-2.948877
-5.817469	-3.004784
-6.006665	-3.053425
-6.209128	-3.118807
-6.408432	-3.199666
-6.615001	-3.265995
-6.809884	-3.330430
-7.016137	-3.372438
-7.209755	-3.416026
-7.408744	-3.482671
-7.608048	-3.550264
-7.808931	-3.626070
-8.008552	-3.672816
-8.201222	-3.736303
-8.412213	-3.784313
-8.606149	-3.864224
-8.808611	-3.939397
-9.006968	-4.015203
-9.210694	-4.061001
-9.319348	-4.072056
-9.346195	-4.072688
-9.345564	-4.092903
-9.335773	-4.115960
-9.322823	-4.119434
-9.310188	-4.107748
-9.298502	-4.091007
-9.207220	-4.057211
-9.010126	-3.993408
-8.808611	-3.943187
-8.607411	-3.876226
-8.410951	-3.792525
-8.210382	-3.716720
-8.011079	-3.659550
-7.809879	-3.622911
-7.610259	-3.569847
-7.404953	-3.511098
-7.213861	-3.452350
-7.011399	-3.388547
-6.815569	-3.332957
-6.610579	-3.278630
-6.412539	-3.212300
-6.208812	-3.134600
-6.007929	-3.047424
-5.814626	-2.982674
-5.611531	-2.913818
-5.407805	-2.859491
-5.211028	-2.790003
-5.006670	-2.715145
-4.806734	-2.644394
-4.611536	-2.572379
-4.411284	-2.533529
-4.209769	-2.471937
-4.008885	-2.415083
-3.808002	-2.334540
-3.606487	-2.265368
-3.413499	-2.201250
-3.208826	-2.132709
-3.012364	-2.063537
-2.809270	-1.989943
-2.609334	-1.915401
-2.406871	-1.839912
-2.215147	-1.780531
-2.012053	-1.699673
-1.814012	-1.632711
-1.610917	-1.551221
-1.411929	-1.471941
-1.208203	-1.383186
-1.007951	-1.280534
-0.812121	-1.171564
-0.606184	-1.038905
-0.405616	-0.863290
-0.211366	-0.641244
-0.003218	-0.412565
0.199271	-0.212945
0.393862	-0.029750
0.597299	0.141778
0.794733	0.248234
0.993115	0.320574
1.190234	0.346162
1.393354	0.357218
1.586366	0.397337
1.785064	0.451671
1.991976	0.473468
2.190358	0.483260
2.390003	0.463359
2.598494	0.429242
2.797824	0.470940
2.984518	0.526854
3.186375	0.557180
3.389496	0.551810
3.593564	0.515482
3.790998	0.501582
3.994435	0.550862
4.185552	0.596351
4.386461	0.626045
4.589266	0.613725
4.789859	0.577081
4.989189	0.555600
5.192309	0.600457
5.387217	0.663952
5.586231	0.671850
5.789351	0.656055
5.987418	0.595087
6.193065	0.584347
6.392079	0.645630
6.592673	0.695542
6.787580	0.701228
6.986594	0.682906
7.187503	0.636154
7.389044	0.631415
7.589006	0.695858
7.790231	0.746401
7.986718	0.746085
8.186048	0.713548
8.387589	0.664900
8.584707	0.657003
8.790987	0.719866
8.989054	0.753035
9.187752	0.747033
9.383923	0.714812
9.589254	0.672797
9.787637	0.682590
9.986650	0.735977
9.788900	0.758405
9.581357	0.758089
9.386765	0.702807
9.184909	0.679115
8.991897	0.677852
8.788460	0.723972
8.589762	0.746085
8.386957	0.723341
8.188259	0.687013
7.987350	0.658898
7.789916	0.662057
7.589954	0.696174
7.388729	0.711968
7.189714	0.677852
6.986278	0.652580
6.785369	0.642156
6.594568	0.633311
6.392395	0.655423
6.185800	0.677220
5.989313	0.643735
5.790299	0.621938
5.586863	0.616568
5.382478	0.611830
5.190730	0.627624
4.986030	0.620359
4.789543	0.603301
4.585475	0.578977
4.385513	0.571079
4.191238	0.547703
3.994119	0.569184
3.795421	0.556232
3.594828	0.538858
3.391391	0.525274
3.190798	0.510743
2.988625	0.483576
2.794034	0.498739
2.590281	0.488631
2.385265	0.464938
2.189094	0.465254
1.986290	0.434613
1.787276	0.418186
1.586998	0.411868
1.387984	0.389755
1.188970	0.360377
0.990904	0.320258
0.789363	0.235914
0.588138	0.125351
0.388176	-0.021537
0.194216	-0.199048
-0.007008	-0.418567
-0.211366	-0.642192
-0.413829	-0.844654
-0.612817	-1.032272
-0.811805	-1.185777
-1.006056	-1.305802
-1.208835	-1.393610
-1.409718	-1.472257
-1.607127	-1.549010
-1.810538	-1.617235
-2.010158	-1.698725
-2.215463	-1.776425
-2.407819	-1.853494
-2.608070	-1.924877
-2.811796	-1.988680
-3.010785	-2.068907
-3.214827	-2.142185
-3.412552	-2.214831
-3.606171	-2.275160
-3.809897	-2.339594
-4.009201	-2.404976
-4.210401	-2.470358
-4.409389	-2.552480
-4.614063	-2.599226
-4.805470	-2.658607
-5.009512	-2.720515
-5.207237	-2.794740
-5.407805	-2.879389
-5.606478	-2.947298
-5.814942	-3.006363
-6.008245	-3.061953
-6.206601	-3.127967
-6.411591	-3.184505
-6.606789	-3.263784
-6.809567	-3.329166
-7.010135	-3.384441
-7.212598	-3.435293
-7.405269	-3.483303
-7.608364	-3.538262
-7.809879	-3.606802
-8.013289	-3.663340
-8.211015	-3.704086
-8.416951	-3.761887
-8.605832	-3.835797
-8.809243	-3.911286
-9.007600	-3.983933
-9.209746	-4.044261
-9.313978	-4.070793
-9.342405	-4.074899
-9.350302	-4.086586
-9.346195	-4.108064
-9.331035	-4.105853
-9.332298	-4.094798
-9.307030	-4.080584
-9.213853	-4.037312
-9.001283	-3.982669
-8.803873	-3.918551
-8.601727	-3.854116
-8.410318	-3.780522
-8.203434	-3.725564
-8.011079	-3.666815
-7.811142	-3.608066
-7.607100	-3.553423
-7.404322	-3.476670
-7.216073	-3.403392
-7.012978	-3.350960
-6.812410	-3.296317
-6.611211	-3.243886
-6.407169	-3.179767
-6.207233	-3.095434
-6.004770	-3.022471
-5.812415	-2.962775
-5.610268	-2.914133
-5.410648	-2.858859
-5.208501	-2.796951
-5.007301	-2.719883
-4.806102	-2.647552
-4.611852	-2.594489
-4.410020	-2.527527
-4.209769	-2.466883
-4.008569	-2.399606
-3.808634	-2.332961
-3.607118	-2.262525
-3.409077	-2.206619
-3.210405	-2.147870
-3.009837	-2.070170
-2.813692	-1.983310
-2.606807	-1.900872
-2.406555	-1.827594
-2.211673	-1.766002
-2.016159	-1.703147
-1.809906	-1.627026
-1.611233	-1.549010
-1.409086	-1.466888
-1.204413	-1.397400
-1.005740	-1.308645
-0.814648	-1.202833
-0.610922	-1.036062
-0.410354	-0.842443
-0.209787	-0.633663
-0.007956	-0.417619
0.188214	-0.195889
0.385333	-0.012062
0.589717	0.129142
0.787783	0.243496
0.992167	0.319311
1.188338	0.368906
1.392722	0.395757
1.585103	0.410289
1.788223	0.427663
1.986921	0.435876
2.194149	0.459884
2.389372	0.493369
2.591861	0.484524
2.789295	0.492737
2.987993	0.504741
3.187323	0.500951
3.388864	0.524643
3.596723	0.542649
3.787524	0.550862
3.995067	0.570132
4.183972	0.584031
4.387724	0.568236
4.585791	0.577397
4.788911	0.610882
4.989505	0.606144
5.189150	0.632995
5.385637	0.638681
5.586546	0.614989
5.787772	0.622254
5.989629	0.635838
6.190538	0.644999
6.386709	0.663637
6.592357	0.670270
6.785685	0.637733
6.987542	0.655107
7.190031	0.666480
7.386833	0.682274
7.592165	0.712284
7.788652	0.701228
7.986402	0.671850
8.187628	0.671534
8.387273	0.688276
8.589446	0.718602
8.784353	0.753035
8.990001	0.725236
9.181118	0.677536
9.388029	0.680379
9.583252	0.699964
9.787637	0.747980
9.992652	0.772620
9.789216	0.735345
9.587043	0.680379
9.386450	0.671534
9.185856	0.712916
8.989054	0.749244
8.791619	0.753035
8.587867	0.717655
8.387905	0.658898
8.183205	0.648789
7.986402	0.692067
7.789916	0.724920
7.588690	0.725236
7.389992	0.681327
7.189083	0.621938
6.987857	0.614673
6.788212	0.663005
6.588250	0.687645
6.391763	0.691119
6.188959	0.643103
5.989945	0.590665
5.789351	0.594140
5.585915	0.640576
5.385953	0.666480
5.191994	0.648474
4.990452	0.606775
4.787648	0.548651
4.586739	0.551494
4.383934	0.591296
4.185552	0.604564
3.988749	0.584663
3.790367	0.543912
3.584719	0.485156
3.386969	0.497160
3.187639	0.532540
2.992416	0.536963
2.790559	0.514534
2.588701	0.476311
2.393162	0.420713
2.188462	0.434297
1.987553	0.459252
1.794541	0.444721
1.585734	0.425452
1.388616	0.379331
1.191497	0.336053
0.989008	0.312677
0.788415	0.253605
0.587506	0.138303
0.387228	-0.007640
0.192321	-0.199048
-0.012378	-0.400247
-0.203470	-0.634611
-0.403721	-0.874976
-0.608395	-1.062910
-0.812753	-1.195253
-1.002898	-1.298853
-1.206939	-1.390767
-1.410350	-1.464045
-1.611549	-1.553748
-1.813064	-1.629869
-2.012053	-1.710412
-2.217042	-1.774846
-2.410345	-1.846545
-2.607123	-1.925193
-2.803900	-1.994997
-3.010469	-2.075855
-3.211668	-2.147238
-3.409393	-2.210409
-3.609645	-2.260946
-3.810529	-2.325065
-4.008254	-2.407503
-4.210401	-2.480149
-4.412548	-2.549006
-4.612799	-2.601753
-4.809577	-2.650079
-5.009197	-2.705669
-5.211975	-2.778948
-5.408753	-2.866755
-5.612479	-2.938454
-5.814310	-3.002257
-6.005086	-3.074272
-6.210076	-3.124808
-6.408432	-3.201245
-6.614686	-3.279893
-6.810515	-3.327903
-7.015189	-3.384125
-7.209755	-3.430240
-7.409376	-3.502570
-7.608364	-3.566057
-7.807668	-3.650074
-8.010447	-3.717351
-8.211015	-3.766625
-8.412213	-3.819373
-8.607728	-3.867698
-8.805452	-3.951084
-9.012653	-4.017729
-9.206903	-4.073004
-9.300397	-4.088165
-9.329455	-4.090376
-9.343037	-4.094798
-9.339878	-4.109011
-9.330719	-4.111854
-9.329771	-4.096693
-9.312715	-4.073004
-9.212905	-4.029732
-9.006652	-3.974141
-8.799452	-3.933712
-8.605832	-3.866119
-8.409371	-3.794104
-8.217332	-3.718931
-8.010131	-3.664604
-7.813037	-3.613120
-7.605837	-3.558477
-7.408112	-3.499412
-7.212282	-3.427713
-7.011399	-3.344327
-6.815253	-3.284315
-6.610579	-3.227461
-6.407801	-3.188295
-6.208497	-3.124492
-6.010771	-3.055320
-5.812731	-2.976673
-5.615953	-2.914133
-5.409700	-2.850331
-5.212923	-2.796004
-5.008565	-2.725884
-4.809261	-2.653238
-4.612167	-2.592593
-4.404967	-2.548374
-4.204083	-2.489625
-4.005095	-2.416031
-3.810529	-2.338646
-3.606487	-2.254945
-3.414447	-2.183878
-3.209457	-2.119443
-3.009521	-2.055957
-2.813692	-1.988995
-2.612176	-1.922982
-2.410977	-1.838333
-2.212620	-1.763791
-2.011421	-1.691460
-1.807063	-1.619761
-1.604916	-1.546483
-1.406875	-1.475416
-1.200307	-1.391083
-1.006688	-1.299801
-0.811174	-1.182935
-0.611554	-1.018058
-0.410038	-0.856973
-0.211998	-0.649772
-0.007640	-0.416040
0.194532	-0.198100
0.389439	-0.028802
0.589717	0.119665
0.798208	0.245707
0.998169	0.322154
1.193709	0.378383
1.397777	0.367643
1.589525	0.372697
1.791066	0.411868
1.988501	0.458305
2.197308	0.475363
2.391899	0.478206
2.592492	0.461780
2.796245	0.435560
2.987677	0.487051
3.199011	0.530329
3.387285	0.560023
3.598303	0.547387
3.795737	0.512007
3.994119	0.508532
4.192502	0.558443
4.387409	0.609303
4.596215	0.624781
4.787964	0.615620
4.992032	0.579924
5.190730	0.583399
5.390060	0.631099
5.593181	0.664268
5.795037	0.668375
5.992472	0.641524
6.196540	0.609303
6.396818	0.602669
6.595516	0.669007
6.794530	0.707546
6.985962	0.702176
7.191294	0.674693
7.386833	0.649421
7.589322	0.654476
7.792127	0.705651
7.987034	0.738820
8.188575	0.731238
8.387589	0.699333
8.585971	0.674377
8.787828	0.685433
8.990633	0.728079
9.185856	0.754298
9.379184	0.737240
9.587358	0.704703
9.787637	0.690803
9.988545	0.704387
9.789847	0.737872
9.580409	0.756826
9.385502	0.728079
9.184277	0.706914
8.990001	0.695858
8.790671	0.689856
8.591658	0.707862
8.389484	0.735345
8.186364	0.700912
7.988614	0.674693
7.791495	0.671534
7.589954	0.661425
7.385254	0.694278
7.189399	0.689540
6.989437	0.654160
6.786948	0.654476
6.592673	0.646578
6.390816	0.638681
6.190854	0.652580
5.989629	0.656687
5.789983	0.640576
5.584335	0.648789
5.386901	0.628572
5.185676	0.610566
4.990768	0.617832
4.790175	0.608355
4.587054	0.596351
4.387093	0.590349
4.185867	0.575818
3.991908	0.556232
3.788471	0.559075
3.590721	0.545176
3.390444	0.540753
3.187007	0.563498
2.980727	0.518957
2.790559	0.482944
2.587754	0.476311
2.389688	0.469993
2.185935	0.460832
1.988501	0.456409
1.786012	0.422608
1.587630	0.397969
1.391459	0.376488
1.188654	0.356902
0.991852	0.313309
0.789995	0.247603
0.585610	0.121560
0.388492	-0.028170
0.192005	-0.200943
-0.010798	-0.410354
-0.211682	-0.653246
-0.413829	-0.862658
-0.613449	-1.021217
-0.804541	-1.172511
-1.004477	-1.291589
-1.197780	-1.405612
-1.406875	-1.477627
-1.605232	-1.563539
-1.806116	-1.631448
-2.007631	-1.708201
-2.206303	-1.787164
-2.406555	-1.856652
-2.609650	-1.925825
-2.815587	-1.993733
-3.010785	-2.069538
-3.215143	-2.139026
-3.413184	-2.210093
-3.609013	-2.276423
-3.807370	-2.334224
-4.007622	-2.402765
-4.210084	-2.468147
-4.413811	-2.546163
-4.610904	-2.602701
-4.807997	-2.665556
-5.005406	-2.729043
-5.210396	-2.791582
-5.410964	-2.865176
-5.611216	-2.937191
-5.811467	-2.997203
-6.006350	-3.059742
-6.209444	-3.117860
-6.408116	-3.186716
-6.609632	-3.249571
-6.803882	-3.321902
-7.009820	-3.377492
-7.210387	-3.428029
-7.407165	-3.482040
-7.610259	-3.555318
-7.811142	-3.631755
-8.009500	-3.691136
-8.215120	-3.745778
-8.411266	-3.803896
-8.604569	-3.869277
-8.804189	-3.942240
-9.008231	-4.016466
-9.211010	-4.066055
-9.312715	-4.077110
-9.344616	-4.072688
-9.359462	-4.077110
-9.366410	-4.088165
-9.348407	-4.090376
-9.347775	-4.076162
-9.329140	-4.053421
-9.212274	-4.017413
-9.009179	-3.975721
-8.807664	-3.935923
-8.607411	-3.874015
-8.408739	-3.806422
-8.210698	-3.733776
-8.010762	-3.681976
-7.804825	-3.629544
-7.612786	-3.568900
-7.406848	-3.500044
-7.214177	-3.426450
-7.010135	-3.352224
-6.814305	-3.304530
-6.606157	-3.259047
-6.410327	-3.200613
-6.211023	-3.127967
-6.007613	-3.054373
-5.812099	-2.978568
-5.611531	-2.921398
-5.409384	-2.868966
-5.207869	-2.809270
-5.010144	-2.732517
-4.806418	-2.651974
-4.613431	-2.590698
-4.411284	-2.527212
-4.208821	-2.476675
-4.008569	-2.406239
-3.808949	-2.330750
-3.606802	-2.263789
-3.410025	-2.190195
-3.210089	-2.134604
-3.007626	-2.070170
-2.810849	-1.990575
-2.607123	-1.912874
-2.407503	-1.832016
-2.216095	-1.773267
-2.012053	-1.697146
-1.808642	-1.626710
-1.609654	-1.542693
-1.407823	-1.469415
-1.200622	-1.392978
-0.997212	-1.308961
-0.811490	-1.209150
-0.610290	-1.037326
-0.409407	-0.859815
-0.203785	-0.634611
-0.005429	-0.416356
0.193269	-0.200311
0.393230	-0.014589
0.586874	0.133564
0.791574	0.247918
0.988693	0.308570
1.191497	0.352480
1.387036	0.391019
1.585103	0.408077
1.789803	0.424504
1.988185	0.454514
2.186883	0.441562
2.391899	0.462095
2.593756	0.475363
2.793718	0.491158
2.984202	0.518009
3.188271	0.531908
3.393286	0.517061
3.593248	0.528117
3.793210	0.551494
3.993171	0.565393
4.194081	0.588769
4.395938	0.592560
4.591793	0.574238
4.787648	0.591928
4.988241	0.602985
5.193257	0.631731
5.381846	0.659214
5.586231	0.657950
5.791879	0.620675
5.990892	0.629836
6.191170	0.626677
6.390816	0.669639
6.593936	0.693331
6.789475	0.684486
6.987542	0.635838
7.188135	0.641208
7.392203	0.667111
7.584899	0.707546
7.793074	0.727763
7.985138	0.711653
8.188891	0.664268
8.387273	0.652580
8.588498	0.697121
8.789408	0.744822
8.990633	0.762512
9.185856	0.714812
9.383923	0.664900
9.587358	0.659530
9.787320	0.715759
9.986650	0.777043
9.791111	0.768830
9.586095	0.729659
9.387081	0.664584
9.184909	0.656687
8.991264	0.717023
8.788144	0.762196
8.590077	0.749244
8.384430	0.716391
8.188259	0.632363
7.985455	0.642156
7.789284	0.700912
7.591533	0.735977
7.389676	0.723972
7.188135	0.675956
6.989753	0.608039
6.781894	0.622570
6.591725	0.681011
6.389236	0.699017
6.188643	0.682590
5.986470	0.633626
5.789351	0.576765
5.591285	0.591928
5.390060	0.643735
5.192309	0.656055
4.991716	0.632995
4.787648	0.589401
4.588002	0.533488
4.387409	0.544544
4.182077	0.590665
3.989697	0.591612
3.793842	0.565077
3.597355	0.515166
3.394866	0.469993
3.187955	0.498423
2.987993	0.526538
2.794034	0.525590
2.591229	0.499371
2.391267	0.454514
2.190989	0.421661
1.989448	0.422608
1.788223	0.439351
1.590157	0.425136
1.392091	0.384701
1.193393	0.340476
0.990588	0.290564
0.790942	0.234335
0.588138	0.131353
0.388492	-0.020906
0.191373	-0.197468
-0.009219	-0.401510
-0.212945	-0.624820
-0.411934	-0.841496
-0.612185	-1.052487
-0.815596	-1.192094
-1.009530	-1.301696
-1.208203	-1.389819
-1.409086	-1.466256
-1.612181	-1.543956
-1.808642	-1.629869
-2.013316	-1.708832
-2.211357	-1.782111
-2.414136	-1.851599
-2.604596	-1.925825
-2.809901	-1.984258
-3.012996	-2.052166
-3.211353	-2.134920
-3.411288	-2.213568
-3.607118	-2.270106
-3.808949	-2.330118
-4.009517	-2.391078
-4.212927	-2.468778
-4.409705	-2.549953
-4.611536	-2.621652
-4.806102	-2.675663
-5.009512	-2.732201
-5.210396	-2.787160
-5.410648	-2.875915
-5.612163	-2.949825
-5.809572	-3.016470
-6.009824	-3.061953
-6.205654	-3.110595
-6.407801	-3.164290
-6.615001	-3.248939
-6.811147	-3.329798
-7.005713	-3.390442
-7.211967	-3.450770
-7.403374	-3.504150
-7.608364	-3.562899
-7.807984	-3.630491
-8.010762	-3.693347
-8.212594	-3.749885
-8.411266	-3.800737
-8.606780	-3.868014
-8.806716	-3.931817
-9.010442	-4.011412
-9.209115	-4.067634
-9.310820	-4.082795
-9.338615	-4.082163
-9.349986	-4.087533
-9.347775	-4.104273
-9.336720	-4.108696
-9.325665	-4.101115
-9.310504	-4.080268
-9.210062	-4.035417
-9.008862	-3.969719
-8.811138	-3.918551
-8.606780	-3.868962
-8.408739	-3.812108
-8.211646	-3.739146
-8.009183	-3.675659
-7.811142	-3.618489
-7.606469	-3.552160
-7.404638	-3.508256
-7.208808	-3.448559
-7.008240	-3.374965
-6.809252	-3.313374
-6.611527	-3.245781
-6.408116	-3.185137
-6.207233	-3.129862
-6.007297	-3.059427
-5.813678	-2.978568
-5.615322	-2.920450
-5.410016	-2.858859
-5.210080	-2.796951
-5.008249	-2.729990
-4.806734	-2.654501
-4.612799	-2.590067
-4.410968	-2.522158
-4.215138	-2.463093
-4.009517	-2.397079
-3.808002	-2.327907
-3.605223	-2.261894
-3.413815	-2.193353
-3.212300	-2.131762
-3.010153	-2.055641
-2.811481	-1.986153
-2.612176	-1.907189
-2.403713	-1.845597
-2.211673	-1.774530
-2.010789	-1.699041
-1.810222	-1.630185
-1.612497	-1.548378
-1.409402	-1.475732
-1.204728	-1.388556
-1.007635	-1.298537
-0.811490	-1.181039
-0.612817	-1.010162
-0.410670	-0.840864
-0.209471	-0.659879
-0.009219	-0.428990
0.190110	-0.204101
0.385965	-0.021853
0.587506	0.121245
0.785888	0.237494
0.991220	0.328788
1.191497	0.374908
1.392091	0.401444
1.590157	0.379015
1.790119	0.390071
1.989133	0.436824
2.185935	0.480733
2.391583	0.499055
2.594388	0.483260
2.799720	0.460516
2.990836	0.461148
3.192061	0.513586
3.392023	0.556232
3.589142	0.571079
3.795105	0.551494
3.994751	0.531592
4.192502	0.538858
4.391831	0.580556
4.588318	0.620359
4.794913	0.628572
4.989820	0.605512
5.195153	0.968791
5.389428	0.591296
5.592549	0.630468
5.789035	0.657003
5.994683	0.655739
6.197172	0.627624
6.389552	0.620359
6.592673	0.629204
6.792318	0.663952
6.991648	0.694594
7.189714	0.689224
7.392519	0.665216
7.589638	0.665216
7.787072	0.665532
7.992720	0.695858
8.192681	0.729343
8.387905	0.710705
8.594501	0.694910
8.793830	0.693962
8.997898	0.687329
9.183645	0.719550
9.389924	0.745769
9.587675	0.711337
9.790795	0.711653
9.986335	0.719550
9.794586	0.693015
9.588622	0.716391
9.391504	0.728079
9.180801	0.708809
8.989685	0.723657
8.790987	0.711968
8.589130	0.682906
8.387273	0.712600
8.183520	0.709125
7.985455	0.696174
7.788652	0.699649
7.589638	0.688592
7.390624	0.653212
7.188767	0.669323
6.990069	0.660478
6.786316	0.660793
6.595516	0.672797
6.387657	0.649421
6.190538	0.618464
5.984890	0.638681
5.791879	0.634890
5.593181	0.637733
5.386585	0.650053
5.190414	0.617516
4.990137	0.601089
4.789859	0.603301
4.587370	0.600773
4.386461	0.602037
4.183972	0.585926
3.993803	0.549598
3.798580	0.517377
3.596407	0.520536
3.391707	0.521168
3.194273	0.525590
2.992732	0.510743
2.793402	0.485788
2.594704	0.452303
2.389056	0.466834
2.191305	0.459568
1.986290	0.467782
1.788223	0.438403
1.586050	0.403971
1.391143	0.363220
1.190550	0.342371
0.989640	0.322786
0.789363	0.257079
0.586558	0.139566
0.385965	-0.019326
0.188214	-0.199048
-0.005429	-0.407196
-0.211682	-0.645034
-0.411302	-0.861079
-0.610290	-1.042063
-0.814964	-1.170300
-1.004161	-1.285903
-1.205360	-1.380344
-1.410350	-1.469415
-1.606180	-1.543325
