# Configuration automatically generated by WRITE_CONFIG()
connection eth
ip 192.168.0.10
samplehz 1000.000000
settleus 10.000000
nsample 128

# Analog Inputs
aichannel 0
ainegative 199
airange 10.000000
airesolution 0

aichannel 1
ainegative 199
airange 10.000000
airesolution 0

# Analog Outputs
aochannel 0
aosignal triangle
aofrequency 5.000000
aoamplitude 2.000000
aooffset 2.500000
aoduty 0.500000

# Meta Parameters
int:periods 10
flt:tip_T_C 378.062415
flt:plate_T_C 582.922537
flt:plate_Q_kW 0.897392
flt:cool_Thigh_C 45.547000
flt:cool_Tlow_C 10.562472
flt:air_psig 20.000000
flt:water_gph 5.500000
flt:standoff_in 0.233000
flt:oxygen_scfh 12.871094
flt:fuel_scfh 7.112937
flt:flow_scfh 19.984031
flt:ratio_fto 0.552629

## End Configuration ##
#: Thu Apr  6 11:31:17 2017
-7.212282	-3.595747
-9.230593	-4.229352
-9.233436	-4.214507
-9.232172	-4.199346
-9.212274	-4.196503
-9.161736	-4.203136
-9.003493	-4.178815
-8.807664	-4.112170
-8.607411	-4.039839
-8.414425	-3.975721
-8.210382	-3.911602
-8.012974	-3.856328
-7.808616	-3.785892
-7.606469	-3.717983
-7.408112	-3.648179
-7.211650	-3.576164
-7.012662	-3.516468
-6.809567	-3.474775
-6.610579	-3.422659
-6.407801	-3.348118
-6.210392	-3.262837
-6.006665	-3.190190
-5.810835	-3.138074
-5.610268	-3.103014
-5.410016	-3.034790
-5.206606	-2.965934
-5.007617	-2.864544
-4.810524	-2.778948
-4.618801	-2.712302
-4.407810	-2.671873
-4.209137	-2.615335
-4.010780	-2.527527
-3.807686	-2.446037
-3.610277	-2.358229
-3.412868	-2.305166
-3.211984	-2.260630
-3.011101	-2.204092
-2.810849	-2.135552
-2.608070	-2.054693
-2.405292	-1.982678
-2.212620	-1.920139
-2.010473	-1.849072
-1.814960	-1.778636
-1.609338	-1.685459
-1.409718	-1.600178
-1.204413	-1.508265
-1.004793	-1.427406
-0.813069	-1.317173
-0.611554	-1.153560
-0.416040	-0.960257
-0.210418	-0.720208
-0.009535	-0.484580
0.196112	-0.242636
0.382174	-0.040804
0.591928	0.133249
0.786520	0.254868
0.990904	0.344267
1.187075	0.388808
1.392091	0.424504
1.588262	0.417238
1.785696	0.445985
1.990712	0.480733
2.187831	0.502214
2.390003	0.525906
2.588386	0.535699
2.792138	0.518641
2.986098	0.540121
3.189534	0.555284
3.385705	0.589085
3.590089	0.620359
3.790051	0.609618
3.994119	0.580556
4.189342	0.594455
4.387724	0.630468
4.589581	0.656055
4.790491	0.676904
4.985398	0.653212
5.192626	0.627309
5.383110	0.636470
5.586231	0.674693
5.791247	0.707546
5.989945	0.735029
6.185168	0.711021
6.391763	0.670586
6.586987	0.678484
6.786001	0.729975
6.986910	0.762196
7.189399	0.770725
7.392203	0.729659
7.588374	0.687645
7.790547	0.699649
7.981980	0.757457
8.186048	0.794733
8.393275	0.783677
8.592605	0.763143
8.784986	0.710073
8.988106	0.739135
9.188699	0.803262
9.389924	0.828534
9.587358	0.831693
9.789216	0.793154
9.987914	0.728395
9.788268	0.752403
9.586095	0.806105
9.381395	0.831377
9.185856	0.814634
8.988421	0.759984
8.790039	0.697753
8.590394	0.723025
8.385694	0.787783
8.188575	0.805473
7.989877	0.782097
7.796865	0.718286
7.585847	0.675009
7.389044	0.716391
7.187503	0.771673
6.988173	0.773252
6.789159	0.747349
6.591093	0.694910
6.389552	0.654476
6.186116	0.683538
5.985522	0.735345
5.787456	0.723972
5.587178	0.690803
5.385953	0.626045
5.190414	0.610882
4.988557	0.646262
4.788911	0.669007
4.586422	0.662057
4.384881	0.634890
4.187763	0.591612
3.991592	0.569816
3.790998	0.588138
3.588826	0.616884
3.388232	0.602037
3.184480	0.567604
2.986414	0.530013
2.788347	0.509164
2.588070	0.526854
2.391899	0.516429
2.195412	0.497160
1.993871	0.466202
1.785696	0.440299
1.588262	0.410920
1.392091	0.421661
1.188338	0.409973
0.991852	0.354375
0.791574	0.258027
0.586874	0.122824
0.387228	-0.036382
0.187267	-0.239793
-0.008903	-0.482053
-0.210418	-0.729683
-0.410670	-0.953940
-0.614712	-1.152297
-0.810858	-1.317804
-1.010162	-1.441619
-1.206624	-1.528164
-1.412245	-1.594493
-1.609654	-1.677247
-1.812433	-1.757790
-2.007631	-1.847177
-2.208514	-1.909084
-2.411925	-1.963727
-2.610281	-2.019633
-2.809586	-2.091964
-3.015207	-2.177561
-3.211037	-2.256840
-3.413815	-2.331697
-3.608698	-2.377812
-3.808318	-2.442247
-4.011096	-2.513630
-4.205978	-2.600806
-4.405914	-2.684507
-4.609957	-2.741677
-4.811788	-2.793793
-5.007301	-2.855069
-5.207869	-2.955194
-5.407174	-3.035737
-5.615953	-3.102383
-5.815573	-3.145971
-6.008245	-3.190190
-6.210076	-3.242622
-6.410327	-3.320954
-6.614369	-3.403708
-6.813042	-3.469406
-7.015189	-3.523733
-7.213546	-3.569847
-7.407165	-3.623543
-7.607732	-3.712298
-7.807984	-3.799474
-8.014869	-3.868014
-8.211646	-3.927079
-8.413161	-3.953927
-8.614361	-4.002252
-8.806716	-4.089112
-9.010126	-4.179762
-9.152893	-4.217665
-9.211326	-4.204083
-9.250492	-4.181026
-9.261546	-4.183237
-9.252071	-4.204399
-9.222065	-4.224298
-9.210378	-4.223035
-9.205956	-4.204399
-9.177214	-4.184185
-9.009495	-4.139965
-8.810190	-4.100483
-8.608044	-4.052473
-8.411266	-3.988355
-8.211330	-3.893914
-8.010131	-3.797579
-7.811142	-3.736619
-7.605837	-3.690820
-7.411902	-3.632387
-7.211650	-3.555950
-7.012978	-3.469090
-6.808620	-3.396443
-6.614054	-3.345591
-6.409380	-3.313058
-6.208180	-3.271365
-6.005718	-3.190506
-5.816837	-3.106489
-5.608689	-3.045213
-5.407805	-2.984569
-5.209764	-2.937507
-5.004775	-2.880337
-4.804523	-2.826957
-4.614694	-2.746415
-4.415074	-2.675031
-4.211348	-2.610281
-4.010780	-2.528159
-3.808634	-2.471305
-3.606802	-2.397395
-3.413499	-2.313694
-3.210721	-2.243258
-3.010469	-2.168717
-2.814323	-2.113442
-2.609650	-2.051535
-2.408134	-1.984573
-2.214515	-1.899924
-2.010473	-1.816223
-1.816223	-1.741050
-1.611549	-1.662086
-1.402769	-1.594493
-1.199991	-1.521531
-1.006372	-1.424563
-0.813385	-1.311803
-0.608079	-1.166826
-0.407827	-0.949518
-0.210734	-0.689886
-0.001007	-0.474789
0.197059	-0.235687
0.387228	-0.029434
0.584347	0.143673
0.793154	0.250762
0.995010	0.307623
1.194024	0.372065
1.394934	0.422608
1.587946	0.458621
1.791066	0.464938
1.999241	0.452934
2.190674	0.460516
2.388740	0.507900
2.591229	0.549598
2.793086	0.576134
2.983255	0.567920
3.187323	0.562866
3.388864	0.557496
3.589142	0.585610
3.790683	0.632995
3.993487	0.638681
4.189342	0.634890
4.389620	0.597930
4.588950	0.613409
4.785752	0.644683
4.989189	0.687960
5.188835	0.677220
5.390376	0.668059
5.591601	0.652580
5.789983	0.650053
5.991840	0.694910
6.189590	0.735345
6.392711	0.731238
6.591725	0.712284
6.787580	0.712284
6.982803	0.702492
7.189083	0.734397
7.384938	0.771357
7.594060	0.750508
7.792127	0.737872
7.985770	0.740083
8.186364	0.724288
8.388536	0.755878
8.587867	0.784624
8.787828	0.777043
8.986842	0.774200
9.183645	0.755562
9.385186	0.763459
9.583252	0.793154
9.788584	0.812107
9.987598	0.800419
9.789216	0.792838
9.584516	0.778938
9.383290	0.758405
9.183645	0.774832
8.989054	0.780202
8.785933	0.762828
8.589762	0.764091
8.393275	0.747033
8.190154	0.725868
7.983243	0.757773
7.790863	0.757141
7.589006	0.752403
7.391256	0.750508
7.190346	0.727447
6.988173	0.703755
6.788528	0.712284
6.591093	0.710073
6.390816	0.721129
6.187063	0.723025
5.990261	0.689224
5.788404	0.655107
5.586863	0.667111
5.388480	0.670902
5.185992	0.676272
4.990452	0.669954
4.791122	0.629204
4.590845	0.615936
4.385513	0.612146
4.186815	0.615620
3.993171	0.626361
3.787524	0.614357
3.587246	0.571395
3.388232	0.554021
3.188902	0.543280
2.989573	0.542333
2.794034	0.548651
2.592176	0.526222
2.392531	0.497792
2.195096	0.451987
1.992923	0.450091
1.792014	0.451987
1.589209	0.452934
1.399356	0.424820
1.188654	0.384385
0.988377	0.330367
0.788415	0.255500
0.589401	0.149359
0.387544	-0.029118
0.190741	-0.231896
-0.008587	-0.459943
-0.210102	-0.696519
-0.410354	-0.943201
-0.614396	-1.161141
-0.809910	-1.321595
-1.007951	-1.432775
-1.200938	-1.524058
-1.407823	-1.604916
-1.610286	-1.663033
-1.808327	-1.735048
-2.012369	-1.811801
-2.209462	-1.895187
-2.409398	-1.979204
-2.604280	-2.043322
-2.811481	-2.106809
-3.010469	-2.171243
-3.216406	-2.241995
-3.413499	-2.315905
-3.607434	-2.402449
-3.811476	-2.463093
-4.012991	-2.518052
-4.214191	-2.585329
-4.405283	-2.666819
-4.609325	-2.744204
-4.802628	-2.820640
-5.008881	-2.879389
-5.207237	-2.940665
-5.412543	-2.990886
-5.605530	-3.054373
-5.809572	-3.131125
-6.006981	-3.192717
-6.209760	-3.263153
-6.408432	-3.307688
-6.607421	-3.378755
-6.810515	-3.433714
-7.011714	-3.503202
-7.214177	-3.593221
-7.408428	-3.655444
-7.609943	-3.717036
-7.807352	-3.768204
-8.012026	-3.834218
-8.211015	-3.902442
-8.408423	-3.988986
-8.606464	-4.041418
-8.806085	-4.099220
-9.005704	-4.162391
-9.161105	-4.194608
-9.214484	-4.197766
-9.219222	-4.216402
-9.222065	-4.226825
-9.226171	-4.232826
-9.218906	-4.227457
-9.212905	-4.220824
-9.198060	-4.216086
-9.154472	-4.214507
-9.011390	-4.187027
-8.807347	-4.108064
-8.607411	-4.023415
-8.412846	-3.955190
-8.204065	-3.899915
-8.010131	-3.857907
-7.810827	-3.795368
-7.605837	-3.729986
-7.408744	-3.636809
-7.214177	-3.566373
-7.011714	-3.496569
-6.809252	-3.464984
-6.610579	-3.415710
-6.408432	-3.338326
-6.208497	-3.252098
-6.006981	-3.168080
-5.812415	-3.120386
-5.610268	-3.079641
-5.411595	-3.024051
-5.207553	-2.963407
-5.012039	-2.883811
-4.809261	-2.798215
-4.612484	-2.739782
-4.410968	-2.695246
-4.208505	-2.623547
-4.012044	-2.542057
-3.808002	-2.458039
-3.609645	-2.385077
-3.412868	-2.320643
-3.213248	-2.279582
-3.011417	-2.201250
-2.809586	-2.126708
-2.607439	-2.040480
-2.408450	-1.970360
-2.211041	-1.903083
-2.017738	-1.840228
-1.810222	-1.764739
-1.615024	-1.674404
-1.410034	-1.586281
-1.208519	-1.502895
-1.007635	-1.419510
-0.811805	-1.314962
-0.614712	-1.162404
-0.410986	-0.957099
-0.211050	-0.727788
-0.007640	-0.482685
0.189162	-0.243267
0.388808	-0.037962
0.586874	0.136407
0.792206	0.259607
0.986797	0.334158
1.190866	0.397653
1.389879	0.422608
1.587314	0.415659
1.787276	0.448196
1.984394	0.466518
2.184988	0.495580
2.393794	0.527802
2.589017	0.530961
2.793402	0.517377
2.987677	0.536647
3.190482	0.560971
3.387285	0.594771
3.591985	0.617832
3.789735	0.596035
3.990012	0.577713
4.186499	0.589717
4.387093	0.625097
4.586422	0.656371
4.788596	0.671534
4.994559	0.639944
5.191994	0.620675
5.386901	0.645630
5.587494	0.689224
5.786824	0.726184
5.986154	0.731238
6.191486	0.702492
6.390500	0.661425
6.591725	0.685117
6.785053	0.737556
6.988805	0.777043
7.186556	0.772936
7.388412	0.731870
7.591218	0.679115
7.790863	0.717339
7.988297	0.769777
8.188891	0.798840
8.394223	0.783677
8.587234	0.729659
8.795094	0.692067
8.987158	0.746085
9.183013	0.823164
9.387713	0.835483
9.586727	0.816530
9.787952	0.766934
9.984755	0.727447
9.787004	0.771357
9.587358	0.818109
9.386765	0.827586
9.184592	0.801051
8.988737	0.728711
8.790356	0.693331
8.589762	0.744822
8.387905	0.796628
8.184468	0.806737
7.987982	0.768830
7.791179	0.711021
7.594376	0.681327
7.388412	0.735977
7.188767	0.780202
6.986594	0.770093
6.787264	0.734397
6.595516	0.669007
6.388920	0.657634
6.193381	0.708178
5.989945	0.740399
5.792511	0.722709
5.588758	0.675009
5.385637	0.636470
5.183465	0.627309
4.989505	0.663005
4.791439	0.676588
4.585475	0.659846
4.388356	0.626677
4.185236	0.581820
3.992540	0.576449
3.790367	0.609303
3.591037	0.623202
3.386653	0.596983
3.186059	0.561602
2.987361	0.523063
2.791190	0.514534
2.595020	0.521484
2.390635	0.528433
2.186567	0.495264
1.988185	0.463359
1.788539	0.434613
1.584787	0.422924
1.393354	0.415659
1.187707	0.401759
0.993115	0.345214
0.788415	0.252973
0.589085	0.126931
0.382490	-0.044595
0.192321	-0.235687
-0.012062	-0.491845
-0.211998	-0.727156
-0.410986	-0.966258
-0.614080	-1.153244
-0.817807	-1.323490
-1.007635	-1.433723
-1.210730	-1.516161
-1.410034	-1.587544
-1.609022	-1.677247
-1.811801	-1.752736
-2.011737	-1.844018
-2.209146	-1.912559
-2.408134	-1.971939
-2.611545	-2.031636
-2.809270	-2.107757
-3.010153	-2.203461
-3.211984	-2.277371
-3.418869	-2.345595
-3.609013	-2.391078
-3.809265	-2.461198
-4.006359	-2.533844
-4.208505	-2.622916
-4.411600	-2.693035
-4.609957	-2.749889
-4.806734	-2.795372
-5.006354	-2.860122
-5.207869	-2.931821
-5.407489	-3.016470
-5.611847	-3.086590
-5.810204	-3.135231
-6.008561	-3.171871
-6.206285	-3.234410
-6.410644	-3.319691
-6.609632	-3.408446
-6.812726	-3.471301
-7.011399	-3.510783
-7.212282	-3.554371
-7.406533	-3.625438
-7.607732	-3.707876
-7.809563	-3.785576
-8.010762	-3.837692
-8.215753	-3.880332
-8.410003	-3.907180
-8.608044	-3.980143
-8.803873	-4.086901
-9.005388	-4.178499
-9.150681	-4.220192
-9.196796	-4.212927
-9.224908	-4.205978
-9.239437	-4.214822
-9.224276	-4.230931
-9.206588	-4.241986
-9.209746	-4.229668
-9.212905	-4.200609
-9.184478	-4.166181
-9.005388	-4.125120
-8.809875	-4.077742
-8.605201	-4.031943
-8.410634	-3.957401
-8.211015	-3.871173
-8.013289	-3.804843
-7.808931	-3.760624
-7.604258	-3.728091
-7.407165	-3.679133
-7.211019	-3.610277
-7.012031	-3.519943
-6.808304	-3.446033
-6.609000	-3.383809
-6.409696	-3.332957
-6.207865	-3.275155
-6.010456	-3.203772
-5.811467	-3.120702
-5.608057	-3.067639
-5.412543	-3.006363
-5.207869	-2.959301
-5.010460	-2.893287
-4.803576	-2.821272
-4.613431	-2.741677
-4.410652	-2.662081
-4.213559	-2.609965
-4.008885	-2.542057
-3.809581	-2.481729
-3.606802	-2.401817
-3.410025	-2.326328
-3.212932	-2.249891
-3.011417	-2.181667
-2.814008	-2.116601
-2.606491	-2.051535
-2.414767	-1.979204
-2.211041	-1.896766
-2.013316	-1.815591
-1.812117	-1.734101
-1.611865	-1.662086
-1.406875	-1.596388
-1.203781	-1.519320
-1.006056	-1.432144
-0.815596	-1.320963
-0.610922	-1.171248
-0.411302	-0.946359
-0.208207	-0.695571
-0.008587	-0.475736
0.192953	-0.240109
0.386281	-0.038593
0.588138	0.140830
0.783993	0.246339
0.990588	0.313625
1.188654	0.380594
1.389879	0.432401
1.586366	0.460832
1.789803	0.458936
1.988185	0.457989
2.193833	0.462411
2.389688	0.500319
2.589333	0.544544
2.787400	0.564130
2.986729	0.554653
3.186375	0.541701
3.388548	0.549914
3.584719	0.586874
3.790051	0.631415
3.990644	0.638681
4.185236	0.609303
4.387724	0.604880
4.589266	0.608671
4.789227	0.647842
4.990768	0.681011
5.186939	0.682590
5.385953	0.665216
5.584967	0.656687
5.787456	0.664584
5.991840	0.698069
6.190538	0.728395
6.391763	0.721445
6.590777	0.716075
6.786316	0.713864
6.987226	0.711021
7.190662	0.737556
7.388412	0.762828
7.593112	0.749244
7.788336	0.732502
7.985770	0.736608
8.187311	0.734081
8.385378	0.759037
8.588498	0.783045
8.792566	0.771673
8.988737	0.776727
9.185856	0.773884
9.387081	0.757457
9.581988	0.792206
9.787320	0.809264
9.986335	0.796312
9.789847	0.799787
9.588306	0.775779
9.383923	0.752087
9.183961	0.771989
9.000110	0.763775
8.792883	0.766934
8.590710	0.775147
8.389484	0.748612
8.188891	0.725236
7.989245	0.736924
7.795918	0.743242
7.592481	0.746717
7.390308	0.752087
7.194453	0.711337
6.989753	0.698385
6.793582	0.710705
6.589198	0.727763
6.394290	0.740399
6.188643	0.734713
5.988997	0.689224
5.789667	0.664584
5.586231	0.679431
5.381215	0.675956
5.192626	0.684801
4.991084	0.671218
4.788280	0.632995
4.590529	0.607723
4.382986	0.624150
4.187131	0.628572
3.990012	0.637417
3.791314	0.615936
3.592300	0.567288
3.390128	0.540121
3.189218	0.548019
2.987045	0.555600
2.792770	0.558443
2.587122	0.532540
2.388108	0.488946
2.190989	0.455146
1.989448	0.462411
1.788539	0.458621
1.585419	0.457357
1.395566	0.419765
1.188022	0.371433
0.987429	0.315520
0.787152	0.248866
0.587506	0.139251
0.388492	-0.042068
0.191373	-0.241056
-0.008271	-0.477000
-0.211682	-0.705047
-0.411302	-0.960889
-0.610606	-1.175354
-0.814648	-1.326648
-1.007635	-1.431512
-1.208519	-1.525321
-1.409402	-1.606811
-1.615339	-1.678510
-1.811169	-1.754947
-2.017107	-1.821908
-2.213884	-1.903083
-2.406555	-1.983942
-2.607754	-2.049008
-2.810533	-2.117548
-3.010785	-2.175349
-3.211353	-2.241679
-3.414447	-2.317800
-3.607750	-2.398659
-3.810529	-2.468147
-4.007306	-2.527212
-4.210716	-2.598595
-4.410336	-2.663345
-4.615326	-2.731885
-4.804207	-2.810533
-5.009197	-2.875283
-5.207237	-2.936559
-5.410648	-3.000046
-5.608057	-3.081852
-5.817153	-3.134600
-6.006981	-3.214195
-6.208812	-3.283367
-6.409380	-3.336115
-6.612790	-3.385072
-6.809252	-3.445085
-7.013610	-3.512994
-7.212598	-3.596695
-7.405901	-3.659234
-7.606469	-3.707244
-7.808931	-3.766941
-8.011395	-3.816214
-8.211646	-3.899284
-8.410634	-3.982985
-8.607728	-4.058158
-8.809243	-4.115328
-9.003493	-4.166497
-9.167738	-4.197766
-9.196481	-4.211980
-9.203429	-4.235985
-9.207220	-4.246092
-9.218591	-4.245144
-9.220170	-4.231247
-9.221749	-4.213559
-9.199955	-4.209137
-9.155419	-4.217349
-9.009810	-4.181973
-8.807032	-4.108696
-8.611518	-4.016466
-8.412530	-3.950768
-8.214173	-3.899600
-8.011395	-3.850642
-7.810511	-3.790630
-7.604258	-3.711666
-7.408744	-3.633650
-7.213546	-3.561951
-7.013926	-3.507940
-6.810199	-3.459614
-6.610579	-3.399918
-6.408116	-3.317796
-6.212286	-3.223039
-6.006981	-3.153867
-5.812415	-3.115333
-5.610899	-3.087538
-5.404331	-3.028473
-5.205027	-2.952036
-5.000353	-2.871809
-4.804207	-2.810533
-4.609641	-2.740729
-4.412231	-2.705985
-4.206610	-2.632391
-4.009517	-2.552164
-3.807686	-2.455828
-3.609013	-2.374970
-3.413184	-2.325381
-3.214827	-2.273264
-3.013943	-2.210093
-2.810217	-2.124497
-2.611545	-2.033847
-2.404028	-1.964043
-2.212936	-1.915401
-2.012369	-1.840860
-1.808011	-1.760001
-1.605232	-1.672825
-1.405928	-1.592598
-1.209466	-1.516793
-1.011425	-1.417614
-0.812437	-1.297274
-0.613765	-1.152613
-0.410986	-0.958362
-0.209155	-0.734737
-0.008903	-0.492476
0.193900	-0.243267
0.386596	-0.041120
0.589085	0.132933
0.785256	0.258343
0.991852	0.339212
1.187391	0.399548
1.393354	0.412500
1.585103	0.424188
1.789487	0.437140
1.988817	0.476311
2.188147	0.508532
2.389688	0.521484
2.594388	0.517377
2.793402	0.514218
2.984518	0.538226
3.187955	0.574238
3.388232	0.599510
3.591985	0.615305
3.790998	0.585926
3.992224	0.570763
4.185552	0.595087
4.389304	0.635522
4.587370	0.669323
4.789543	0.666795
4.990137	0.637733
5.189466	0.609618
5.384374	0.650369
5.589705	0.697121
5.791563	0.722393
5.991840	0.723972
6.190854	0.687960
6.390816	0.659214
6.594252	0.688276
6.787264	0.747033
6.990069	0.773252
7.190031	0.751139
7.391256	0.707546
7.591533	0.666480
7.796865	0.719550
7.990193	0.790626
8.186996	0.794733
8.393907	0.777675
8.595764	0.718602
8.793514	0.705651
8.992845	0.766618
9.184909	0.822532
9.387713	0.837063
9.587043	0.824427
9.786689	0.746401
9.988230	0.731238
9.789532	0.788415
9.583568	0.837063
9.386765	0.825691
9.184909	0.787783
8.990633	0.721129
8.789723	0.699964
8.591341	0.760300
8.386957	0.804210
8.186048	0.791258
7.982612	0.749876
7.791179	0.701860
7.592797	0.686697
7.390940	0.747665
7.187187	0.768830
6.987542	0.763459
6.787264	0.718602
6.588250	0.679115
6.390816	0.665216
6.190538	0.713864
5.989945	0.727763
5.784929	0.714180
5.594444	0.675956
5.382478	0.633942
5.191994	0.627309
4.988557	0.671534
4.790491	0.674693
4.584843	0.647526
4.387093	0.614673
4.183024	0.582136
3.991908	0.590349
3.791630	0.609934
3.589458	0.613409
3.390759	0.581188
3.187639	0.554969
2.987993	0.525274
2.791190	0.522431
2.589649	0.536331
2.388424	0.525906
2.189726	0.495580
1.984078	0.474415
1.788539	0.437771
1.582576	0.427663
1.390511	0.424188
1.190234	0.388176
0.989008	0.342687
0.792522	0.253920
0.588453	0.131669
0.385649	-0.045542
0.192953	-0.240109
-0.007956	-0.488370
-0.205681	-0.733473
-0.412881	-0.965311
-0.611238	-1.155455
-0.816859	-1.322226
-1.009846	-1.431512
-1.205360	-1.520267
-1.409402	-1.595125
-1.605232	-1.686407
-1.811169	-1.771687
-2.012369	-1.838017
-2.207251	-1.907821
-2.408450	-1.971939
-2.609018	-2.024687
-2.812428	-2.101755
-3.007942	-2.185141
-3.217354	-2.254629
-3.410973	-2.315273
-3.612172	-2.368021
-3.809265	-2.433403
-4.006674	-2.520895
-4.210716	-2.620073
-4.410968	-2.685139
-4.612167	-2.737255
-4.808313	-2.789055
-5.007617	-2.857280
-5.204710	-2.952983
-5.407805	-3.024683
-5.614058	-3.095750
-5.811152	-3.133021
-6.008245	-3.167449
-6.205338	-3.244517
-6.409380	-3.326324
-6.614686	-3.411288
-6.809884	-3.464036
-7.017084	-3.503518
-7.212282	-3.545527
-7.411586	-3.607434
-7.608680	-3.696505
-7.813354	-3.782733
-8.010447	-3.838640
-8.213541	-3.875279
-8.411898	-3.922025
-8.608359	-4.004463
-8.806085	-4.098588
-9.013917	-4.178815
-9.152893	-4.213559
-9.217643	-4.190817
-9.245122	-4.183869
-9.244806	-4.197451
-9.228382	-4.225562
-9.201534	-4.244513
-9.195533	-4.238512
-9.208483	-4.208505
-9.173739	-4.180710
-9.011390	-4.145334
-8.811138	-4.103958
-8.606780	-4.048367
-8.414741	-3.966561
-8.208172	-3.873068
-8.010447	-3.806107
-7.800404	-3.770731
-7.603626	-3.739146
-7.408428	-3.676606
-7.213230	-3.596063
-7.004766	-3.514889
-6.806093	-3.431819
-6.610579	-3.381914
-6.404958	-3.332641
-6.205970	-3.275787
-6.008561	-3.203140
-5.813046	-3.121650
-5.614690	-3.055005
-5.410964	-2.998151
-5.202816	-2.949825
-5.004459	-2.886022
-4.803576	-2.813060
-4.618484	-2.725884
-4.410020	-2.667767
-4.207874	-2.597647
-4.006990	-2.541109
-3.808318	-2.465304
-3.610277	-2.385709
-3.412868	-2.308640
-3.218301	-2.233151
-3.010785	-2.161136
-2.806743	-2.109020
-2.604912	-2.041743
-2.408450	-1.979520
-2.207883	-1.904346
-2.011737	-1.834858
-1.806747	-1.758422
-1.610917	-1.687986
-1.405928	-1.606180
-1.200938	-1.520899
-1.011110	-1.427090
-0.802962	-1.320963
-0.612501	-1.150401
-0.409091	-0.939411
-0.209155	-0.701888
-0.007640	-0.477315
0.190110	-0.247689
0.388808	-0.033856
0.586874	0.133564
0.789047	0.246023
0.986797	0.317100
1.191181	0.393546
1.387352	0.432401
1.586366	0.458621
1.786328	0.450091
1.989133	0.456409
2.189726	0.462727
2.393794	0.507900
2.590913	0.549914
2.792138	0.552441
2.987677	0.549282
3.188271	0.540121
3.388548	0.554021
3.586930	0.594455
3.791946	0.626045
3.990960	0.613725
4.187763	0.612146
4.390568	0.603301
4.586739	0.616568
4.795861	0.647526
4.989505	0.672166
5.193889	0.664900
5.396062	0.660162
5.589074	0.650053
5.783981	0.664268
5.987102	0.712600
6.190222	0.731238
6.393027	0.710705
6.591093	0.714496
6.785685	0.713864
6.988173	0.715759
7.184344	0.740399
7.389044	0.752403
7.590270	0.744190
7.789916	0.747349
7.987666	0.734081
8.186680	0.735977
8.389800	0.776095
8.591973	0.767250
8.796357	0.769777
8.992528	0.771357
9.187435	0.770409
9.392136	0.771989
9.587675	0.805473
9.782267	0.802314
9.988545	0.809580
9.789532	0.790310
9.585464	0.771357
9.383290	0.760616
9.184277	0.781781
8.991264	0.771357
8.789408	0.775147
8.589446	0.779886
8.387273	0.732502
8.186996	0.731554
7.986402	0.746085
7.788336	0.753982
7.589638	0.753982
7.389992	0.753667
7.184029	0.712284
6.989437	0.703439
6.786948	0.714496
6.592041	0.725236
6.392395	0.729975
6.191486	0.713232
5.993735	0.662689
5.788720	0.653212
5.587494	0.662373
5.390376	0.671534
5.195153	0.675956
4.994559	0.655739
4.790807	0.619095
4.585791	0.610250
4.388041	0.622570
4.182709	0.638681
3.996962	0.644367
3.791314	0.624150
3.589458	0.574238
3.389812	0.551494
3.181321	0.554337
2.985150	0.572975
2.789927	0.554337
2.590281	0.530013
2.391583	0.481997
2.190042	0.462095
1.988185	0.467782
1.786644	0.478206
1.588893	0.457989
1.391459	0.419765
1.190234	0.364800
0.987429	0.318679
0.791574	0.257395
0.586558	0.142725
0.386596	-0.036067
0.193585	-0.249268
-0.009535	-0.464681
-0.206312	-0.711680
-0.414460	-0.975418
-0.609343	-1.176933
-0.813069	-1.314646
-1.007004	-1.419510
-1.207887	-1.518688
-1.410034	-1.596704
-1.612813	-1.675352
-1.813696	-1.747998
-2.008894	-1.827594
-2.211041	-1.896450
-2.407819	-1.984258
-2.612176	-2.046481
-2.810849	-2.121023
-3.011417	-2.187668
-3.210089	-2.256524
-3.413184	-2.330434
-3.606487	-2.411293
-3.811792	-2.473516
-4.007306	-2.541109
-4.207242	-2.608386
-4.409705	-2.657660
-4.612167	-2.726832
-4.805786	-2.804532
-5.005722	-2.868019
-5.210712	-2.925504
-5.410964	-2.984885
-5.614690	-3.052794
-5.809888	-3.127019
-6.004455	-3.213563
-6.202495	-3.283683
-6.404010	-3.343380
-6.607737	-3.397075
-6.804514	-3.454561
-7.010767	-3.530997
-7.213546	-3.608698
-7.410007	-3.664604
-7.605205	-3.719563
-7.811458	-3.772942
-8.010131	-3.825058
-8.213541	-3.902442
-8.412530	-3.985512
-8.606780	-4.048683
-8.808295	-4.106168
-9.013600	-4.141228
-9.175319	-4.184500
-9.207536	-4.200925
-9.209115	-4.225562
-9.213536	-4.235353
-9.228698	-4.229983
-9.231856	-4.216086
-9.231856	-4.198714
-9.215116	-4.197134
-9.163000	-4.199346
-9.010126	-4.151968
-8.807980	-4.076478
-8.607411	-3.999094
-8.410951	-3.933080
-8.211962	-3.888860
-8.013289	-3.856328
-7.802930	-3.773258
-7.605205	-3.709455
-7.400847	-3.637440
-7.209124	-3.573006
-7.007608	-3.527523
-6.807988	-3.478881
-6.613422	-3.414447
-6.411275	-3.332957
-6.209760	-3.250203
-6.009192	-3.193033
-5.813363	-3.160500
-5.607110	-3.101751
-5.406226	-3.022156
-5.209764	-2.939718
-5.005091	-2.872756
-4.803576	-2.795372
-4.613115	-2.756206
-4.402756	-2.691456
-4.209453	-2.606491
-4.011412	-2.506681
-3.807054	-2.430876
-3.604591	-2.374338
-3.413184	-2.332013
-3.212932	-2.267895
-3.006363	-2.187984
-2.804532	-2.112179
-2.604912	-2.038269
-2.412556	-1.968465
-2.209462	-1.913506
-2.014580	-1.846229
-1.810853	-1.761580
-1.613128	-1.667771
-1.410350	-1.586597
-1.208835	-1.509528
-1.004477	-1.422036
-0.813069	-1.318752
-0.612817	-1.156403
-0.404985	-0.962152
-0.207892	-0.739475
-0.004797	-0.496583
0.194848	-0.221789
0.389755	-0.021853
0.587506	0.141146
0.790626	0.268768
0.991220	0.337949
1.195920	0.392283
1.399040	0.402707
1.593948	0.417554
1.792330	0.447564
1.988185	0.468097
2.190042	0.512639
2.388108	0.522747
2.589649	0.514850
2.786768	0.509796
2.986098	0.544860
3.187007	0.584031
3.385073	0.610882
3.590089	0.606459
3.787208	0.585294
3.991276	0.575186
4.181761	0.603301
4.394042	0.645946
4.589266	0.663952
4.797441	0.653528
4.993927	0.626993
5.189782	0.620991
5.385637	0.658898
5.593812	0.701860
5.784613	0.729027
5.991840	0.712600
6.190538	0.670902
6.393659	0.660478
6.591093	0.716391
6.785369	0.769145
6.987542	0.772936
7.186556	0.750508
7.390940	0.688908
7.589638	0.693962
7.793390	0.744822
7.991457	0.799471
8.183205	0.804842
8.387589	0.769777
8.586603	0.698069
8.790987	0.708494
8.988737	0.786520
9.184277	0.835799
9.386765	0.822848
9.586095	0.791890
9.789216	0.734081
9.987914	0.744822
9.788268	0.816530
9.585779	0.829166
9.388345	0.818425
9.183013	0.773884
8.987790	0.716075
8.789408	0.722709
8.587867	0.785572
8.387905	0.806105
8.183205	0.779570
7.986402	0.734713
7.790547	0.687329
7.592481	0.706598
7.388412	0.765039
7.187187	0.776095
6.989753	0.743874
6.786948	0.707862
6.597727	0.666164
6.390184	0.675956
6.196224	0.720498
5.995631	0.729659
5.792511	0.701860
5.589074	0.660793
5.385637	0.640576
5.192309	0.654160
4.988241	0.686381
4.792070	0.666480
4.588950	0.637733
4.383618	0.602985
4.183024	0.590665
3.992856	0.603301
3.786576	0.620991
3.589458	0.614673
3.388864	0.575186
3.188902	0.549598
2.985782	0.524643
2.791822	0.522431
2.588386	0.540121
2.392531	0.518641
2.189410	0.487051
1.987869	0.467782
1.785380	0.436824
1.586998	0.436508
1.389248	0.426399
1.189918	0.395442
0.990588	0.332894
0.784940	0.252657
0.588769	0.134196
0.385649	-0.033224
0.192953	-0.242636
-0.013957	-0.486159
-0.209471	-0.727472
-0.414460	-0.964047
-0.611870	-1.151981
-0.809910	-1.324753
-1.006372	-1.428669
-1.207887	-1.510792
-1.408771	-1.598599
-1.609022	-1.680405
-1.810853	-1.762528
-2.013000	-1.831384
-2.211673	-1.897082
-2.409398	-1.960253
-2.608386	-2.030372
-2.807059	-2.116916
-3.010785	-2.197775
-3.211353	-2.270422
-3.414447	-2.330434
-3.604591	-2.397711
-3.809265	-2.467515
-4.012360	-2.560061
-4.206926	-2.641235
-4.413179	-2.695246
-4.611536	-2.744204
-4.807682	-2.800110
-5.006986	-2.862017
-5.209133	-2.958353
-5.409700	-3.034474
-5.613742	-3.088801
-5.816205	-3.119123
-6.007929	-3.157657
-6.208812	-3.239464
-6.410644	-3.339589
-6.611527	-3.411920
-6.810515	-3.464668
-7.010767	-3.505413
-7.212914	-3.549317
-7.411271	-3.616278
-7.607416	-3.713877
-7.813669	-3.791893
-8.008552	-3.847800
-8.213541	-3.891703
-8.411898	-3.931817
-8.613413	-4.009833
-8.807032	-4.104273
-9.011074	-4.174393
-9.158262	-4.209137
-9.209115	-4.203452
-9.227434	-4.204715
-9.229329	-4.218297
-9.221117	-4.238196
-9.211010	-4.238512
-9.220170	-4.215454
-9.219222	-4.192081
-9.177845	-4.173761
-9.013600	-4.142176
-8.806400	-4.095429
-8.610887	-4.052157
-8.413161	-3.967824
-8.207856	-3.902442
-8.004129	-3.833586
-7.813037	-3.780838
-7.612154	-3.723984
-7.405269	-3.656392
-7.211650	-3.576480
-7.011399	-3.503518
-6.809884	-3.440031
-6.610895	-3.389810
-6.410012	-3.337063
-6.208497	-3.273576
-6.001927	-3.188295
-5.814942	-3.111227
-5.610268	-3.053741
-5.410964	-2.998151
-5.210712	-2.948561
-5.007301	-2.898341
-4.807997	-2.816850
-4.613115	-2.741993
-4.411916	-2.667135
-4.205663	-2.598279
-4.009833	-2.532897
-3.807370	-2.463409
-3.609329	-2.384130
-3.412552	-2.311483
-3.217985	-2.240731
-3.010153	-2.174086
-2.811481	-2.123234
-2.609334	-2.058483
-2.408134	-1.984258
-2.212620	-1.911295
-2.013948	-1.832963
-1.811801	-1.754315
-1.609022	-1.681669
-1.414456	-1.600810
-1.206939	-1.518372
-1.009215	-1.428985
-0.813701	-1.316541
-0.611554	-1.160193
-0.410354	-0.941938
-0.209155	-0.710732
-0.008903	-0.486159
0.194532	-0.248005
0.386596	-0.028802
0.590033	0.128194
0.786836	0.240969
0.991220	0.326260
1.188970	0.397337
1.388300	0.430822
1.586050	0.449775
1.788223	0.446932
1.986605	0.457357
2.191305	0.476942
2.389688	0.520852
2.592176	0.548335
2.794665	0.544228
2.987045	0.538858
3.189218	0.538226
3.389496	0.562866
3.593564	0.602037
3.789419	0.630468
3.993487	0.611198
4.187131	0.604564
4.388356	0.603301
4.586422	0.627940
4.790491	0.655107
4.990452	0.671218
5.191362	0.660162
5.384690	0.660162
5.585915	0.656687
5.791247	0.669007
5.989629	0.720498
6.191486	0.725868
6.390500	0.719866
6.593305	0.713864
6.790423	0.701228
6.986278	0.717023
7.186240	0.744190
7.386833	0.744822
7.589638	0.732818
7.788968	0.746401
7.987350	0.732502
8.185416	0.742926
8.388221	0.780202
8.587551	0.774200
8.790039	0.777043
8.989685	0.785572
9.187752	0.762828
9.384870	0.770725
9.585148	0.801683
9.785741	0.793469
9.988545	0.804842
9.788268	0.787152
9.591465	0.756194
9.386765	0.769461
9.186804	0.780834
8.998846	0.760300
8.793514	0.776411
8.586603	0.767566
8.385694	0.743558
8.188891	0.742610
7.985138	0.753982
7.790547	0.750824
7.590901	0.765355
7.390940	0.746085
7.186240	0.705019
6.988173	0.708494
6.783157	0.718918
6.591725	0.729027
6.391763	0.739451
6.190222	0.706282
5.991209	0.664268
5.788404	0.659530
5.587178	0.667111
5.384058	0.674693
5.191046	0.691119
4.992348	0.646262
4.790175	0.613409
4.589581	0.607723
4.387093	0.620675
4.184920	0.639944
3.991276	0.636154
3.790998	0.598878
3.589773	0.552441
3.390444	0.549914
3.185428	0.561286
2.987045	0.572975
2.791190	0.558759
2.591229	0.521484
2.390951	0.474415
2.189094	0.468413
1.988185	0.470625
1.785380	0.476311
1.588578	0.451355
1.390511	0.409341
1.188338	0.358798
0.992167	0.317415
0.789047	0.262766
0.585610	0.139251
0.387228	-0.036382
0.191373	-0.244531
-0.007956	-0.464365
-0.212313	-0.720839
-0.408775	-0.973523
-0.612185	-1.180092
-0.814332	-1.320331
-1.009846	-1.429933
-1.206624	-1.518372
-1.413193	-1.598283
-1.608391	-1.667455
-1.813696	-1.754631
-2.012053	-1.829805
-2.216095	-1.908137
-2.406871	-1.977309
-2.609334	-2.044902
-2.811165	-2.107441
-3.014891	-2.176613
-3.212616	-2.255893
-3.413184	-2.347490
-3.608382	-2.411609
-3.808318	-2.475411
-4.015203	-2.543320
-4.209453	-2.611861
-4.410652	-2.685139
-4.612167	-2.745783
-4.813367	-2.822220
-5.008249	-2.886654
-5.204395	-2.951088
-5.414438	-3.006363
-5.610899	-3.074588
-5.813046	-3.141549
-6.006981	-3.200613
-6.208497	-3.271681
-6.407485	-3.320954
-6.606789	-3.404340
-6.809252	-3.470353
-7.006029	-3.551528
-7.209124	-3.632071
-7.406217	-3.685134
-7.605205	-3.731249
-7.805773	-3.792209
-8.002866	-3.849063
-8.208172	-3.924552
-8.406528	-4.004779
-8.606464	-4.057843
-8.807032	-4.100167
-9.007915	-4.142807
-9.176581	-4.181342
-9.205324	-4.208189
-9.203114	-4.229036
-9.215432	-4.234721
-9.238489	-4.224298
-9.246070	-4.203452
-9.233751	-4.196819
-9.203114	-4.205347
-9.155419	-4.216086
-9.006021	-4.175025
-8.809243	-4.101747
-8.606149	-4.023415
-8.411898	-3.971299
-8.205329	-3.918867
-8.008867	-3.857591
-7.812406	-3.776732
-7.607416	-3.694294
-7.409376	-3.623859
-7.212914	-3.557529
-7.009820	-3.529418
-6.811779	-3.482040
-6.609632	-3.417921
-6.409380	-3.327271
-6.203127	-3.264100
-6.000980	-3.208826
-5.807045	-3.158605
-5.606478	-3.115964
-5.411911	-3.021208
-5.204710	-2.936243
-5.007617	-2.861070
-4.802312	-2.805480
-4.613115	-2.759365
-4.410020	-2.694299
-4.211032	-2.595436
-4.010149	-2.523421
-3.807686	-2.436245
-3.606802	-2.373390
-3.416342	-2.325696
-3.212300	-2.263473
-3.008258	-2.194932
-2.804848	-2.115021
-2.604280	-2.038584
-2.404660	-1.979520
-2.210409	-1.916349
-2.016159	-1.838649
-1.809906	-1.747998
-1.606811	-1.654190
-1.412561	-1.583438
-1.205992	-1.512371
-1.006372	-1.431196
-0.818123	-1.308013
-0.609659	-1.153876
-0.401195	-0.972260
-0.204417	-0.729999
-0.005113	-0.474473
0.190426	-0.226211
0.385649	-0.020590
0.584979	0.144937
0.789995	0.273506
0.986797	0.354691
1.195288	0.388492
1.393986	0.394810
1.592368	0.419765
1.794541	0.446301
1.992607	0.481049
2.196044	0.509164
2.388108	0.522115
2.595651	0.512639
2.794349	0.518009
2.986414	0.554969
3.187323	0.596983
3.390444	0.610882
3.588194	0.606144
3.790367	0.574870
3.998542	0.580872
4.189342	0.627624
4.391831	0.658898
4.589581	0.677220
4.791122	0.655739
4.990768	0.626361
5.191362	0.626045
5.382794	0.675325
5.586546	0.709125
5.787140	0.725552
5.989945	0.695226
6.190538	0.650053
6.392079	0.667743
6.592673	0.738820
6.784421	0.766934
6.988805	0.769461
7.193505	0.723341
7.389992	0.673113
7.592165	0.700280
7.785809	0.773884
7.986718	0.797576
8.185416	0.784308
8.388221	0.744190
8.591341	0.682906
8.789092	0.729659
8.987158	0.806421
9.179222	0.828850
9.382027	0.816846
9.587358	0.773568
9.790480	0.719550
9.989178	0.766934
9.781634	0.835168
9.584831	0.843065
9.387081	0.810844
9.187119	0.754930
8.990949	0.704703
8.789092	0.746717
8.588498	0.799787
8.388221	0.805158
8.186996	0.769777
7.987982	0.712600
7.789599	0.689540
7.589006	0.737556
7.387781	0.774200
7.189399	0.780834
6.990701	0.739767
6.788844	0.698069
6.592357	0.663952
6.390500	0.701860
6.186431	0.741031
5.992788	0.735345
5.787456	0.692699
5.590022	0.641840
5.385322	0.631731
5.191362	0.660478
4.989505	0.678484
4.790807	0.661741
4.588634	0.620991
4.384881	0.598562
4.187763	0.581504
3.991908	0.605196
3.791946	0.620991
3.589458	0.604564
3.388864	0.573606
3.182585	0.547071
2.986098	0.533172
2.790874	0.541069
2.590281	0.547387
2.387792	0.515482
2.189094	0.483892
1.988185	0.454514
1.787591	0.439035
1.585103	0.442826
1.395566	0.428611
1.189602	0.388808
0.991536	0.329735
0.787467	0.253605
0.589401	0.127247
0.386912	-0.031329
0.192005	-0.238214
-0.009535	-0.481422
-0.208523	-0.725577
-0.414460	-0.961836
-0.611870	-1.155771
-0.816227	-1.323806
-1.007951	-1.422668
-1.212309	-1.508896
-1.410350	-1.595441
-1.611865	-1.684512
-1.812117	-1.766318
-2.012369	-1.841491
-2.217042	-1.910979
-2.406555	-1.966570
-2.611545	-2.043322
-2.810849	-2.125760
-3.010469	-2.203145
-3.214511	-2.264421
-3.412236	-2.323801
-3.609013	-2.385709
-3.808002	-2.461514
-4.012044	-2.555007
-4.207558	-2.628601
-4.412231	-2.682928
-4.611220	-2.736623
-4.806734	-2.791582
-5.008565	-2.867703
-5.213871	-2.953931
-5.409700	-3.019313
-5.615322	-3.068902
-5.811783	-3.124492
-6.007297	-3.181978
-6.208497	-3.260626
-6.411275	-3.353171
-6.610263	-3.413815
-6.811463	-3.469090
-7.013926	-3.492463
-7.212282	-3.544263
-7.410323	-3.633650
-7.603942	-3.739777
-7.808616	-3.795368
-8.010447	-3.812424
-8.210698	-3.871173
-8.410634	-3.925500
-8.602042	-4.036996
-8.806716	-4.108696
-9.006336	-4.181658
-9.168685	-4.197451
-9.230593	-4.179131
-9.253651	-4.173446
-9.257756	-4.189238
-9.250808	-4.205978
-9.249544	-4.199030
-9.253018	-4.178815
-9.236594	-4.167444
-9.182267	-4.168708
-9.007600	-4.151336
-8.811138	-4.118803
-8.605516	-4.046788
-8.412530	-3.956769
-8.210698	-3.878121
-8.013921	-3.820004
-7.812406	-3.765046
-7.607416	-3.726827
-7.408112	-3.660814
-7.213230	-3.588167
-7.011714	-3.520574
-6.809252	-3.466247
-6.610895	-3.409077
-6.410644	-3.344327
-6.214182	-3.272944
-6.009508	-3.189874
-5.816205	-3.123861
-5.611216	-3.065428
-5.409384	-3.003836
-5.209448	-2.945719
-5.012039	-2.879389
-4.807682	-2.802637
-4.609009	-2.747046
-4.409073	-2.676927
-4.209453	-2.608070
-4.011412	-2.536371
-3.808002	-2.459934
-3.607750	-2.373075
-3.410973	-2.293795
-3.212932	-2.225570
-3.011417	-2.166190
-2.811796	-2.112494
-2.607754	-2.037953
-2.414451	-1.970044
-2.211673	-1.899608
-2.013000	-1.826646
-1.810538	-1.753368
-1.612497	-1.684512
-1.406875	-1.598599
-1.207887	-1.516477
-1.004477	-1.421089
-0.816543	-1.308645
-0.612185	-1.148506
-0.416356	-0.939095
-0.209471	-0.717365
-0.013957	-0.488055
0.192005	-0.240425
0.386281	-0.037014
0.588138	0.129142
0.783045	0.243180
0.991536	0.333842
1.184232	0.403971
1.389879	0.434613
1.587314	0.443458
1.785064	0.444721
1.987553	0.446932
2.182460	0.482313
2.395058	0.532856
2.589649	0.543280
2.793086	0.540437
2.985782	0.548335
3.189534	0.542333
3.385389	0.574554
3.590405	0.612146
3.791630	0.608987
3.992856	0.609934
4.187763	0.598878
4.387724	0.602669
4.588950	0.636154
4.789543	0.668691
4.990452	0.669954
5.188519	0.657950
5.382794	0.660478
5.588126	0.648474
5.786192	0.687645
5.988997	0.722709
6.190538	0.711653
6.392711	0.712284
6.592041	0.713232
6.788528	0.705335
6.988173	0.730606
7.189399	0.749876
7.390940	0.744506
7.584899	0.750508
7.789916	0.739451
7.987350	0.729975
8.186048	0.749876
8.383166	0.761564
8.590077	0.766934
8.794462	0.769145
8.991581	0.773252
9.184592	0.756826
9.386450	0.782097
9.587675	0.807053
9.786373	0.793469
9.988862	0.818109
9.789847	0.786520
9.586095	0.754298
9.387713	0.775147
9.187752	0.771673
8.992845	0.773568
8.782458	0.786836
8.591658	0.757457
8.395487	0.722393
8.187943	0.742294
7.991772	0.746401
7.793390	0.759984
7.591849	0.764091
7.391256	0.743242
7.189083	0.711968
6.984699	0.714180
6.787264	0.729343
6.588566	0.734081
6.393027	0.741031
6.188011	0.692383
5.991524	0.664900
5.785876	0.671534
5.587494	0.685749
5.388796	0.698385
5.191046	0.683538
4.992032	0.639313
4.786384	0.600142
4.588002	0.612462
4.386777	0.627940
4.187131	0.639313
3.993171	0.626677
3.789735	0.587190
3.589773	0.560971
3.388232	0.566025
3.188586	0.580872
2.986729	0.574870
2.795297	0.555284
2.593440	0.503478
2.388740	0.470940
2.191305	0.470309
1.986605	0.481365
1.789171	0.476942
1.592368	0.446301
1.398093	0.386281
1.194340	0.355007
0.991852	0.317100
0.793785	0.258343
0.590033	0.137039
0.383437	-0.047437
0.197059	-0.241056
-0.003218	-0.470051
-0.208207	-0.725893
-0.404037	-0.976682
-0.612817	-1.181039
-0.806120	-1.322542
-1.009215	-1.425195
-1.206939	-1.521215
-1.407507	-1.609022
-1.609970	-1.678195
-1.813696	-1.763791
-2.012369	-1.836438
-2.214515	-1.916033
-2.409398	-1.979204
-2.611229	-2.041427
-2.808954	-2.116916
-3.014891	-2.181351
-3.212616	-2.251786
-3.414131	-2.326960
-3.606802	-2.401501
-3.808949	-2.468778
-4.009201	-2.537319
-4.215454	-2.607754
-4.409389	-2.685455
-4.613115	-2.765366
-4.807050	-2.827273
-5.008249	-2.890444
-5.208817	-2.936875
-5.414122	-2.993729
-5.613426	-3.065428
-5.814626	-3.146286
-6.008561	-3.216090
-6.207233	-3.281788
-6.411907	-3.333272
-6.610263	-3.381598
-6.812726	-3.444137
-7.012662	-3.510467
-7.215441	-3.578691
-7.407480	-3.626701
-7.603626	-3.697768
-7.803246	-3.756517
-8.014869	-3.839587
-8.210382	-3.933712
-8.412213	-3.998146
-8.600779	-4.059106
-8.804505	-4.114697
-9.010758	-4.159548
-9.161105	-4.203452
-9.190164	-4.222403
-9.198376	-4.236617
-9.219538	-4.235037
-9.234067	-4.226193
-9.240068	-4.207874
-9.223012	-4.207242
-9.191427	-4.219876
-9.150050	-4.224298
-9.008231	-4.171550
-8.813981	-4.100799
-8.607096	-4.022151
-8.410951	-3.979827
-8.209751	-3.936555
-8.010762	-3.873068
-7.817460	-3.798842
-7.609627	-3.715456
-7.408112	-3.638704
-7.214177	-3.580586
-7.010767	-3.535104
-6.812726	-3.488989
-6.609632	-3.399918
-6.412222	-3.314953
-6.209444	-3.246728
-6.005718	-3.205035
-5.813363	-3.156078
-5.610584	-3.078694
-5.413806	-2.993097
-5.207237	-2.911607
-5.010460	-2.839592
-4.805155	-2.792213
-4.613431	-2.750837
-4.410020	-2.680085
-4.213559	-2.601753
-4.009517	-2.509524
-3.807054	-2.452354
-3.608382	-2.388551
-3.412552	-2.343384
-3.213563	-2.265368
-3.007626	-2.185141
-2.809901	-2.103019
-2.609965	-2.029741
-2.406555	-1.975414
-2.211989	-1.920139
-2.011421	-1.838017
-1.808958	-1.754315
-1.611549	-1.667140
-1.412561	-1.591966
-1.216731	-1.522162
-1.008267	-1.431828
-0.809910	-1.319068
-0.612185	-1.156087
-0.409407	-0.972575
-0.210102	-0.741370
-0.007640	-0.480790
0.190110	-0.234107
0.388176	-0.037646
0.583715	0.126299
0.788415	0.265293
0.990588	0.348057
1.189918	0.390387
1.387352	0.395757
1.584471	0.426715
1.783485	0.455146
1.987553	0.492737
2.192885	0.506637
2.389056	0.506953
2.585543	0.498107
2.793086	0.519904
2.987045	0.555284
3.187955	0.584347
3.388232	0.609618
3.591353	0.591928
3.789103	0.560971
3.992540	0.588138
4.189974	0.630152
4.390568	0.652264
4.586107	0.667743
4.789859	0.642472
4.989189	0.601721
5.188835	0.633626
5.381531	0.684170
5.587494	0.718286
5.789351	0.717970
5.991209	0.681958
6.192118	0.648789
6.388288	0.688592
6.592357	0.747349
6.784421	0.766302
6.988805	0.759037
7.191610	0.702492
7.394731	0.671534
7.589954	0.717339
7.791811	0.791890
7.985455	0.798840
8.186048	0.781465
8.386957	0.728395
8.585971	0.685749
8.789723	0.750508
8.986842	0.816214
9.183013	0.822216
9.386450	0.801051
9.587991	0.753982
9.785110	0.720814
9.988862	0.785572
9.788268	0.836431
9.588622	0.829166
9.385818	0.793469
9.189331	0.723972
8.985579	0.711653
8.794462	0.764091
8.595448	0.795365
8.389169	0.790942
8.192681	0.751455
7.980716	0.704703
7.797813	0.691119
7.592797	0.736292
7.389992	0.779886
7.190346	0.763775
6.987226	0.727763
6.788844	0.687645
6.591409	0.675956
6.392711	0.711337
6.190538	0.734713
5.990577	0.719866
5.787456	0.673429
5.588442	0.640576
5.383742	0.631099
5.190730	0.673745
4.993296	0.685433
4.792702	0.658898
4.586739	0.627309
4.388988	0.598562
4.186815	0.583715
3.988117	0.622570
3.790998	0.613409
3.590721	0.593192
3.391075	0.552441
3.187323	0.539174
2.993363	0.524643
2.797508	0.537910
2.594388	0.532856
2.394426	0.507584
2.195096	0.482313
1.990080	0.456409
1.788539	0.447880
1.583839	0.446617
1.399672	0.422924
1.190866	0.373329
0.992799	0.328472
0.795365	0.244760
0.590665	0.131353
0.391335	-0.033540
0.191057	-0.251795
-0.008271	-0.485212
-0.207892	-0.736000
-0.404037	-0.955835
-0.613449	-1.161141
-0.810542	-1.325069
-1.010162	-1.433091
-1.208519	-1.503527
-1.408139	-1.590387
-1.609654	-1.682301
-1.807379	-1.777373
-2.005420	-1.841491
-2.218622	-1.899293
-2.400238	-1.963727
-2.609650	-2.046165
-2.810533	-2.130814
-3.008258	-2.199986
-3.218933	-2.262210
-3.414447	-2.306745
-3.609013	-2.374022
-3.811476	-2.454881
-4.008885	-2.541425
-4.210401	-2.609334
-4.410652	-2.650395
-4.612167	-2.701563
-4.806418	-2.762523
-5.008881	-2.858227
-5.208501	-2.946351
-5.410648	-3.019629
-5.608057	-3.062585
-5.821890	-3.113754
-6.009192	-3.183241
-6.207233	-3.268206
-6.410644	-3.344327
-6.615001	-3.415395
-6.812410	-3.460562
-7.012662	-3.524049
-7.213230	-3.594168
-7.408112	-3.685766
-7.608995	-3.754622
-7.808300	-3.815266
-8.011395	-3.853801
-8.208488	-3.898968
-8.415689	-3.956453
-8.607096	-4.037312
-8.807032	-4.117855
-9.007283	-4.166812
-9.174371	-4.178184
-9.232488	-4.174077
-9.240384	-4.188922
-9.227118	-4.217665
-9.216063	-4.243249
-9.222381	-4.230299
-9.232804	-4.199661
-9.225855	-4.181658
-9.176581	-4.182921
-9.008862	-4.155442
-8.808295	-4.119434
-8.605832	-4.037944
-8.410634	-3.952031
-8.212910	-3.875595
-8.006972	-3.828217
-7.813354	-3.788419
-7.603942	-3.734092
-7.409060	-3.652917
-7.213546	-3.562899
-7.012662	-3.497833
-6.809884	-3.438768
-6.609948	-3.389179
-6.409380	-3.336115
-6.207549	-3.256835
-6.005718	-3.179135
-5.817784	-3.103646
-5.610584	-3.064796
-5.406226	-3.017734
-5.204395	-2.952668
-5.005722	-2.883180
-4.805470	-2.804216
-4.613115	-2.732517
-4.413811	-2.664292
-4.207242	-2.607123
-4.012991	-2.545215
-3.807370	-2.466252
-3.604907	-2.392973
-3.411920	-2.313378
-3.212932	-2.252418
-3.011417	-2.186720
-2.810533	-2.117548
-2.606807	-2.045218
-2.410029	-1.972571
-2.211989	-1.898977
-2.012685	-1.825699
-1.810538	-1.756842
-1.607127	-1.689249
-1.410034	-1.615971
-1.203149	-1.521215
-1.009530	-1.427090
-0.815280	-1.310856
-0.615660	-1.140610
-0.410038	-0.939411
-0.212945	-0.730315
-0.007956	-0.489002
0.193585	-0.251479
0.387860	-0.041752
0.589717	0.122824
0.784308	0.246971
0.990272	0.338580
1.190866	0.396389
1.390511	0.436508
1.590157	0.429242
1.788539	0.438087
1.988185	0.445985
2.189410	0.490210
2.391267	0.525590
2.590597	0.538858
2.791822	0.535699
2.987361	0.535699
3.189534	0.541385
3.388232	0.582451
3.590089	0.618779
3.788787	0.612462
3.994435	0.603616
4.185552	0.593824
4.389620	0.602037
4.585159	0.644999
4.792386	0.667743
4.992980	0.667743
5.192941	0.657634
5.385322	0.654791
5.585283	0.663321
5.791879	0.692383
5.990577	0.708809
6.184220	0.700280
6.396818	0.704387
6.591409	0.701860
6.792634	0.696805
6.990701	0.728395
7.194137	0.753351
7.391256	0.739767
7.598167	0.743558
7.791179	0.736292
7.988614	0.715443
8.187943	0.753667
8.388536	0.765039
8.587234	0.759037
8.791619	0.779570
8.986210	0.764723
9.185540	0.759984
9.384870	0.778622
9.585779	0.792206
9.788268	0.801367
9.987914	0.814634
9.787637	0.782413
9.584516	0.760616
9.386133	0.767566
9.184909	0.772936
8.988737	0.779886
8.791619	0.784624
8.586287	0.748612
8.385694	0.735029
8.182257	0.750508
7.985138	0.751771
7.791179	0.764723
7.590901	0.760616
7.389360	0.717023
7.190031	0.704387
6.985331	0.710705
6.787580	0.725552
6.587303	0.738820
6.390500	0.734713
6.192118	0.681643
5.988365	0.667743
5.788088	0.673429
5.586863	0.683538
5.385005	0.694594
5.187887	0.687013
4.991716	0.624466
4.788280	0.608355
4.587370	0.624781
4.386145	0.636785
4.185236	0.645315
3.991276	0.624466
3.788471	0.582136
3.590405	0.552757
3.383178	0.568552
3.186691	0.586558
2.984202	0.575818
2.789927	0.554653
2.593440	0.493369
2.389688	0.471572
2.188147	0.474415
1.985342	0.489262
1.788223	0.470309
1.584471	0.439667
1.390827	0.396073
1.187707	0.364168
0.993747	0.333526
0.785256	0.267504
0.588769	0.143041
0.383753	-0.044911
0.192953	-0.243267
-0.010798	-0.472578
-0.205996	-0.738843
-0.412881	-0.988368
-0.611870	-1.165247
-0.813701	-1.322858
-1.007319	-1.416667
-1.208835	-1.511423
-1.409086	-1.593861
-1.612497	-1.676299
-1.809906	-1.756842
-2.010473	-1.831068
-2.211673	-1.909716
-2.406555	-1.975729
-2.613756	-2.037953
-2.810217	-2.099860
-3.016786	-2.168717
-3.212932	-2.242311
-3.412552	-2.325381
-3.607750	-2.399606
-3.809581	-2.464356
-4.011412	-2.532897
-4.209453	-2.595436
-4.410968	-2.675347
-4.611536	-2.751468
-4.807050	-2.814955
-5.007617	-2.877178
-5.209448	-2.936559
-5.409700	-3.004152
-5.605846	-3.078694
-5.816521	-3.163974
-6.005718	-3.230620
-6.209128	-3.280525
-6.409380	-3.334536
-6.616580	-3.393285
-6.811463	-3.463089
-7.013610	-3.536999
-7.211019	-3.615330
-7.406217	-3.661445
-7.604258	-3.713877
-7.808616	-3.763150
-8.009815	-3.858854
-8.212594	-3.940661
-8.411898	-4.003200
-8.600147	-4.068266
-8.799135	-4.105537
-9.010126	-4.151651
-9.162684	-4.203136
-9.181952	-4.231879
-9.196796	-4.238827
-9.227434	-4.222403
-9.255230	-4.204083
-9.251755	-4.192397
-9.232488	-4.197766
-9.184478	-4.228088
-9.145628	-4.224930
-9.011390	-4.166181
-8.806085	-4.082163
-8.607096	-4.014255
-8.413477	-3.970351
-8.210382	-3.920762
-8.018974	-3.860118
-7.809879	-3.775785
-7.607732	-3.680081
-7.406533	-3.601749
-7.218915	-3.559108
-7.012031	-3.525944
-6.809252	-3.464668
-6.609948	-3.386652
-6.407485	-3.325376
-6.209444	-3.253045
-6.004455	-3.198402
-5.814310	-3.159868
-5.613426	-3.073640
-5.408437	-3.005731
-5.209133	-2.914765
-5.012039	-2.847804
-4.806734	-2.790950
-4.614378	-2.754311
-4.411916	-2.683560
-4.215770	-2.614072
-4.007938	-2.532265
-3.807686	-2.467199
-3.607750	-2.407503
-3.411920	-2.338646
-3.216406	-2.264736
-3.008890	-2.180087
-2.810533	-2.096702
-2.610281	-2.027214
-2.410661	-1.967517
-2.213884	-1.899608
-2.017107	-1.827910
-1.811485	-1.747367
-1.613128	-1.667771
-1.407823	-1.591334
-1.206308	-1.523742
-1.009846	-1.434671
-0.816543	-1.311803
-0.611554	-1.155455
-0.410670	-0.964995
-0.212945	-0.742949
-0.008903	-0.480474
0.193269	-0.237582
0.386912	-0.036067
0.589085	0.134512
0.784940	0.267504
0.989324	0.350269
1.187391	0.372697
1.391775	0.399864
1.587630	0.424820
1.786644	0.462727
1.988185	0.493369
2.187515	0.506637
2.390003	0.499687
2.588701	0.500003
2.792770	0.523379
2.980096	0.561286
3.186691	0.595719
3.387916	0.607407
3.588826	0.586242
3.789735	0.567288
3.991592	0.604248
4.186499	0.640576
4.388356	0.665216
4.587370	0.669639
4.787964	0.628888
4.989189	0.603932
5.191362	0.644999
5.383742	0.701228
5.582440	0.735345
5.787772	0.704387
5.989629	0.671218
6.189275	0.649421
6.393659	0.699333
6.586671	0.751455
6.786948	0.774516
6.985331	0.750192
7.190346	0.697121
7.387781	0.667743
7.594376	0.735345
7.788968	0.787467
7.983559	0.805158
8.190786	0.766302
8.387905	0.710389
8.592605	0.697753
8.789723	0.766934
8.992845	0.811791
9.189962	0.812739
9.391188	0.786836
9.587991	0.730922
9.794271	0.728395
9.993284	0.804842
9.790164	0.839590
9.583252	0.839906
9.388029	0.795365
9.186172	0.741031
8.990633	0.727763
8.790356	0.787467
8.583760	0.802314
8.386642	0.789679
8.184153	0.745137
7.984191	0.697121
7.789284	0.687960
7.589006	0.762828
7.389044	0.783045
7.188135	0.765355
6.987857	0.723972
6.785685	0.680695
6.592357	0.688592
6.390500	0.728711
6.191802	0.742926
5.992788	0.706914
5.790299	0.674061
5.588126	0.637417
5.383110	0.651948
5.191362	0.680379
4.988557	0.685749
4.792386	0.653528
4.586739	0.626045
4.388988	0.606144
4.180813	0.602669
3.990960	0.626677
3.790367	0.619727
3.590721	0.587506
3.389496	0.557180
3.186059	0.544228
2.981359	0.541385
2.793086	0.557180
2.589333	0.541069
2.393162	0.506005
2.190358	0.477574
1.988817	0.460516
1.786960	0.450723
1.584471	0.449460
1.393986	0.419450
1.192761	0.376172
0.988693	0.331631
0.781781	0.251077
0.589085	0.136092
0.385965	-0.038909
0.192953	-0.248005
-0.009535	-0.485212
-0.208839	-0.730315
-0.412565	-0.954256
-0.614396	-1.165878
-0.811490	-1.324121
-1.012057	-1.423300
-1.207887	-1.515845
-1.404980	-1.616603
-1.609654	-1.698725
