# Configuration automatically generated by WRITE_CONFIG()
connection eth
ip 192.168.0.10
samplehz 1000.000000
settleus 10.000000
nsample 128

# Analog Inputs
aichannel 0
ainegative 199
airange 10.000000
airesolution 0

aichannel 1
ainegative 199
airange 10.000000
airesolution 0

# Analog Outputs
aochannel 0
aosignal triangle
aofrequency 5.000000
aoamplitude 2.000000
aooffset 2.500000
aoduty 0.500000

# Meta Parameters
int:periods 10
flt:tip_T_C 306.780559
flt:plate_T_C 295.929887
flt:plate_Q_kW 1.324981
flt:cool_Thigh_C 54.948995
flt:cool_Tlow_C 14.620588
flt:air_psig 20.000000
flt:water_gph 7.000000
flt:standoff_in 0.233000
flt:oxygen_scfh 19.472656
flt:fuel_scfh 10.722312
flt:flow_scfh 30.194969
flt:ratio_fto 0.550634

## End Configuration ##
#: Fri Apr  7 09:44:51 2017
-6.408116	-3.128915
-9.423896	-4.029416
-9.403681	-4.030679
-9.384414	-4.031943
-9.369884	-3.998778
-9.218274	-3.928658
-9.013285	-3.865171
-8.810506	-3.815582
-8.607096	-3.790314
-8.413477	-3.745778
-8.212277	-3.675975
-8.012341	-3.647548
-7.809247	-3.597959
-7.605205	-3.523733
-7.403059	-3.455824
-7.211019	-3.399602
-7.006345	-3.342432
-6.816516	-3.283999
-6.612790	-3.250203
-6.414118	-3.190822
-6.211023	-3.113122
-6.010140	-3.020576
-5.815258	-2.952668
-5.610268	-2.912238
-5.410648	-2.871493
-5.209764	-2.814955
-5.006670	-2.756522
-4.808945	-2.663977
-4.617537	-2.573010
-4.414127	-2.520579
-4.212927	-2.488993
-4.012676	-2.437509
-3.812108	-2.386340
-3.609645	-2.314010
-3.417606	-2.245785
-3.216406	-2.169348
-3.010153	-2.101755
-2.814323	-2.027845
-2.611545	-1.976045
-2.412556	-1.913822
-2.215779	-1.844966
-2.013316	-1.794429
-1.816223	-1.738523
-1.615971	-1.650399
-1.410666	-1.561960
-1.216415	-1.488366
-1.009215	-1.422984
-0.814016	-1.367394
-0.617239	-1.299169
-0.412565	-1.209466
-0.211682	-1.073017
-0.013009	-0.878767
0.189478	-0.618502
0.383753	-0.331075
0.583083	-0.024696
0.786204	0.217593
0.986481	0.384701
1.188022	0.514218
1.391459	0.608039
1.584471	0.661109
1.783169	0.709441
1.986605	0.722077
2.186883	0.736292
2.388108	0.768830
2.589333	0.795049
2.792138	0.838011
2.984834	0.879393
3.182269	0.896767
3.381914	0.931200
3.587246	0.958367
3.787840	0.977004
3.991908	0.960578
4.182393	0.995326
4.382670	1.011437
4.579473	1.048713
4.786068	1.088516
4.989505	1.108417
5.191046	1.106206
5.384374	1.094202
5.582440	1.076512
5.784613	1.126107
5.987418	1.169385
6.187063	1.195288
6.386709	1.207924
6.588566	1.208556
6.783473	1.179493
6.982487	1.198447
7.186240	1.241409
7.392835	1.275841
7.588374	1.313117
7.790547	1.311853
7.982927	1.294163
8.184153	1.297954
8.381903	1.297322
8.585024	1.299218
8.786880	1.332071
8.987158	1.357342
9.181118	1.362713
9.384870	1.406622
9.582936	1.414203
9.782898	1.393354
9.986650	1.352920
9.780686	1.348813
9.581988	1.360185
9.383607	1.395250
9.178591	1.410729
8.984947	1.384193
8.788460	1.343759
8.588498	1.280896
8.386642	1.279632
8.180046	1.321014
7.982927	1.318803
7.788336	1.308063
7.587427	1.295111
7.387149	1.240777
7.185292	1.202554
6.990069	1.197815
6.788528	1.212978
6.583196	1.228457
6.389236	1.220876
6.189590	1.179493
5.983311	1.177914
5.783665	1.152642
5.585283	1.106521
5.382163	1.096413
5.187887	1.111260
4.983819	1.086304
4.784173	1.074932
4.588002	1.060401
4.385197	1.042395
4.184288	0.994695
3.989697	0.949206
3.786576	0.922039
3.589773	0.925514
3.386969	0.943835
3.184164	0.917300
2.982307	0.894872
2.789295	0.833272
2.587754	0.781781
2.386529	0.770725
2.186567	0.771041
1.981235	0.741031
1.780010	0.700912
1.582576	0.646578
1.381982	0.570763
1.184864	0.504425
0.985218	0.391335
0.788099	0.213170
0.586558	-0.037330
0.386281	-0.334549
0.186951	-0.627978
-0.011430	-0.884452
-0.214524	-1.081229
-0.412565	-1.213572
-0.615660	-1.300748
-0.814964	-1.358865
-1.014584	-1.425195
-1.210414	-1.488366
-1.415403	-1.575226
-1.611233	-1.657032
-1.808011	-1.727784
-2.017422	-1.791586
-2.217042	-1.843386
-2.410977	-1.895818
-2.614072	-1.980783
-2.811165	-2.058167
-3.013943	-2.132393
-3.214511	-2.195880
-3.412236	-2.247996
-3.615330	-2.286215
-3.813371	-2.343068
-4.014255	-2.420768
-4.217665	-2.482676
-4.416022	-2.555639
-4.610904	-2.630180
-4.813051	-2.689561
-5.014882	-2.761891
-5.213239	-2.832011
-5.416333	-2.877810
-5.614058	-2.934980
-5.818100	-2.993097
-6.011403	-3.058479
-6.215445	-3.142496
-6.416960	-3.212300
-6.609948	-3.262837
-6.814305	-3.279261
-7.012031	-3.307056
-7.211019	-3.386336
-7.406217	-3.473828
-7.612470	-3.540473
-7.808931	-3.597011
-8.014869	-3.638072
-8.214805	-3.638704
-8.418847	-3.691452
-8.611518	-3.766625
-8.812402	-3.856012
-9.012653	-3.936555
-9.211957	-3.995304
-9.364515	-4.013623
-9.416947	-4.000041
-9.441584	-3.993724
-9.454849	-3.993408
-9.428949	-4.006042
-9.404629	-4.007938
-9.366410	-4.000989
-9.214169	-3.979195
-9.011705	-3.915076
-8.813981	-3.831375
-8.609623	-3.764730
-8.421058	-3.696505
-8.212910	-3.646916
-8.012341	-3.616278
-7.817460	-3.594800
-7.612154	-3.531945
-7.408744	-3.459298
-7.214493	-3.356961
-7.013610	-3.307688
-6.813358	-3.280209
-6.615317	-3.235358
-6.407169	-3.191770
-6.206285	-3.116912
-6.002559	-3.015523
-5.811152	-2.943824
-5.609004	-2.899920
-5.409700	-2.862649
-5.206606	-2.827589
-5.009829	-2.763471
-4.810840	-2.685771
-4.615326	-2.619757
-4.413495	-2.546794
-4.213875	-2.477307
-4.011412	-2.425190
-3.812108	-2.360440
-3.608698	-2.298217
-3.413499	-2.254313
-3.217038	-2.192406
-3.013312	-2.103019
-2.818114	-2.030372
-2.612176	-1.947618
-2.409714	-1.877183
-2.218937	-1.823803
-2.014895	-1.780531
-1.813696	-1.723362
-1.614392	-1.655769
-1.407507	-1.565434
-1.216415	-1.483312
-1.009530	-1.410034
-0.813069	-1.363603
-0.615660	-1.294115
-0.413197	-1.195885
-0.205365	-1.076492
-0.011430	-0.878451
0.187898	-0.620082
0.383753	-0.324758
0.587822	-0.026275
0.789363	0.243180
0.987429	0.411236
1.186127	0.522747
1.389248	0.588138
1.583207	0.636470
1.784748	0.695226
1.988185	0.771357
2.183092	0.763459
2.387792	0.795365
2.583963	0.807053
2.785188	0.818741
2.983571	0.838642
3.184796	0.881920
3.382862	0.933727
3.585667	0.967212
3.785628	1.000065
3.987801	1.002592
4.184920	0.973846
4.384565	0.987429
4.586739	1.044922
4.784489	1.098940
4.991084	1.112839
5.189150	1.127687
5.383110	1.114103
5.579913	1.095781
5.786192	1.120105
5.986470	1.168753
6.189907	1.195288
6.384814	1.214874
6.589198	1.212346
6.782842	1.202238
6.985014	1.244884
7.179922	1.243304
7.384622	1.276157
7.595008	1.296059
7.791811	1.299533
7.984823	1.332702
8.184468	1.385141
8.386957	1.367135
8.583760	1.325437
8.787512	1.288477
8.985579	1.304272
9.180486	1.365240
9.378236	1.408201
9.589570	1.417678
9.786689	1.430946
9.982227	1.393670
9.787637	1.327016
9.579461	1.326700
9.382975	1.368714
9.182065	1.379771
8.987158	1.372821
8.784669	1.355131
8.588814	1.291952
8.382851	1.288477
8.184153	1.283423
7.981032	1.298902
7.786757	1.305851
7.588690	1.275210
7.384938	1.243936
7.187187	1.247095
6.987542	1.221823
6.788212	1.195604
6.594884	1.194024
6.387973	1.188338
6.187063	1.172860
5.986154	1.192129
5.785876	1.185495
5.582124	1.143797
5.379951	1.104942
5.188203	1.057558
4.984450	1.051240
4.785120	1.078723
4.584211	1.070509
4.387724	1.038920
4.186815	1.001328
3.990960	0.960894
3.786576	0.928988
3.591037	0.926461
3.378439	0.925829
3.188586	0.904033
2.987361	0.870232
2.789611	0.832640
2.587754	0.804842
2.389688	0.783045
2.187515	0.754298
1.985342	0.724920
1.782537	0.698069
1.583207	0.654160
1.383246	0.605512
1.187075	0.521484
0.986797	0.388808
0.786836	0.205589
0.586558	-0.045542
0.382174	-0.341814
0.190110	-0.627662
-0.010798	-0.888558
-0.212629	-1.073649
-0.416671	-1.205044
-0.617239	-1.293484
-0.816859	-1.369605
-1.010478	-1.422668
-1.209150	-1.497842
-1.413193	-1.573647
-1.613760	-1.650083
-1.813380	-1.735680
-2.016791	-1.794113
-2.216411	-1.848124
-2.410029	-1.906557
-2.615019	-1.964675
-2.814639	-2.039532
-3.014575	-2.128287
-3.215459	-2.181983
-3.419501	-2.243890
-3.612488	-2.309588
-3.812108	-2.373390
-4.014571	-2.420768
-4.214191	-2.464988
-4.414758	-2.519631
-4.613431	-2.577432
-4.809893	-2.657028
-5.011408	-2.762523
-5.215450	-2.832011
-5.413490	-2.866439
-5.614058	-2.892655
-5.817153	-2.947930
-6.009192	-3.024998
-6.215129	-3.109332
-6.416013	-3.186400
-6.609000	-3.268206
-6.814305	-3.265364
-7.012031	-3.296949
-7.212598	-3.359804
-7.408428	-3.440347
-7.610891	-3.523733
-7.817460	-3.582798
-8.010131	-3.623543
-8.212594	-3.663972
-8.414741	-3.705981
-8.610887	-3.764730
-8.812717	-3.825690
-9.012653	-3.899915
-9.217011	-3.953927
-9.356619	-4.015834
-9.375255	-4.045208
-9.391363	-4.046156
-9.423896	-4.030364
-9.428949	-4.009201
-9.431477	-3.979195
-9.373043	-3.987723
-9.213536	-3.986775
-9.014233	-3.940029
-8.811769	-3.879069
-8.611202	-3.802948
-8.418215	-3.710719
-8.212594	-3.661445
-8.012341	-3.629228
-7.813669	-3.581534
-7.609943	-3.519311
-7.413482	-3.432767
-7.215756	-3.357593
-7.013294	-3.311162
-6.814621	-3.262205
-6.612790	-3.206931
-6.410644	-3.165554
-6.211339	-3.082168
-6.010771	-3.012364
-5.817784	-2.965302
-5.614690	-2.914765
-5.412227	-2.844330
-5.212291	-2.785897
-5.009829	-2.725884
-4.811156	-2.676295
-4.612167	-2.638077
-4.405283	-2.597963
-4.213559	-2.511419
-4.006990	-2.430876
-3.812740	-2.348122
-3.612172	-2.278002
-3.416658	-2.240416
-3.213879	-2.204092
-3.016470	-2.133341
-2.811796	-2.065432
-2.612176	-1.979520
-2.410661	-1.899608
-2.216095	-1.837385
-2.021213	-1.782742
-1.814328	-1.722098
-1.612181	-1.650399
-1.412561	-1.571120
-1.211677	-1.490893
-1.012373	-1.427722
-0.816859	-1.352548
-0.613449	-1.279270
-0.415408	-1.187988
-0.214840	-1.065753
-0.011114	-0.882557
0.187267	-0.626083
0.384701	-0.326653
0.584663	-0.015852
0.787467	0.228017
0.985850	0.415027
1.187075	0.534435
1.387984	0.599194
1.584471	0.625729
1.778746	0.664584
1.985026	0.713864
2.182776	0.770093
2.390003	0.805789
2.589017	0.822532
2.788347	0.847803
2.984834	0.824427
3.186059	0.849699
3.386337	0.922039
3.587246	0.963105
3.786576	0.993115
3.988433	1.003856
4.184288	0.994379
4.381091	0.996906
4.583580	1.038604
4.792070	1.070825
4.991716	1.105574
5.189150	1.125791
5.380267	1.100204
5.584020	1.128634
5.785561	1.141902
5.987102	1.152010
6.186748	1.178230
6.392395	1.199395
6.588250	1.202870
6.784105	1.239513
6.985331	1.259731
7.184029	1.250570
7.386833	1.230352
7.590270	1.225298
7.787072	1.269207
7.983875	1.323542
8.183520	1.343127
8.384746	1.350077
8.586287	1.346918
8.780562	1.299849
8.985263	1.295111
9.183645	1.343759
9.379499	1.386405
9.585148	1.406622
9.787320	1.415783
9.984439	1.392407
9.789216	1.351340
9.580093	1.355131
9.381395	1.369662
9.183329	1.379139
8.982420	1.396829
8.785301	1.345654
8.585340	1.321330
8.382535	1.317224
8.186364	1.289425
7.983559	1.270787
7.783597	1.278684
7.590901	1.255624
7.387781	1.265101
7.184029	1.273946
6.983751	1.256572
6.786948	1.216453
6.588882	1.177282
6.389868	1.151695
6.183904	1.181073
5.987418	1.187391
5.793458	1.166857
5.581808	1.153906
5.381531	1.133057
5.188519	1.055346
4.985714	1.056926
4.786068	1.068298
4.581368	1.055031
4.385197	1.043658
4.182709	1.016176
3.985590	0.963737
3.784997	0.948258
3.583140	0.930884
3.388232	0.906244
3.185112	0.899294
2.988309	0.872759
2.796876	0.835168
2.587754	0.824743
2.388108	0.793154
2.178986	0.746085
1.985342	0.709441
1.788223	0.663952
1.582260	0.642156
1.390511	0.608039
1.182020	0.526222
0.986165	0.404602
0.788099	0.203377
0.582767	-0.046174
0.385965	-0.339919
0.184108	-0.635874
-0.011430	-0.877503
-0.212313	-1.077123
-0.415092	-1.200622
-0.615344	-1.298537
-0.816227	-1.367710
-1.014900	-1.438145
-1.210414	-1.502264
-1.411929	-1.567961
-1.615024	-1.643135
-1.811169	-1.723362
-2.014895	-1.796008
-2.217990	-1.864865
-2.410345	-1.944460
-2.609965	-2.017738
-2.812428	-2.056904
-3.016154	-2.121338
-3.215143	-2.163663
-3.416342	-2.242942
-3.610277	-2.326644
-3.812424	-2.405607
-4.012044	-2.461830
-4.218613	-2.486782
-4.407178	-2.522789
-4.608061	-2.584697
-4.810208	-2.677874
-5.012355	-2.755259
-5.217345	-2.828221
-5.416333	-2.877494
-5.612795	-2.893603
-5.817153	-2.947930
-6.011403	-3.023735
-6.210392	-3.101119
-6.417592	-3.180715
-6.611843	-3.228409
-6.814937	-3.245781
-7.015821	-3.290632
-7.212914	-3.373386
-7.410955	-3.449191
-7.612786	-3.523733
-7.810827	-3.569216
-8.018659	-3.633018
-8.215120	-3.696821
-8.416636	-3.747674
-8.614045	-3.795999
-8.813349	-3.844641
-9.012338	-3.885702
-9.215748	-3.931501
-9.366095	-4.006990
-9.375886	-4.043314
-9.385993	-4.049946
-9.414420	-4.042366
-9.427370	-4.007622
-9.417579	-3.993093
-9.365147	-3.997514
-9.214800	-3.988039
-9.011705	-3.934344
-8.809875	-3.880648
-8.610570	-3.776416
-8.412213	-3.706297
-8.216068	-3.671553
-8.013921	-3.636809
-7.812090	-3.585956
-7.615629	-3.521522
-7.411586	-3.427713
-7.217336	-3.359804
-7.014873	-3.305477
-6.815569	-3.242306
-6.610895	-3.195560
-6.415697	-3.144075
-6.211023	-3.075219
-6.008245	-3.039844
-5.815573	-2.997203
-5.615005	-2.921082
-5.411595	-2.856016
-5.212291	-2.777052
-5.012671	-2.698089
-4.813051	-2.651974
-4.614694	-2.619125
-4.417601	-2.570484
-4.211032	-2.510787
-4.010465	-2.429297
-3.811792	-2.331697
-3.609961	-2.284319
-3.410025	-2.246733
-3.221144	-2.180719
-3.013312	-2.120391
-2.808954	-2.047113
-2.609650	-1.941301
-2.410977	-1.866128
-2.217358	-1.818750
-2.015843	-1.761896
-1.813696	-1.709148
-1.614708	-1.639029
-1.408771	-1.572067
-1.213257	-1.507001
-1.010478	-1.437829
-0.814332	-1.364551
-0.616291	-1.283060
-0.414145	-1.187356
-0.203785	-1.076807
-0.009535	-0.888874
0.189794	-0.612501
0.384701	-0.326021
0.584347	-0.037330
0.786520	0.227385
0.988061	0.421345
1.187075	0.533172
1.387352	0.605196
1.582891	0.626993
1.782221	0.653212
1.992292	0.708178
2.189410	0.756510
2.386213	0.813371
2.588386	0.828534
2.785504	0.837695
2.983886	0.836747
3.186059	0.861703
3.385705	0.918248
3.589142	0.956471
3.784365	0.990588
3.989065	0.994695
4.187447	1.008278
4.383302	1.030075
4.584843	1.026916
4.781646	1.051872
4.984450	1.091043
5.184728	1.100204
5.381846	1.123264
5.584335	1.158012
5.787140	1.165594
5.988050	1.136532
6.187063	1.139059
6.384498	1.161803
6.587303	1.207292
6.785369	1.240777
6.984699	1.271103
7.184029	1.272998
7.387149	1.252149
7.588374	1.216769
7.788652	1.269523
7.981980	1.321646
8.185416	1.344391
8.386326	1.344075
8.585655	1.343127
8.784986	1.303956
8.987158	1.315960
9.183645	1.339336
9.379816	1.380403
9.583568	1.403779
9.787004	1.396197
9.982544	1.379771
9.790164	1.383562
9.588306	1.367767
9.382027	1.345970
9.188383	3.205013
8.979893	1.386721
8.783405	1.340284
8.586919	1.356395
8.380956	1.347234
8.180677	1.319119
7.981348	1.269839
7.786440	1.226562
7.595008	1.230668
7.386833	1.260678
7.183081	1.286266
6.982803	1.264785
6.781894	1.237302
6.588250	1.182336
6.388920	1.155801
6.180746	1.167173
5.986154	1.184864
5.785245	1.178230
5.578965	1.147272
5.383426	1.102415
5.189150	1.073984
4.989505	1.063244
4.785752	1.050608
4.585475	1.048397
4.383934	1.039868
4.183341	1.003856
3.990328	0.983638
3.792262	0.965632
3.593880	0.913825
3.386337	0.880341
3.186059	0.870548
2.983571	0.851278
2.788979	0.853805
2.588701	0.833588
2.384317	0.806737
2.184040	0.765355
1.990712	0.706282
1.787276	0.663952
1.585734	0.647526
1.388616	0.605196
1.184864	0.528117
0.985534	0.411868
0.786836	0.211906
0.581504	-0.048701
0.385649	-0.334549
0.187898	-0.628610
-0.013325	-0.884452
-0.211366	-1.070806
-0.412249	-1.198411
-0.612501	-1.289693
-0.814016	-1.365183
-1.000686	-1.447305
-1.206939	-1.514266
-1.410666	-1.564171
-1.619130	-1.635238
-1.813380	-1.693671
-2.015211	-1.773583
-2.216095	-1.861390
-2.410661	-1.942881
-2.614703	-2.010158
-2.814955	-2.059115
-3.012364	-2.105546
-3.215775	-2.145659
-3.410973	-2.227150
-3.614699	-2.307061
-3.811160	-2.381603
-4.012676	-2.442878
-4.219244	-2.483624
-4.414127	-2.525948
-4.615326	-2.601121
-4.808313	-2.681033
-5.012355	-2.744835
-5.210080	-2.814955
-5.417912	-2.868335
-5.616901	-2.908448
-5.815573	-2.955826
-6.008876	-3.020261
-6.206917	-3.093223
-6.412539	-3.154183
-6.613738	-3.207878
-6.808936	-3.277050
-7.015821	-3.363595
-7.212598	-3.407498
-7.407480	-3.443506
-7.614681	-3.487725
-7.813669	-3.513941
-8.012974	-3.595116
-8.214173	-3.687030
-8.414425	-3.773574
-8.609307	-3.830743
-8.811138	-3.860749
-9.017076	-3.883175
-9.214484	-3.959612
-9.343353	-4.032890
-9.360093	-4.057843
-9.382203	-4.060054
-9.419474	-4.040155
-9.448532	-3.987723
-9.438425	-3.966877
-9.381572	-3.972878
-9.214169	-3.946662
-9.011390	-3.917919
-8.814928	-3.860434
-8.610887	-3.795999
-8.415056	-3.749569
-8.213225	-3.678185
-8.007604	-3.606802
-7.815880	-3.546158
-7.608680	-3.488989
-7.410323	-3.427081
-7.221442	-3.407182
-7.012031	-3.372123
-6.813990	-3.277050
-6.615001	-3.196823
-6.409696	-3.124808
-6.215761	-3.070481
-6.011403	-3.037317
-5.813363	-2.999414
-5.615322	-2.954247
-5.412543	-2.883180
-5.213554	-2.775473
-5.011092	-2.701563
-4.806418	-2.668399
-4.620380	-2.636813
-4.413811	-2.582802
-4.217665	-2.525001
-4.013939	-2.444142
-3.799790	-2.382234
-3.611856	-2.301376
-3.417921	-2.247049
-3.213248	-2.192722
-3.016154	-2.124813
-2.812744	-2.051219
-2.613756	-1.988048
-2.412556	-1.922350
-2.212936	-1.852230
-2.012685	-1.779268
-1.816223	-1.713886
-1.611549	-1.626394
-1.409086	-1.579964
-1.213888	-1.529427
-1.008583	-1.448884
-0.818123	-1.371184
-0.615028	-1.278954
-0.412249	-1.183882
-0.206628	-1.068911
-0.010167	-0.891717
0.185371	-0.626083
0.383437	-0.328548
0.584031	-0.032276
0.791890	0.233071
0.986797	0.428926
1.186759	0.535067
1.385457	0.601089
1.581628	0.637417
1.784117	0.665532
1.981551	0.705019
2.183724	0.762512
2.388108	0.797260
2.582068	0.819373
2.785820	0.833904
2.984518	0.861703
3.182900	0.875602
3.388548	0.898978
3.589142	0.932463
3.784681	0.977952
3.987170	0.982059
4.180182	1.029443
4.383302	1.065139
4.585159	1.067982
4.787016	1.036077
4.985082	1.042711
5.188203	1.068930
5.379004	1.121369
5.583072	1.165594
5.788404	1.178546
5.986786	1.176334
6.187695	1.161803
6.384182	1.131477
6.587618	1.197499
6.783157	1.250570
6.982172	1.277737
7.185924	1.289109
7.388097	1.253097
7.587427	1.245831
7.785809	1.272682
7.985770	1.277737
8.188259	1.317224
8.386957	1.352604
8.584707	1.338073
8.787512	1.344075
8.986842	1.358290
9.177958	1.341547
9.382975	1.327964
9.587043	1.371873
9.789216	1.377560
9.986335	1.411044
9.785741	1.441686
9.578830	1.410729
9.382343	1.376612
9.181434	1.311853
8.985579	1.288793
8.786565	1.328596
8.583444	1.370294
8.385062	1.365871
8.179098	1.339968
7.988929	1.294163
7.787704	1.234775
7.586795	1.233827
7.385254	1.264469
7.186556	1.264153
6.980908	1.253097
6.782526	1.227825
6.591093	1.178861
6.391763	1.166542
6.192433	1.163067
5.986786	1.159276
5.781138	1.178230
5.585599	1.150431
5.382478	1.116946
5.187887	1.112524
4.987926	1.085041
4.783857	1.039868
4.583580	1.012701
4.385829	1.000697
4.186815	0.995010
3.993487	0.997854
3.789419	0.983322
3.584087	0.952681
3.386337	0.911614
3.186059	0.848435
2.981675	0.831377
2.790243	0.843697
2.589017	0.822848
2.388740	0.801367
2.186567	0.762196
1.982499	0.715443
1.779694	0.673745
1.584471	0.645946
1.386721	0.588138
1.185811	0.523695
0.987745	0.400180
0.784624	0.202745
0.583715	-0.041120
0.383753	-0.333917
0.188214	-0.631453
-0.013641	-0.892664
-0.211050	-1.070174
-0.416671	-1.187672
-0.615976	-1.271058
-0.815596	-1.350338
-1.014268	-1.442251
-1.212625	-1.534481
-1.411297	-1.602074
-1.612813	-1.657664
-1.812117	-1.704726
-2.014264	-1.770740
-2.216727	-1.851283
-2.410029	-1.932457
-2.612176	-1.998471
-2.814639	-2.051219
-3.012364	-2.077435
-3.216406	-2.128919
-3.417921	-2.225570
-3.609013	-2.302323
-3.814319	-2.373390
-4.013939	-2.429928
-4.212927	-2.470674
-4.412548	-2.517420
-4.617221	-2.579643
-4.807365	-2.656080
-5.008249	-2.717672
-5.208501	-2.777684
-5.416965	-2.854121
-5.615005	-2.940033
-5.813678	-3.006363
-6.011719	-3.041739
-6.210392	-3.095118
-6.411275	-3.141233
-6.615317	-3.189559
-6.813358	-3.265995
-7.013926	-3.356330
-7.217020	-3.430240
-7.410007	-3.465300
-7.613418	-3.476039
-7.814617	-3.512362
-8.013921	-3.597643
-8.215436	-3.679133
-8.416320	-3.750201
-8.609623	-3.822215
-8.811454	-3.850958
-9.012653	-3.878753
-9.216695	-3.940977
-9.363252	-4.008254
-9.388520	-4.029416
-9.400522	-4.042997
-9.421369	-4.033206
-9.414736	-4.020256
-9.403365	-4.010780
-9.373991	-3.990882
-9.210694	-3.947925
-9.012969	-3.886334
-8.809559	-3.825690
-8.614045	-3.789682
-8.416951	-3.770099
-8.212277	-3.712929
-8.015500	-3.623543
-7.814301	-3.534472
-7.610891	-3.466247
-7.410955	-3.410657
-7.215441	-3.403392
-7.012031	-3.356330
-6.814937	-3.300739
-6.613106	-3.212616
-6.410012	-3.113122
-6.211339	-3.053425
-6.011403	-3.022156
-5.814626	-2.996256
-5.615322	-2.928663
-5.413175	-2.856964
-5.213239	-2.778000
-5.008249	-2.701879
-4.808945	-2.649447
-4.611852	-2.602701
-4.410020	-2.560376
-4.210401	-2.500364
-4.014571	-2.432771
-3.810529	-2.375917
-3.608698	-2.294427
-3.421712	-2.228097
-3.217354	-2.165874
-3.013943	-2.103335
-2.814008	-2.039848
-2.612808	-1.992786
-2.413504	-1.935616
-2.216095	-1.864233
-2.010789	-1.778952
-1.814644	-1.687038
-1.609970	-1.625763
-1.414772	-1.575542
-1.211361	-1.520899
-1.010478	-1.456465
-0.815596	-1.382555
-0.611870	-1.288114
-0.412565	-1.192410
-0.209787	-1.081861
-0.011114	-0.894559
0.191373	-0.623240
0.384701	-0.322863
0.581188	-0.033224
0.786204	0.223910
0.987113	0.406814
1.187075	0.530329
1.388616	0.601721
1.580680	0.648158
1.782221	0.698701
1.993555	0.723972
2.178354	0.739451
2.384633	0.796312
2.586490	0.824427
2.791190	0.850331
2.986414	0.890449
3.182269	0.906244
3.381914	0.912878
3.586930	0.912562
3.784997	0.938149
3.988433	0.983954
4.183972	1.019019
4.385197	1.060401
4.584843	1.072089
4.787016	1.067982
4.990768	1.043658
5.186307	1.069246
5.381846	1.104942
5.584335	1.154222
5.783665	1.173175
5.985206	1.180441
6.194645	1.162119
6.391448	1.167489
6.592988	1.194340
6.787264	1.206028
6.989753	1.252781
7.186872	1.267312
7.381147	1.260994
7.586163	1.289425
7.787704	1.291320
7.987982	1.280580
8.184784	1.275841
8.384746	1.306799
8.582812	1.319119
8.785933	1.363344
8.986526	1.394934
9.180486	1.380087
9.382027	1.355131
9.584831	1.299533
9.785741	1.318803
9.986335	1.422417
9.787637	1.431578
9.582305	1.422417
9.386765	1.400304
9.179854	1.362713
8.985579	1.303008
8.785933	1.316592
8.583128	1.337757
8.383166	1.347550
8.183837	1.331123
7.984823	1.284686
7.790863	1.264785
7.586479	1.252781
7.387781	1.913318
7.182765	1.254045
6.985646	1.250886
6.785053	1.211399
6.588566	1.205713
6.390816	1.198447
6.188327	1.180125
5.983627	1.144113
5.783981	1.136532
5.585599	1.118210
5.381215	1.123896
5.187255	1.128634
4.987294	1.102099
4.784489	1.070825
4.585159	1.021546
4.379827	0.982375
4.182393	0.985534
3.987170	0.993115
3.786260	0.973846
3.589142	0.947626
3.385705	0.925514
3.186059	0.867073
2.985150	0.847803
2.784241	0.837695
2.588386	0.816530
2.388740	0.792206
2.189094	0.756826
1.984078	0.722709
1.783169	0.692383
1.582891	0.652580
1.382614	0.591928
1.188970	0.517061
0.984902	0.393546
0.785256	0.214749
0.585294	-0.041752
0.381858	-0.339603
0.188846	-0.629873
-0.010482	-0.902140
-0.211682	-1.082809
-0.413829	-1.177249
-0.614396	-1.259055
-0.818754	-1.350022
-1.011425	-1.434986
-1.213257	-1.519951
-1.414772	-1.593861
-1.611865	-1.654190
-1.811801	-1.710412
-2.013000	-1.766318
-2.216727	-1.854441
-2.409398	-1.927404
-2.612808	-2.003209
-2.811796	-2.061326
-3.011417	-2.120391
-3.215459	-2.177245
-3.417606	-2.233151
-3.612488	-2.288741
-3.813056	-2.368968
-4.014255	-2.420137
-4.213243	-2.482992
-4.417601	-2.573958
-4.610588	-2.635865
-4.804839	-2.670925
-5.007933	-2.713881
-5.211028	-2.768209
-5.415701	-2.841803
-5.608057	-2.943824
-5.815889	-3.019945
-6.008245	-3.080273
-6.211655	-3.127967
-6.414433	-3.146918
-6.614054	-3.192401
-6.815569	-3.263784
-7.017084	-3.346222
-7.216073	-3.412552
-7.411271	-3.468774
-7.612154	-3.490252
-7.811458	-3.523733
-8.019291	-3.597643
-8.215436	-3.670921
-8.415689	-3.746726
-8.613097	-3.796947
-8.809559	-3.850958
-9.010758	-3.906549
-9.213853	-3.964982
-9.367358	-4.000673
-9.405892	-4.011412
-9.427370	-4.009201
-9.442847	-4.008254
-9.416631	-4.015834
-9.395153	-4.021204
-9.377150	-3.984880
-9.214484	-3.915076
-9.011705	-3.827585
-8.809875	-3.787471
-8.613413	-3.777996
-8.415056	-3.765361
-8.216700	-3.725564
-8.011710	-3.651654
-7.807352	-3.545527
-7.607732	-3.455508
-7.407480	-3.413184
-7.212914	-3.375913
-7.009820	-3.333588
-6.814305	-3.273892
-6.619107	-3.199350
-6.410644	-3.128283
-6.211023	-3.067007
-6.008876	-3.011101
-5.820943	-2.954563
-5.614690	-2.901183
-5.410648	-2.838644
-5.213554	-2.775157
-5.011408	-2.724936
-4.809261	-2.659239
-4.613747	-2.598279
-4.416969	-2.538266
-4.214507	-2.482360
-4.011728	-2.444773
-3.811160	-2.404344
-3.609013	-2.344332
-3.413184	-2.269790
-3.213563	-2.181667
-3.012996	-2.088805
-2.814323	-2.039848
-2.612808	-1.993733
-2.410029	-1.941617
-2.219569	-1.874972
-2.016475	-1.793166
-1.811485	-1.707885
-1.612181	-1.620393
-1.411613	-1.567961
-1.212941	-1.514898
-1.010478	-1.447621
-0.815912	-1.368973
-0.614712	-1.289062
-0.416987	-1.191463
-0.204733	-1.074281
-0.012062	-0.887611
0.190110	-0.619134
0.383122	-0.323494
0.585294	-0.029118
0.787467	0.214118
0.981743	0.399548
1.188022	0.526222
1.388616	0.590981
1.577837	0.653844
1.785380	0.696805
1.985658	0.715759
2.184672	0.749560
2.390951	0.763459
2.591229	0.783993
2.789611	0.848751
2.982939	0.897083
3.185743	0.914773
3.387600	0.932147
3.584403	0.929936
3.787840	0.920775
3.987485	0.959630
4.182393	1.017755
4.394358	1.043658
4.581368	1.073984
4.790491	1.069562
4.987294	1.078407
5.190414	1.079039
5.384058	1.097360
5.584335	1.132741
5.787456	1.159276
5.982363	1.164330
6.190854	1.176966
6.385129	1.204765
6.586039	1.220560
6.787896	1.218980
6.984699	1.214874
7.185608	1.231300
7.387781	1.271735
7.584899	1.301745
7.788336	1.323542
7.981980	1.320067
8.180362	1.285318
8.386642	1.257835
8.585340	1.303324
8.783405	1.356710
8.985579	1.389879
9.186488	1.389879
9.380447	1.381666
9.581988	1.343127
9.784162	1.336809
9.983808	1.354499
9.787637	1.395566
9.584200	1.420521
9.380447	1.412940
9.182065	1.364924
8.989054	1.353236
8.784669	1.328596
8.585971	1.308063
8.378112	1.315328
8.184784	1.313117
7.985455	1.288161
7.784545	1.299533
7.586479	1.297006
7.382411	1.245831
7.188135	1.215189
6.984067	1.207924
6.783789	1.203817
6.589198	1.223087
6.386393	1.226246
6.186748	1.200342
5.987733	1.158960
5.784929	1.106206
5.583072	1.079039
5.382163	1.124528
5.185676	1.122632
4.985082	1.113787
4.786700	1.101151
4.580737	1.044606
4.383934	0.996590
4.184288	0.971634
3.983695	0.957103
3.787208	0.972266
3.583140	0.955840
3.384126	0.916669
3.186059	0.892029
2.984202	0.865809
2.788979	0.829797
2.588070	0.799471
2.384949	0.793154
2.185619	0.749876
1.981235	0.719866
1.783485	0.698701
1.585419	0.647526
1.390511	0.580240
1.186443	0.498423
0.986481	0.379015
0.789363	0.210011
0.583715	-0.034803
0.387228	-0.334865
0.196743	-0.641876
-0.009535	-0.899613
-0.211366	-1.077755
-0.415408	-1.188620
-0.615976	-1.264109
-0.815596	-1.357286
-1.011425	-1.431196
-1.211361	-1.513003
-1.413824	-1.589123
-1.612497	-1.650083
-1.812433	-1.730626
-2.015843	-1.800430
-2.214515	-1.865812
-2.406239	-1.931510
-2.613440	-1.987100
-2.810849	-2.047428
-3.012996	-2.118812
-3.220512	-2.192722
-3.416974	-2.240100
-3.610277	-2.273580
-3.811792	-2.331382
-4.012044	-2.392026
-4.216402	-2.483939
-4.414758	-2.574906
-4.615958	-2.645657
-4.810524	-2.697457
-5.005722	-2.721778
-5.207237	-2.744204
-5.413175	-2.814323
-5.614058	-2.903079
-5.821259	-2.982990
-6.011403	-3.064164
-6.213866	-3.113122
-6.415697	-3.147866
-6.613422	-3.199350
-6.815253	-3.269470
-7.016452	-3.327903
-7.211650	-3.396127
-7.406217	-3.449507
-7.612786	-3.499412
-7.812722	-3.574269
-8.016448	-3.633966
-8.215120	-3.679449
-8.412846	-3.739146
-8.616571	-3.782102
-8.811769	-3.850326
-9.011705	-3.932764
-9.214169	-3.991829
-9.367042	-4.006990
-9.422948	-3.988355
-9.464641	-3.969088
-9.461799	-3.984880
-9.412210	-4.022467
-9.375886	-4.041734
-9.339247	-4.041418
-9.214169	-3.974141
-9.012969	-3.857907
-8.811138	-3.795368
-8.612782	-3.783049
-8.415056	-3.739146
-8.212277	-3.696821
-8.014869	-3.640599
-7.814301	-3.560372
-7.611207	-3.480145
-7.409376	-3.422343
-7.213546	-3.374018
-7.016452	-3.341800
-6.812726	-3.270417
-6.614686	-3.206299
-6.413802	-3.177240
-6.211655	-3.122282
-6.010140	-3.043634
-5.815889	-2.981726
-5.614374	-2.899288
-5.412227	-2.839592
-5.217661	-2.806111
-5.012671	-2.753679
-4.811156	-2.690508
-4.616905	-2.608702
-4.412863	-2.516788
-4.211664	-2.463409
-4.013307	-2.430876
-3.813687	-2.383814
-3.607750	-2.335804
-3.416342	-2.261262
-3.218933	-2.172823
-3.015523	-2.091016
-2.814323	-2.040480
-2.613440	-1.976677
-2.410661	-1.917296
-2.220833	-1.857284
-2.016475	-1.779584
-1.810538	-1.714202
-1.610602	-1.657032
-1.410666	-1.579648
-1.209782	-1.506685
-1.010162	-1.443199
-0.816227	-1.360129
-0.615344	-1.283376
-0.415092	-1.197780
-0.211050	-1.070174
-0.009219	-0.878767
0.186951	-0.622609
0.383122	-0.321599
0.587506	-0.028486
0.786520	0.220436
0.989640	0.392283
1.193077	0.497792
1.393354	0.575186
1.591105	0.656055
1.788223	0.699333
1.990712	0.730922
2.185303	0.756826
2.386529	0.763459
2.589333	0.773884
2.785188	0.815898
2.988625	0.880025
3.184480	0.922986
3.383178	0.933095
3.586930	0.940992
3.795105	0.951101
3.988433	0.977952
4.183656	0.978584
4.383618	1.020914
4.582632	1.055031
4.790491	1.061980
4.990137	1.099572
5.185992	1.112524
5.379951	1.117262
5.584967	1.108101
5.784929	1.130845
5.984574	1.138111
6.187063	1.188654
6.395238	1.221507
6.593936	1.233511
6.787580	1.224350
6.985331	1.198763
7.184976	1.192761
7.393467	1.256572
7.586795	1.309326
7.787704	1.336493
7.982927	1.335546
8.180362	1.310906
8.384430	1.272367
8.584076	1.275525
8.789092	1.334914
8.989685	1.386405
9.180170	1.405674
9.382027	1.395566
9.581041	1.384825
9.788268	1.399988
9.985071	1.372189
9.785110	1.356079
9.578514	1.370294
9.381395	1.365240
9.181749	1.371873
8.980524	1.385457
8.782142	1.371558
8.586919	1.323857
8.383166	1.303956
8.186680	1.276789
7.982927	1.285634
7.790231	1.302692
7.587742	1.298586
7.385570	1.265101
7.187503	1.223719
6.988489	1.176018
6.785685	1.195920
6.585723	1.224982
6.387657	1.222771
6.187695	1.208556
5.987418	1.186443
5.785245	1.140638
5.578018	1.111260
5.382794	1.098940
5.186939	1.094833
4.988241	1.088200
4.784173	1.069878
4.586422	1.035129
4.380775	1.037025
4.183024	1.015228
3.985590	0.972898
3.788471	0.947310
3.585351	0.928357
3.387916	0.898347
3.183848	0.895504
2.985782	0.886974
2.784873	0.844013
2.591545	0.803894
2.390951	0.756510
2.185935	0.732818
1.987237	0.730922
1.781274	0.711021
1.582891	0.663952
1.388616	0.609303
1.184548	0.494001
0.987113	0.383437
0.790310	0.212222
0.581188	-0.038909
0.386912	-0.326969
0.186319	-0.622924
-0.009851	-0.885400
-0.211682	-1.073333
-0.416987	-1.204413
-0.615344	-1.302328
-0.814332	-1.379712
-1.014584	-1.444778
-1.212309	-1.508581
-1.412877	-1.568909
-1.614076	-1.645346
-1.814012	-1.720519
-2.012369	-1.793481
-2.215147	-1.850967
-2.411293	-1.900872
-2.610281	-1.954883
-2.813376	-2.011737
-3.013628	-2.112179
-3.211668	-2.205356
-3.415710	-2.253681
-3.611224	-2.311167
-3.805791	-2.325065
-4.009517	-2.372443
-4.214191	-2.449827
-4.415074	-2.537319
-4.618484	-2.612808
-4.809893	-2.681980
-5.013618	-2.730306
-5.212923	-2.771999
-5.412859	-2.841171
-5.618796	-2.900867
-5.816205	-2.971619
-6.009824	-3.026578
-6.217340	-3.082484
-6.410644	-3.161132
-6.617844	-3.226829
-6.815569	-3.286842
-7.021190	-3.316532
-7.216388	-3.362963
-7.414113	-3.419185
-7.613418	-3.487409
-7.813669	-3.572374
-8.015500	-3.633018
-8.214173	-3.649127
-8.415056	-3.667762
-8.615308	-3.723669
-8.811138	-3.826321
-9.009179	-3.913181
-9.221117	-3.986775
-9.349354	-4.029100
-9.409051	-4.009833
-9.452323	-3.981090
-9.462746	-3.985828
-9.428002	-4.007622
-9.395784	-4.019624
-9.345248	-4.031943
-9.216063	-3.989618
-9.013917	-3.911602
-8.810506	-3.847168
-8.611834	-3.795368
-8.415056	-3.742304
-8.217015	-3.691452
-8.013605	-3.624806
-7.804825	-3.578376
-7.611522	-3.547738
-7.404638	-3.490252
-7.210387	-3.409709
-7.017084	-3.335799
-6.815253	-3.257151
-6.613738	-3.205035
-6.413170	-3.164290
-6.211023	-3.109963
-6.015509	-3.051530
-5.816205	-2.956774
-5.613111	-2.871809
-5.416018	-2.825694
-5.210712	-2.787160
-5.008881	-2.738518
-4.811788	-2.683560
-4.616905	-2.614072
-4.412548	-2.530686
-4.217665	-2.446985
-4.007306	-2.410029
-3.808002	-2.361388
-3.609013	-2.310220
-3.416342	-2.235362
-3.213248	-2.185773
-3.015207	-2.127024
-2.808006	-2.057220
-2.612176	-1.973203
-2.410345	-1.906873
-2.215463	-1.840860
-2.013948	-1.767265
-1.815275	-1.708201
-1.618182	-1.654190
-1.410350	-1.584386
-1.209782	-1.502895
-1.011425	-1.422352
-0.810542	-1.349074
-0.613133	-1.287482
-0.413829	-1.206308
-0.211050	-1.079334
-0.010167	-0.883189
0.189478	-0.617239
0.384069	-0.321915
0.587506	-0.027854
0.784308	0.226438
0.987113	0.401444
1.183916	0.495896
1.386721	0.583715
1.583523	0.644367
1.779694	0.697753
1.985658	0.742926
2.186567	0.752403
2.386213	0.775779
2.587438	0.809896
2.791190	0.818741
2.982939	0.847488
3.184164	0.891713
3.386969	0.912246
3.585983	0.945415
3.783417	0.986165
3.987170	1.013332
4.184920	1.008278
4.382986	1.006383
4.582316	1.025652
4.784805	1.056610
4.987294	1.103678
5.186939	1.140322
5.377108	1.136216
5.584020	1.144113
5.790931	1.120737
5.986154	1.131161
6.185168	1.191497
6.392711	1.217401
6.586671	1.245831
6.787580	1.249306
6.992280	1.209503
7.189083	1.215189
7.390624	1.249306
7.583952	1.292584
7.787072	1.308378
7.985770	1.318171
8.179730	1.313117
8.381587	1.329543
8.583760	1.324173
8.784353	1.319751
8.984315	1.320698
9.182697	1.352604
9.380132	1.350708
9.582305	1.391143
9.782267	1.421469
9.983808	1.418310
9.784477	1.380718
9.582305	1.339968
9.382975	1.326069
9.177958	1.368083
8.985579	1.387352
8.787196	1.372821
8.583760	1.348497
8.383799	1.299218
8.186364	1.266680
7.986718	1.286266
7.787704	1.297006
7.587111	1.297006
7.382095	1.298270
7.184976	1.249622
6.984067	1.212346
6.784421	1.196236
6.587618	1.187707
6.388288	1.195920
6.182009	1.190866
5.985522	1.163383
5.784297	1.158960
5.583704	1.157065
5.382794	1.125475
5.189782	1.082829
4.984766	1.054083
4.788596	1.040184
4.580420	1.040815
4.383934	1.044290
4.184288	1.028180
3.987485	0.988061
3.784997	0.948574
3.582508	0.899610
3.386969	0.895188
3.182585	0.912878
2.982623	0.893608
2.789611	0.861387
2.588386	0.816214
2.387161	0.764407
2.182145	0.729659
1.989764	0.705335
1.783169	0.686697
1.581312	0.658898
1.387668	0.606459
1.187075	0.512955
0.986165	0.390387
0.785572	0.204641
0.585610	-0.043331
0.381542	-0.336760
0.190741	-0.628610
-0.015536	-0.886979
-0.211682	-1.075544
-0.412565	-1.196516
-0.614396	-1.303275
-0.817175	-1.374342
-1.010794	-1.440356
-1.204097	-1.507317
-1.408139	-1.566382
-1.605232	-1.645661
-1.807379	-1.735680
-2.016159	-1.814328
-2.211989	-1.881921
-2.412872	-1.922034
-2.611861	-1.964359
-2.818745	-2.042375
-3.012680	-2.124181
-3.213879	-2.205987
-3.414447	-2.269790
-3.609329	-2.300744
-3.803580	-2.355071
-4.010149	-2.407819
-4.212296	-2.470042
-4.414443	-2.531318
-4.614694	-2.596068
-4.809261	-2.664292
-5.011092	-2.727779
-5.211659	-2.817798
-5.415386	-2.886338
-5.615322	-2.935611
-5.815889	-2.991202
-6.011719	-3.038580
-6.212286	-3.090064
-6.409380	-3.166817
-6.613106	-3.254941
-6.815253	-3.300108
-7.014241	-3.345591
-7.216073	-3.371807
-7.410323	-3.442242
-7.611207	-3.519943
-7.807984	-3.596379
-8.015817	-3.648811
-8.212910	-3.696821
-8.416320	-3.707244
-8.609307	-3.744199
-8.811769	-3.818741
-9.014548	-3.891387
-9.211010	-3.969088
-9.354408	-4.024362
-9.395469	-4.019940
-9.409367	-4.030047
-9.416947	-4.036049
-9.419474	-4.018677
-9.403049	-4.012676
-9.372727	-3.991829
-9.214169	-3.933080
-9.012338	-3.896441
-8.811138	-3.871173
-8.609939	-3.807686
-8.416636	-3.738514
-8.214173	-3.648495
-8.012974	-3.566373
-7.816196	-3.525628
-7.612470	-3.488673
-7.410639	-3.448243
-7.217020	-3.399286
-7.015821	-3.290000
-6.807673	-3.225566
-6.614054	-3.185768
-6.410644	-3.150077
-6.214182	-3.109016
-6.011087	-3.057531
-5.816521	-2.987727
-5.614690	-2.895182
-5.412543	-2.822851
-5.211028	-2.769156
-5.009829	-2.720199
-4.807050	-2.671557
-4.616905	-2.618494
-4.416022	-2.573642
-4.213243	-2.519631
-4.014886	-2.446353
-3.813056	-2.363915
-3.608382	-2.290637
-3.412236	-2.228097
-3.213563	-2.176613
-3.011101	-2.144080
-2.814955	-2.084383
-2.606807	-1.996576
-2.408766	-1.909716
-2.217674	-1.821908
-2.014895	-1.760001
-1.814012	-1.719887
-1.614076	-1.664613
-1.410982	-1.585649
-1.211361	-1.504475
-1.011425	-1.407823
-0.814964	-1.352864
-0.619766	-1.280849
-0.410986	-1.210730
-0.214840	-1.085020
-0.007640	-0.883504
0.190110	-0.620713
0.386281	-0.329180
0.585294	-0.024696
0.785256	0.233071
0.987429	0.402391
1.183600	0.514218
1.386721	0.588453
1.584787	0.631415
1.784748	0.686697
1.985974	0.732502
2.181829	0.756510
2.389372	0.789047
2.591229	0.819689
2.789611	0.838642
2.984834	0.847172
3.184796	0.869916
3.385073	0.894556
3.584403	0.944151
3.783733	0.985534
3.986854	1.008278
4.183024	1.014280
4.384881	1.000697
4.589266	1.002908
4.791439	1.087568
4.991400	1.108101
5.191994	1.126739
5.382794	1.135268
5.583072	1.128002
5.785561	1.103994
5.984890	1.124528
6.189590	1.175703
6.386709	1.213294
6.586355	1.238566
6.785053	1.237618
6.986594	1.232564
7.182765	1.261626
7.388729	1.250886
7.593429	1.257203
7.786757	1.289425
7.983243	1.291320
8.183520	1.301745
8.389484	1.349445
8.592289	1.354183
8.792566	1.327332
8.988106	1.332386
9.181749	1.320698
9.382975	1.355763
9.583252	1.404411
9.782898	1.428103
9.985387	1.418626
9.784477	1.379139
9.583252	1.310590
9.383290	1.316276
9.178274	1.372505
8.986526	1.393038
8.785933	1.375664
8.581233	1.350077
8.384114	1.303640
8.190154	1.277421
7.984507	1.255308
7.792127	1.266680
7.584584	1.299218
7.385254	1.293216
7.185608	1.254045
6.980592	1.239829
6.778735	1.225614
6.591093	1.177282
6.386393	1.174439
6.187063	1.175387
5.986154	1.153590
5.783033	1.167805
5.584967	1.161487
5.379319	1.124212
5.187887	1.089779
4.987609	1.055978
4.788280	1.041763
4.591161	1.052819
4.381407	1.041763
4.183024	1.013964
3.988433	0.984586
3.786576	0.927093
3.589773	0.893292
3.388548	0.913194
3.184796	0.899926
2.983571	0.888238
2.785188	0.861703
2.586490	0.809580
2.386845	0.769461
2.187831	0.735977
1.986290	0.705651
1.783801	0.687960
1.582576	0.657319
1.388932	0.591296
1.182968	0.516745
0.986165	0.400812
0.791890	0.209063
0.587506	-0.040173
0.387228	-0.337392
0.197059	-0.627346
-0.014904	-0.883820
-0.212945	-1.068911
-0.414145	-1.197464
-0.616923	-1.293168
-0.815280	-1.372131
-1.011110	-1.432775
-1.211361	-1.480470
-1.414140	-1.545220
-1.615024	-1.645661
-1.817171	-1.738523
-2.019001	-1.815275
-2.212305	-1.894871
-2.405923	-1.940038
-2.612808	-1.990575
-2.814008	-2.051219
-3.013943	-2.125129
-3.217354	-2.184509
-3.415710	-2.248628
-3.614067	-2.308324
-3.810529	-2.368337
-4.006674	-2.438456
-4.211032	-2.496890
-4.408757	-2.547742
-4.613747	-2.613124
-4.812103	-2.658607
-5.008249	-2.733780
-5.214186	-2.818114
-5.413806	-2.874967
-5.613426	-2.916344
-5.817153	-2.938770
-6.012982	-2.985201
-6.209444	-3.065428
-6.415697	-3.165554
-6.607105	-3.242938
-6.821254	-3.311162
-7.015189	-3.325692
-7.220494	-3.352224
-7.411271	-3.413815
-7.612470	-3.492147
-7.816196	-3.566689
-8.014869	-3.636809
-8.217332	-3.691452
-8.416320	-3.746094
-8.611518	-3.790946
-8.810506	-3.833270
-9.012338	-3.891387
-9.218274	-3.961507
-9.367990	-4.001621
-9.397996	-4.012991
-9.408735	-4.032574
-9.420106	-4.030047
-9.437161	-3.999410
-9.427686	-3.986144
-9.387888	-3.964034
-9.213853	-3.933396
-9.013917	-3.905917
-8.807664	-3.868962
-8.609939	-3.789682
-8.415689	-3.698400
-8.215436	-3.598906
-8.017712	-3.582482
-7.813037	-3.563215
-7.610891	-3.523101
-7.413797	-3.478881
-7.216388	-3.404340
-7.011399	-3.305161
-6.812726	-3.228724
-6.612790	-3.181031
-6.411591	-3.146602
-6.212286	-3.093223
-6.010456	-3.040475
-5.818100	-2.967829
-5.612795	-2.912238
-5.411911	-2.849699
-5.214186	-2.785265
-5.010144	-2.727463
-4.808945	-2.664924
-4.616590	-2.597331
-4.412863	-2.540162
-4.210716	-2.507629
-4.011096	-2.436877
-3.810529	-2.376233
-3.613120	-2.287478
-3.413184	-2.225886
-3.217670	-2.189247
-3.014575	-2.133341
-2.814323	-2.063221
-2.615335	-1.994997
-2.410977	-1.903399
-2.214515	-1.829489
-2.018686	-1.780847
-1.814012	-1.723678
-1.611233	-1.670614
-1.417299	-1.587544
-1.212309	-1.511739
-1.004477	-1.427090
-0.819070	-1.354759
-0.615344	-1.281797
-0.410986	-1.207255
-0.215472	-1.072385
-0.005113	-0.886663
0.190426	-0.630189
0.382174	-0.325705
0.585610	-0.023117
0.787783	0.213802
0.986481	0.406182
1.186443	0.531276
1.382614	0.607091
1.582891	0.646262
1.784433	0.677220
1.982183	0.703123
2.185303	0.743874
2.386213	0.791574
2.586806	0.830745
2.791506	0.850015
2.980412	0.857912
3.182269	0.852858
3.390128	0.873075
3.587562	0.936254
3.788471	0.990588
3.988433	1.016491
4.182393	1.029127
4.386145	1.007646
4.580420	1.002908
4.784489	1.038604
4.986662	1.091043
5.187887	1.118210
5.383426	1.143481
5.582124	1.137163
5.780506	1.156117
5.985838	1.165910
6.190538	1.150431
6.388288	1.175703
6.592988	1.216769
6.780946	1.219612
6.982803	1.253097
7.186556	1.275841
7.383358	1.282791
7.586479	1.258151
7.788652	1.267312
7.982612	1.271419
8.181625	1.319119
8.383799	1.344391
8.583760	1.346286
8.788144	1.336809
8.984631	1.319119
9.181749	1.305535
9.385186	1.343759
9.583884	1.406306
9.787004	1.417362
9.978753	1.433157
9.783529	1.383562
9.584831	1.343759
9.384554	1.339336
9.181118	1.356710
8.987473	1.362713
8.789092	1.359554
8.590077	1.326385
8.382851	1.316592
8.181941	1.312169
7.984823	1.297322
7.788652	1.270155
7.583952	1.266680
7.390624	1.240777
7.189399	1.239829
6.983435	1.257203
6.782842	1.250886
6.584775	1.204765
6.387657	1.180441
6.187695	1.141586
5.986154	1.145692
5.783350	1.171280
5.583388	1.162751
5.385637	1.140322
5.188203	1.111576
4.985398	1.061980
4.782593	1.037341
4.588318	1.029443
4.378563	1.042711
4.182709	1.023757
3.986538	0.995642
3.789103	0.947310
3.587878	0.933411
3.384442	0.906876
3.181953	0.874970
2.981991	0.868337
2.788347	0.839906
2.587438	0.812739
2.386845	0.796312
2.185303	0.767882
1.983446	0.723972
1.785696	0.674061
1.588262	0.623834
1.397461	0.582136
1.187707	0.526538
0.985218	0.411868
0.784940	0.217908
0.584663	-0.046490
0.385649	-0.339287
0.188530	-0.623872
-0.013009	-0.883820
-0.212313	-1.060067
-0.414145	-1.192094
-0.615976	-1.283060
-0.814332	-1.369920
-1.010162	-1.446989
-1.211046	-1.505738
-1.410666	-1.571120
-1.613760	-1.643766
-1.813380	-1.713254
-2.020581	-1.787164
-2.215463	-1.845913
-2.413188	-1.919191
-2.611861	-1.998471
-2.807059	-2.053430
-3.017734	-2.106177
-3.216722	-2.163979
-3.415079	-2.230624
-3.610593	-2.293479
-3.810529	-2.375917
-4.013307	-2.458355
-4.213243	-2.498153
-4.414443	-2.541109
-4.616590	-2.579643
-4.807682	-2.648816
-5.013303	-2.742940
-5.213871	-2.833275
-5.415070	-2.902763
-5.615322	-2.949825
-5.810520	-2.979831
-6.017405	-3.032579
-6.211339	-3.110279
-6.412222	-3.175977
-6.614686	-3.254941
-6.812095	-3.318427
-7.014557	-3.352540
-7.219863	-3.390758
-7.410955	-3.451086
-7.610259	-3.513625
-7.815880	-3.573322
-8.014869	-3.632387
-8.215120	-3.678817
-8.418530	-3.741672
-8.607411	-3.809265
-8.809875	-3.854116
-9.013917	-3.924236
-9.212274	-3.977300
-9.363252	-4.012360
-9.381887	-4.035101
-9.375255	-4.059422
-9.402418	-4.057211
-9.395784	-4.038891
-9.418210	-3.996251
-9.387572	-3.963718
-9.218274	-3.955190
-9.012338	-3.926447
-8.811454	-3.887913
-8.611518	-3.843378
-8.414425	-3.742936
-8.215753	-3.653549
-8.015500	-3.609329
-7.813985	-3.580902
-7.610259	-3.524364
-7.409060	-3.469090
-7.217968	-3.391706
-7.014241	-3.317480
-6.807673	-3.256835
-6.618792	-3.183557
-6.411275	-3.123545
-6.211023	-3.070797
-6.008876	-3.006679
-5.817469	-2.949193
-5.614058	-2.907816
-5.415386	-2.856964
-5.210080	-2.781790
-5.005722	-2.709775
-4.807682	-2.636181
-4.616273	-2.595120
-4.415390	-2.558481
-4.210401	-2.504154
-4.012676	-2.436561
-3.814950	-2.357598
-3.611856	-2.266632
-3.412236	-2.204724
-3.217038	-2.158925
-3.015523	-2.103019
-2.813692	-2.041743
-2.613124	-1.974466
-2.410661	-1.885711
-2.215463	-1.817171
-2.018370	-1.758106
-1.813696	-1.698725
-1.608391	-1.649136
-1.414772	-1.571751
-1.210414	-1.511423
-1.016163	-1.444462
-0.815280	-1.370552
-0.612501	-1.288114
-0.415408	-1.196832
-0.210102	-1.072070
-0.015220	-0.890769
0.190110	-0.625135
0.383437	-0.330443
0.585610	-0.037330
0.781465	0.220436
0.984586	0.412500
1.191497	0.530013
1.387984	0.602669
1.585103	0.644999
1.791698	0.669323
1.984394	0.683222
2.187515	0.747033
2.384001	0.800419
2.586174	0.837695
2.789611	0.861387
2.985150	0.867389
3.188902	0.861071
3.390128	0.874023
3.584087	0.928041
3.791314	0.979848
3.984958	1.016491
4.182709	1.024389
4.383302	1.023757
4.584211	1.041447
4.785752	1.056926
4.988557	1.067982
5.188519	1.112524
5.382163	1.120737
5.583388	1.132425
5.784297	1.167489
5.987733	1.177598
6.185484	1.166857
6.389236	1.178230
6.590146	1.190234
6.780946	1.220244
6.985962	1.259731
7.184976	1.281843
7.384938	1.273314
7.588690	1.256572
7.787072	1.236354
7.980084	1.273630
8.181310	1.321646
8.386326	1.354499
8.587867	1.363344
8.782458	1.349761
8.984947	1.311853
9.181434	1.314381
9.384238	1.353552
9.584516	1.385773
9.789216	1.428735
9.983808	1.414519
9.784162	1.371558
9.586411	1.383878
9.378236	1.375664
9.180486	1.347550
8.985894	1.350708
8.786880	1.336177
8.583760	1.312801
8.388221	1.330491
8.183205	1.346286
7.983243	1.315328
7.786757	1.274894
7.587427	1.241409
7.386833	1.220244
7.185608	1.249306
6.983435	1.264153
6.783473	1.248674
6.592357	1.214558
6.392395	1.157696
6.181693	1.122948
5.986786	1.144745
5.787140	1.154538
5.581176	1.165594
5.382794	1.147588
5.188203	1.100835
4.985714	1.066403
4.789859	1.043342
4.582316	1.016491
4.388041	1.008910
4.178602	1.012701
3.989381	0.983638
3.784365	0.962473
3.590405	0.939729
3.388548	0.913194
3.186375	0.874339
2.987677	0.845908
2.788347	0.836115
2.588070	0.818741
2.384001	0.804842
2.184040	0.776727
1.984394	0.724920
1.779694	0.663321
1.581628	0.610566
1.387036	0.576134
1.192445	0.520536
0.987429	0.415027
0.780834	0.217277
0.584979	-0.038593
0.388176	-0.343393
0.183476	-0.627346
-0.012693	-0.880030
-0.213893	-1.065121
-0.411934	-1.189252
-0.614080	-1.279586
-0.820334	-1.365498
-1.011425	-1.425195
-1.210730	-1.496578
-1.414456	-1.573331
-1.612497	-1.636818
-1.811485	-1.703779
-2.004472	-1.775794
-2.210093	-1.845282
-2.407503	-1.920139
-2.612176	-1.999419
-2.813692	-2.063853
-3.015523	-2.109968
-3.213563	-2.160504
-3.418553	-2.204724
-3.613751	-2.303271
-3.811792	-2.388236
-4.017097	-2.468778
-4.214191	-2.523421
-4.411916	-2.553427
-4.618484	-2.574590
-4.811788	-2.634286
-5.009829	-2.726200
-5.212923	-2.802953
-5.411911	-2.878758
-5.613742	-2.934980
-5.817469	-2.970040
-6.010771	-3.025314
-6.209760	-3.092275
-6.411591	-3.164922
-6.608368	-3.225882
-6.812410	-3.271681
-7.010767	-3.331693
-7.215441	-3.396759
-7.411271	-3.446980
-7.610891	-3.504466
-7.814301	-3.563846
-8.013289	-3.607118
-8.220174	-3.682292
-8.417583	-3.766625
-8.607728	-3.843378
-8.810822	-3.864540
-9.012021	-3.887913
-9.218591	-3.918551
-9.378413	-3.977300
-9.391679	-4.017097
-9.391047	-4.044261
-9.409367	-4.049631
-9.416631	-4.027836
-9.440004	-3.973510
-9.392626	-3.946030
-9.213221	-3.938766
-9.011705	-3.909707
-8.815876	-3.869909
-8.610887	-3.802316
-8.419794	-3.727775
-8.215436	-3.656392
-8.010131	-3.609013
-7.816828	-3.558477
-7.610259	-3.512362
-7.409060	-3.463089
-7.217968	-3.385388
-7.014873	-3.344012
-6.807988	-3.294422
-6.612474	-3.202193
-6.413170	-3.134600
-6.211971	-3.058479
-6.012035	-3.007626
-5.814942	-2.973198
-5.612163	-2.946982
-5.415701	-2.882548
-5.211028	-2.812428
-5.012039	-2.708828
-4.798522	-2.634918
-4.618169	-2.604280
-4.407494	-2.568273
-4.208821	-2.525948
-4.018677	-2.451091
-3.812108	-2.368968
-3.610277	-2.281793
-3.417921	-2.213884
-3.214195	-2.169033
-3.010469	-2.121970
-2.815587	-2.048060
-2.611861	-1.973203
-2.408450	-1.902135
-2.211041	-1.840860
-2.017422	-1.769476
-1.807379	-1.707253
-1.610602	-1.648188
-1.413193	-1.576173
-1.210730	-1.513950
-1.012373	-1.453938
-0.816227	-1.373079
-0.615976	-1.283060
-0.414776	-1.192726
-0.217051	-1.067332
-0.014589	-0.881925
0.186951	-0.624188
0.382490	-0.316545
0.580556	-0.031013
0.784308	0.220436
0.988693	0.412500
1.185179	0.538542
1.389564	0.611514
1.581312	0.654476
1.783485	0.671534
1.983762	0.687013
2.189410	0.737556
2.385897	0.806737
2.582068	0.834536
2.788979	0.859176
2.981991	0.864230
3.179741	0.885711
3.386969	0.913194
3.588510	0.923618
3.786260	0.971002
3.988749	0.997538
4.182077	1.002908
4.382354	1.037341
4.584843	1.068614
4.783225	1.068298
4.986662	1.061980
5.188519	1.087252
5.378372	1.102099
5.581808	1.139375
5.785561	1.179177
5.986786	1.183284
6.186431	1.178230
6.387973	1.156117
6.583827	1.148852
6.783157	1.211715
6.984383	1.262574
7.189399	1.279316
7.384938	1.286266
7.585847	1.293216
7.788020	1.250254
7.983243	1.254676
8.181941	1.294479
8.381271	1.327016
8.585340	1.373453
8.787512	1.340600
8.985894	1.338704
9.182065	1.356079
9.381080	1.345970
9.587675	1.347550
9.783214	1.399988
9.987914	1.396829
9.782898	1.394934
9.582305	1.407885
9.382343	1.379771
9.186488	1.344706
8.985263	1.327648
8.786880	1.300797
8.586603	1.332702
8.382535	1.357026
8.184468	1.353552
7.985455	1.315960
7.786757	1.283107
7.587427	1.199079
7.384938	1.193393
7.185924	1.248043
6.985331	1.265733
6.783789	1.252781
6.591409	1.224982
6.387657	1.172228
6.185484	1.154538
5.985522	1.149483
5.785245	1.149167
5.582440	1.155169
5.380899	1.137163
5.186624	1.091043
4.987609	1.077143
4.789543	1.074932
4.584843	1.030075
4.384881	1.019650
4.187131	0.994063
3.985590	0.969423
3.788156	0.964053
3.588510	0.947942
3.384442	0.911298
3.184164	0.880025
2.982939	0.844013
2.796561	0.820952
2.590913	0.825059
2.392531	0.811791
2.187831	0.777991
1.984394	0.730290
1.784748	0.664268
1.582260	0.616252
1.392091	0.588138
1.185495	0.521168
0.984586	0.408077
0.783677	0.219804
0.583083	-0.029434
0.386596	-0.336128
0.190110	-0.632400
-0.012693	-0.882873
-0.210418	-1.069227
-0.416356	-1.193042
-0.613449	-1.280534
-0.814648	-1.357602
-1.011741	-1.416983
-1.210098	-1.510792
-1.412877	-1.586913
-1.613128	-1.644398
