# Configuration automatically generated by WRITE_CONFIG()
connection eth
ip 192.168.0.10
samplehz 1000.000000
settleus 10.000000
nsample 128

# Analog Inputs
aichannel 0
ainegative 199
airange 10.000000
airesolution 0

aichannel 1
ainegative 199
airange 10.000000
airesolution 0

# Analog Outputs
aochannel 0
aosignal triangle
aofrequency 5.000000
aoamplitude 2.000000
aooffset 2.500000
aoduty 0.500000

# Meta Parameters
int:periods 10
flt:tip_T_C 294.853566
flt:plate_T_C 309.532864
flt:plate_Q_kW 1.109797
flt:cool_Thigh_C 51.372263
flt:cool_Tlow_C 14.930090
flt:air_psig 20.000000
flt:water_gph 6.500000
flt:standoff_in 0.233000
flt:oxygen_scfh 14.531250
flt:fuel_scfh 8.003562
flt:flow_scfh 22.534812
flt:ratio_fto 0.550783

## End Configuration ##
#: Fri Apr  7 09:31:51 2017
-6.813042	-3.391074
-9.302292	-4.155126
-9.292185	-4.156705
-9.270075	-4.161127
-9.239753	-4.168392
-9.185426	-4.159548
-9.007915	-4.096693
-8.813033	-4.033522
-8.610887	-3.967508
-8.416320	-3.909707
-8.215753	-3.854116
-8.013289	-3.778311
-7.813669	-3.706613
-7.606153	-3.618173
-7.405269	-3.555634
-7.217336	-3.510151
-7.014873	-3.453613
-6.810831	-3.388231
-6.615949	-3.316532
-6.415381	-3.240411
-6.210707	-3.192717
-6.014878	-3.154183
-5.816837	-3.094802
-5.609952	-3.028789
-5.419176	-2.948877
-5.211028	-2.874967
-5.012039	-2.823167
-4.811788	-2.775789
-4.615958	-2.728411
-4.411916	-2.677558
-4.216718	-2.595752
-4.011728	-2.519631
-3.813056	-2.445089
-3.615962	-2.385393
-3.416342	-2.313378
-3.217038	-2.247680
-3.017418	-2.170296
-2.812428	-2.095123
-2.610913	-2.034478
-2.412872	-1.964359
-2.215779	-1.901504
-2.012053	-1.831384
-1.811169	-1.746419
-1.610917	-1.645030
-1.413824	-1.583438
-1.211677	-1.513003
-1.010162	-1.425827
-0.819386	-1.345600
-0.617239	-1.246737
-0.413197	-1.141558
-0.211998	-0.982051
-0.012693	-0.763480
0.188846	-0.515218
0.384069	-0.284012
0.585610	-0.048701
0.785888	0.144937
0.985850	0.288353
1.187707	0.351848
1.383878	0.383437
1.585419	0.426715
1.786644	0.484208
1.981551	0.519904
2.186567	0.535067
2.387476	0.527486
2.588386	0.511375
2.793718	0.529381
2.986729	0.594455
3.190166	0.622254
3.388548	0.636154
3.587878	0.624150
3.785312	0.598246
3.989065	0.609303
4.185552	0.674377
4.382354	0.708178
4.592109	0.720182
4.785120	0.697437
4.985082	0.670902
5.188203	0.681011
5.379004	0.745769
5.581492	0.782413
5.785245	0.780202
5.986154	0.764091
6.186431	0.744190
6.390184	0.739135
6.586355	0.787152
6.783789	0.816214
6.985014	0.826638
7.179922	0.788099
7.386833	0.778622
7.591533	0.778622
7.789284	0.804842
7.983243	0.857280
8.186048	0.850962
8.379375	0.830745
8.585024	0.842433
8.785617	0.818109
8.991264	0.842749
9.182697	0.884447
9.377920	0.878761
9.582305	0.858228
9.789216	0.879393
9.980332	0.870232
9.790480	0.845908
9.584831	0.880025
9.378868	0.861387
9.181749	0.846540
8.983367	0.890765
8.786565	0.838327
8.586603	0.804526
8.387273	0.830745
8.180046	0.838958
7.983559	0.830745
7.789599	0.846224
7.584584	0.825691
7.385570	0.779254
7.184344	0.786836
6.987857	0.783993
6.782842	0.794101
6.586039	0.808001
6.386709	0.774832
6.186748	0.732502
5.987418	0.728711
5.780822	0.729975
5.583072	0.747665
5.387217	0.767882
5.184096	0.734081
4.989820	0.679431
4.793334	0.647526
4.586422	0.681958
4.384565	0.701544
4.177970	0.696805
3.988117	0.669323
3.786260	0.627309
3.585667	0.583083
3.385705	0.597930
3.191746	0.613409
2.984518	0.610250
2.789611	0.572343
2.588070	0.524643
2.385265	0.484840
2.185303	0.492105
1.984710	0.503162
1.781590	0.493369
1.582891	0.456409
1.389248	0.407130
1.187707	0.322786
0.985218	0.275401
0.785888	0.153150
0.583715	-0.050596
0.383122	-0.287487
0.189794	-0.516797
-0.013957	-0.747371
-0.213577	-0.974786
-0.414460	-1.154824
-0.616607	-1.269163
-0.814648	-1.360129
-1.008899	-1.440040
-1.211993	-1.502579
-1.414140	-1.573015
-1.611549	-1.663033
-1.816855	-1.736943
-2.012369	-1.798851
-2.216095	-1.861390
-2.410977	-1.929931
-2.613124	-2.005420
-2.813692	-2.076803
-3.012680	-2.150081
-3.217038	-2.222728
-3.416026	-2.292847
-3.610277	-2.363283
-3.812424	-2.430560
-4.013307	-2.506365
-4.213875	-2.573326
-4.413495	-2.644394
-4.617853	-2.696510
-4.809893	-2.768524
-5.008249	-2.849067
-5.206922	-2.923609
-5.414438	-2.987727
-5.613742	-3.049319
-5.816521	-3.092275
-6.007929	-3.147550
-6.214182	-3.232515
-6.415065	-3.304214
-6.615001	-3.371491
-6.807357	-3.445085
-7.016452	-3.466879
-7.217336	-3.518995
-7.416640	-3.607750
-7.612470	-3.672184
-7.811142	-3.710719
-8.018659	-3.751780
-8.214173	-3.783365
-8.412530	-3.858854
-8.610887	-3.964350
-8.811769	-4.053737
-9.010758	-4.118803
-9.190795	-4.158285
-9.253651	-4.154178
-9.272601	-4.158600
-9.267232	-4.182290
-9.264705	-4.196503
-9.256493	-4.192397
-9.274497	-4.160180
-9.277023	-4.127646
-9.207220	-4.106484
-9.010126	-4.079953
-8.814297	-4.019624
-8.610887	-3.962139
-8.415056	-3.899600
-8.216068	-3.819373
-8.012974	-3.769783
-7.816828	-3.748621
-7.611207	-3.692715
-7.410007	-3.621016
-7.214809	-3.545527
-7.017716	-3.456772
-6.816201	-3.397075
-6.611527	-3.336747
-6.417276	-3.277366
-6.211655	-3.190190
-6.012035	-3.110595
-5.818416	-3.048687
-5.617848	-3.003520
-5.413490	-2.968776
-5.213239	-2.909395
-5.008249	-2.839592
-4.816525	-2.758101
-4.616273	-2.678822
-4.413811	-2.621968
-4.216402	-2.555007
-4.012676	-2.488361
-3.812424	-2.421400
-3.609645	-2.351596
-3.419816	-2.286846
-3.216406	-2.234414
-3.013312	-2.175665
-2.809586	-2.104914
-2.606175	-2.036690
-2.409714	-1.959937
-2.212936	-1.891396
-2.013948	-1.826014
-1.813380	-1.749262
-1.606811	-1.674404
-1.412877	-1.599863
-1.211361	-1.514582
-1.009846	-1.435302
-0.815596	-1.360445
-0.611238	-1.254949
-0.412881	-1.128923
-0.216420	-0.960573
-0.010482	-0.769797
0.187582	-0.541434
0.382174	-0.287803
0.586242	-0.053123
0.781781	0.132301
0.985850	0.265293
1.189286	0.352480
1.393670	0.415027
1.580680	0.450407
1.783485	0.466202
1.985342	0.485472
2.181829	0.501266
2.385897	0.519588
2.588386	0.559075
2.786136	0.577397
2.983571	0.573290
3.184164	0.600457
3.378755	0.611514
3.585351	0.613093
3.791314	0.655107
3.983695	0.661425
4.182393	0.670270
4.380459	0.682590
4.585475	0.698069
4.785752	0.679747
4.984135	0.713232
5.185992	0.735977
5.384058	0.742926
5.584967	0.758721
5.784929	0.765355
5.986786	0.734081
6.186116	0.753667
6.392079	0.752719
6.587934	0.788415
6.786316	0.810212
6.985331	0.806105
7.186556	0.765671
7.380515	0.768198
7.589322	0.787783
7.789284	0.826007
7.981348	0.868968
8.183520	0.858544
8.386326	0.824111
8.585971	0.792206
8.784986	0.827270
8.987158	0.876866
9.180486	0.916669
9.382659	0.895188
9.584831	0.841170
9.782898	0.803578
9.982544	0.840538
9.787004	0.890449
9.587991	0.910667
9.383923	0.887290
9.178591	0.835799
8.984631	0.768198
8.786249	0.804210
8.585340	0.875602
8.384746	0.892660
8.182257	0.872443
7.981348	0.818741
7.788336	0.747980
7.583320	0.777675
7.389360	0.832325
7.190662	0.847172
6.984067	0.836431
6.781894	0.774200
6.590461	0.711653
6.388288	0.732186
6.186116	0.794733
5.985838	0.798524
5.783350	0.774516
5.587810	0.732502
5.383742	0.677536
5.185992	0.686065
4.983187	0.732186
4.792070	0.733449
4.583263	0.721129
4.384881	0.669954
4.183341	0.632679
3.985274	0.631415
3.786576	0.654476
3.587878	0.651001
3.382230	0.635838
3.183532	0.583399
2.985466	0.558759
2.789295	0.537594
2.587438	0.544860
2.387161	0.540121
2.186251	0.517693
1.985974	0.474415
1.784748	0.456093
1.583207	0.424504
1.388300	0.406498
1.186127	0.365747
0.986481	0.285510
0.786204	0.145884
0.583399	-0.051544
0.381542	-0.286539
0.196743	-0.523746
-0.013009	-0.784010
-0.213577	-0.980788
-0.413829	-1.137136
-0.617239	-1.270110
-0.813701	-1.369605
-1.009530	-1.453622
-1.211046	-1.531638
-1.413193	-1.605548
-1.609022	-1.681985
-1.819066	-1.739154
-2.016791	-1.816855
-2.214515	-1.893923
-2.413504	-1.966886
-2.614388	-2.025635
-2.812744	-2.097649
-3.015839	-2.164611
-3.212932	-2.231572
-3.416026	-2.319063
-3.611224	-2.391078
-3.813687	-2.459303
-4.013939	-2.510787
-4.215454	-2.567325
-4.414443	-2.650079
-4.617853	-2.705353
-4.806734	-2.783685
-5.012355	-2.837065
-5.213554	-2.890128
-5.414438	-2.946982
-5.613426	-3.023103
-5.820943	-3.108384
-6.011403	-3.166501
-6.206601	-3.229672
-6.415381	-3.271365
-6.614686	-3.338010
-6.817148	-3.430556
-7.017084	-3.501939
-7.208176	-3.559108
-7.409376	-3.591010
-7.612154	-3.627017
-7.814301	-3.703138
-8.016764	-3.777048
-8.216700	-3.852853
-8.415689	-3.915392
-8.606149	-3.959296
-8.808611	-4.012044
-9.009495	-4.069845
-9.201534	-4.138701
-9.244491	-4.162075
-9.272285	-4.160180
-9.295027	-4.152599
-9.307030	-4.150072
-9.288078	-4.155757
-9.273549	-4.158285
-9.252703	-4.154178
-9.203114	-4.122277
-9.011390	-4.043314
-8.808295	-3.982669
-8.607728	-3.925184
-8.417268	-3.888229
-8.209435	-3.849379
-8.014553	-3.788419
-7.808616	-3.722721
-7.606469	-3.636177
-7.415061	-3.583113
-7.213861	-3.516784
-7.018032	-3.459298
-6.816833	-3.400549
-6.611843	-3.342432
-6.410959	-3.298528
-6.210707	-3.238516
-6.012351	-3.174397
-5.815573	-3.103962
-5.617217	-3.045213
-5.416649	-2.980463
-5.209764	-2.917924
-5.011724	-2.843066
-4.811156	-2.748941
-4.617221	-2.694614
-4.415390	-2.627653
-4.212927	-2.576485
-4.009517	-2.521210
-3.813687	-2.446037
-3.610277	-2.368653
-3.418237	-2.295374
-3.215143	-2.224623
-3.012680	-2.166190
-2.815903	-2.109652
-2.609334	-2.036058
-2.404344	-1.941933
-2.208514	-1.853810
-2.013948	-1.779268
-1.814644	-1.730942
-1.611865	-1.672193
-1.417299	-1.594493
-1.211361	-1.514266
-1.008583	-1.427090
-0.814964	-1.345600
-0.614712	-1.259055
-0.412565	-1.142821
-0.213893	-0.970680
-0.008271	-0.776114
0.188214	-0.536380
0.384385	-0.287487
0.587822	-0.065125
0.785256	0.130405
0.988061	0.266240
1.185495	0.363536
1.385457	0.426083
1.580996	0.457989
1.786960	0.459884
1.981867	0.467466
2.184672	0.493685
2.388424	0.531276
2.586490	0.577397
2.788979	0.586874
2.980096	0.576134
3.184796	0.555284
3.387285	0.587506
3.585983	0.632995
3.785628	0.677536
3.990328	0.677536
4.178602	0.665848
4.382670	0.622254
4.586739	0.642156
4.784805	0.718918
4.984135	0.753667
5.187887	0.759353
5.383110	0.729659
5.582124	0.684486
5.786824	0.700280
5.991209	0.783361
6.186431	0.811475
6.391131	0.811160
6.588566	0.791258
6.781894	0.738188
6.983751	0.743874
7.181501	0.813371
7.384938	0.849699
7.583320	0.853489
7.788968	0.813055
7.982927	0.773568
8.180362	0.781465
8.389169	0.849067
8.583444	0.891397
8.786249	0.885079
8.983684	0.848435
9.178591	0.820320
9.385818	0.816530
9.585779	0.861703
9.780055	0.912246
9.987914	0.904665
9.786373	0.856648
9.575670	0.839590
9.380447	0.837695
9.181749	0.852858
8.983367	0.879077
8.791303	0.862019
8.587867	0.824111
8.382218	0.823479
8.180362	0.810844
7.982612	0.814318
7.786757	0.848751
7.584268	0.826007
7.390940	0.794101
7.187503	0.803578
6.983119	0.783361
6.784421	0.770093
6.593620	0.783045
6.385761	0.771989
6.188959	0.757141
5.988681	0.758089
5.787456	0.738504
5.583072	0.723025
5.381846	0.725236
5.186307	0.716075
4.987926	0.714812
4.787016	0.718286
4.584527	0.687329
4.384881	0.656371
4.182393	0.667427
3.988433	0.653528
3.793210	0.643103
3.590721	0.632363
3.383810	0.629204
3.188586	0.575818
2.982939	0.557496
2.787715	0.553073
2.588701	0.550546
2.383370	0.547703
2.186883	0.507584
1.986290	0.470625
1.785696	0.430822
1.586050	0.428926
1.388300	0.419134
1.187707	0.377435
0.981111	0.281719
0.792522	0.134196
0.588769	-0.050596
0.378699	-0.272958
0.190110	-0.532906
-0.011430	-0.773903
-0.214209	-0.983630
-0.412249	-1.136504
-0.609659	-1.258740
-0.818123	-1.332650
-1.011741	-1.404033
-1.206308	-1.499105
-1.411613	-1.589439
-1.615339	-1.671562
-1.814960	-1.750209
-2.018054	-1.809274
-2.217990	-1.879394
-2.412241	-1.945092
-2.611545	-2.022160
-2.814008	-2.080909
-3.014575	-2.145659
-3.218933	-2.223991
-3.412868	-2.293795
-3.609013	-2.375285
-3.816214	-2.457724
-4.013939	-2.526896
-4.212927	-2.591014
-4.414443	-2.653869
-4.617221	-2.717040
-4.811156	-2.774210
-5.014882	-2.830116
-5.211028	-2.893603
-5.413806	-2.955826
-5.618164	-3.012048
-5.817469	-3.079641
-6.006981	-3.145023
-6.206917	-3.202193
-6.413802	-3.249887
-6.611211	-3.317796
-6.819675	-3.390442
-7.014873	-3.461509
-7.216073	-3.525312
-7.411271	-3.578060
-7.609627	-3.625438
-7.811774	-3.699032
-8.016132	-3.775785
-8.214173	-3.845904
-8.410003	-3.914445
-8.613413	-3.957717
-8.811138	-3.998146
-9.011705	-4.074899
-9.194586	-4.148177
-9.231225	-4.179447
-9.241648	-4.192713
-9.259020	-4.192081
-9.273865	-4.181658
-9.274180	-4.174393
-9.251439	-4.182921
-9.217643	-4.193976
-9.182899	-4.181658
-9.012969	-4.104905
-8.811138	-4.005095
-8.613413	-3.952031
-8.418847	-3.929290
-8.212277	-3.874963
-8.016448	-3.783365
-7.812722	-3.701875
-7.611522	-3.612172
-7.410955	-3.555318
-7.217020	-3.520574
-7.013926	-3.476670
-6.818096	-3.418237
-6.613422	-3.334852
-6.412222	-3.232515
-6.215129	-3.184821
-6.010140	-3.144075
-5.816205	-3.099856
-5.611847	-3.041739
-5.413490	-2.967829
-5.210712	-2.888865
-5.014566	-2.830748
-4.808313	-2.778632
-4.615326	-2.715145
-4.412863	-2.643130
-4.214191	-2.555323
-4.012360	-2.481729
-3.817793	-2.422348
-3.610277	-2.364547
-3.418869	-2.305798
-3.217354	-2.228413
-3.016470	-2.149765
-2.809901	-2.068275
-2.611861	-2.006367
-2.411293	-1.959621
-2.214831	-1.893923
-2.019633	-1.823172
-1.814644	-1.735048
-1.615655	-1.647557
-1.416983	-1.574278
-1.211993	-1.499737
-1.007951	-1.415088
-0.816543	-1.338019
-0.615976	-1.249896
-0.413829	-1.140926
-0.213893	-0.984262
-0.010798	-0.764743
0.196112	-0.518061
0.386281	-0.280854
0.590981	-0.045858
0.786836	0.154729
0.985850	0.298778
1.189286	0.361325
1.387984	0.383437
1.583839	0.414395
1.785380	0.469045
1.985974	0.507584
2.185935	0.530013
2.386213	0.536963
2.586174	0.531592
2.790874	0.533172
2.983571	0.581820
3.187323	0.622886
3.385073	0.636785
3.587246	0.620359
3.788787	0.617832
3.988433	0.627309
4.184288	0.652264
4.383302	0.697121
4.585791	0.712600
4.781962	0.692383
4.987609	0.705019
5.190098	0.724288
5.377424	0.731554
5.584020	0.760932
5.786192	0.771989
5.984890	0.753982
6.186431	0.770409
6.389236	0.771673
6.586671	0.761880
6.785685	0.790942
6.985646	0.808001
7.179606	0.794417
7.384938	0.814003
7.587427	0.820636
7.788020	0.785888
7.982612	0.821900
8.186996	0.828218
8.380956	0.834536
8.584076	0.870232
8.785933	0.855069
8.985894	0.819057
9.181749	0.850015
9.382027	0.849067
9.581041	0.870548
9.783214	0.909087
9.985071	0.884447
9.784793	0.828534
9.588622	0.820952
9.386765	0.835799
9.181118	0.864230
8.986526	0.880972
8.781510	0.871811
8.586603	0.801367
8.383166	0.793154
8.184468	0.812107
7.981980	0.858860
7.788336	0.868021
7.588374	0.837063
7.383358	0.794733
7.184029	0.750824
6.978065	0.772304
6.780630	0.821268
6.586671	0.820636
6.389236	0.788415
6.185800	0.745453
5.984574	0.691119
5.783665	0.712284
5.582440	0.770725
5.387217	0.766934
5.188203	0.734397
4.989505	0.685749
4.787964	0.635522
4.579789	0.663005
4.383618	0.703123
4.187131	0.696805
3.984010	0.679431
3.785628	0.632363
3.586930	0.570447
3.384442	0.583399
3.183216	0.623518
2.982623	0.610250
2.789295	0.571711
2.588701	0.530645
2.385581	0.490842
2.189094	0.473152
1.985342	0.495896
1.786012	0.497160
1.583523	0.450091
1.386089	0.407130
1.188022	0.335421
0.984902	0.280140
0.786520	0.148411
0.582451	-0.048701
0.383122	-0.287803
0.189162	-0.522483
-0.012062	-0.760637
-0.214524	-0.968469
-0.414460	-1.141242
-0.618502	-1.261266
-0.816859	-1.346231
-1.010794	-1.423300
-1.216099	-1.509528
-1.415088	-1.592914
-1.611233	-1.677247
-1.816223	-1.756211
-2.016791	-1.820961
-2.215779	-1.880657
-2.410977	-1.953304
-2.611861	-2.030688
-2.812112	-2.102703
-3.019313	-2.178824
-3.216722	-2.240416
-3.416974	-2.304850
-3.612488	-2.369916
-3.813056	-2.446353
-4.013623	-2.521210
-4.213243	-2.581538
-4.416022	-2.616598
-4.610272	-2.658923
-4.813051	-2.702511
-5.010776	-2.792529
-5.207869	-2.883811
-5.414122	-2.964986
-5.614058	-3.029104
-5.817784	-3.089433
-6.012035	-3.154499
-6.209444	-3.235989
-6.419487	-3.315900
-6.614054	-3.382862
-6.812410	-3.430556
-7.018663	-3.471301
-7.217652	-3.531945
-7.409376	-3.616594
-7.611838	-3.691136
-7.809879	-3.739777
-8.008867	-3.776100
-8.221122	-3.789682
-8.413793	-3.847168
-8.608991	-3.938450
-8.813349	-4.034470
-9.013600	-4.099220
-9.196481	-4.145966
-9.261546	-4.147861
-9.277971	-4.153547
-9.277339	-4.169024
-9.272918	-4.184500
-9.265968	-4.176288
-9.281761	-4.152283
-9.278287	-4.123857
-9.206903	-4.111222
-9.016128	-4.082163
-8.814928	-4.047735
-8.609307	-3.988039
-8.419478	-3.911602
-8.209119	-3.844641
-8.013921	-3.791893
-7.812722	-3.723037
-7.610891	-3.652917
-7.409691	-3.563215
-7.219231	-3.483935
-7.017400	-3.424554
-6.807673	-3.370227
-6.611843	-3.330430
-6.414433	-3.274523
-6.210076	-3.189874
-6.011087	-3.120070
-5.814310	-3.060058
-5.610268	-3.002257
-5.412227	-2.941297
-5.205658	-2.886654
-5.009512	-2.822536
-4.810524	-2.764102
-4.615642	-2.694614
-4.412231	-2.630496
-4.205978	-2.565114
-4.012676	-2.495942
-3.813687	-2.422032
-3.611856	-2.365810
-3.417606	-2.309904
-3.216406	-2.253366
-3.012048	-2.184194
-2.814639	-2.101440
-2.612492	-2.031004
-2.415715	-1.966886
-2.218306	-1.886027
-2.014580	-1.810538
-1.814328	-1.725257
-1.613444	-1.638397
-1.412561	-1.559433
-1.209466	-1.504159
-1.010794	-1.434986
-0.815596	-1.353180
-0.616291	-1.256213
-0.412881	-1.135556
-0.212313	-0.970996
-0.013325	-0.761269
0.190110	-0.535117
0.387228	-0.277695
0.580556	-0.044595
0.785572	0.151570
0.987745	0.280772
1.185495	0.349321
1.387984	0.406498
1.586366	0.437140
1.780642	0.460516
1.983762	0.503478
2.186567	0.535067
2.382738	0.521800
2.587122	0.544860
2.788979	0.565393
2.984202	0.582451
3.186059	0.616568
3.385705	0.636154
3.582824	0.604564
3.786260	0.624150
3.988433	0.643735
4.183024	0.655739
4.388041	0.698069
4.587686	0.694910
4.790807	0.686065
4.986346	0.683222
5.180937	0.700596
5.382794	0.739767
5.582756	0.780518
5.785561	0.782413
5.982995	0.744822
6.185800	0.711968
6.389236	0.752087
6.594568	0.803894
6.787264	0.839590
6.986594	0.818109
7.184029	0.793469
7.384622	0.738504
7.591849	0.768198
7.789284	0.841801
7.983243	0.872759
8.185732	0.869284
8.381587	0.836115
8.584707	0.766934
8.787828	0.796628
8.983051	0.883184
9.179538	0.919512
9.383290	0.915089
9.583568	0.866125
9.784793	0.794101
9.986966	0.818741
9.782582	0.893292
9.581041	0.911930
9.385502	0.902769
9.182065	0.842749
8.988421	0.779570
8.790039	0.799787
8.585971	0.861387
8.382218	0.879393
8.183837	0.867389
7.981032	0.822216
7.788652	0.767566
7.583004	0.775463
7.384622	0.829797
7.184029	0.834852
6.982803	0.824743
6.784421	0.777359
6.587618	0.753035
6.386709	0.736292
6.189590	0.768198
5.982995	0.788415
5.783350	0.768514
5.584335	0.729027
5.381846	0.712916
5.188519	0.701228
4.986030	0.715127
4.781646	0.737556
4.584211	0.705335
4.384250	0.666795
4.182393	0.663005
3.988117	0.642156
3.790683	0.629520
3.582508	0.639313
3.385389	0.616884
3.186691	0.584031
2.984202	0.579292
2.788663	0.553073
2.588701	0.524643
2.384317	0.532540
2.188147	0.503478
1.985658	0.481681
1.784748	0.473783
1.582576	0.438087
1.383878	0.406182
1.185811	0.361009
0.987113	0.279192
0.790942	0.136407
0.585926	-0.053123
0.384701	-0.287803
0.192005	-0.524378
-0.013641	-0.761900
-0.212629	-0.976997
-0.416040	-1.143769
-0.616291	-1.255897
-0.815596	-1.348758
-1.010162	-1.437197
-1.213257	-1.511423
-1.406875	-1.582491
-1.617866	-1.644714
-1.813064	-1.718940
-2.016475	-1.799798
-2.215147	-1.889185
-2.416978	-1.964043
-2.613440	-2.027845
-2.809901	-2.095123
-3.016470	-2.154819
-3.214195	-2.236310
-3.417606	-2.316221
-3.610277	-2.386656
-3.812108	-2.450459
-4.012676	-2.512998
-4.217033	-2.591962
-4.412548	-2.662397
-4.621011	-2.733464
-4.808313	-2.786844
-5.013303	-2.832643
-5.210712	-2.882864
-5.421387	-2.955826
-5.613426	-3.031947
-5.810835	-3.103962
-6.010771	-3.166501
-6.211655	-3.227777
-6.411907	-3.291895
-6.613106	-3.349065
-6.811147	-3.411604
-7.015189	-3.473828
-7.216388	-3.520258
-7.409691	-3.570163
-7.612470	-3.618805
-7.815880	-3.664920
-8.018343	-3.723353
-8.214805	-3.787155
-8.414425	-3.855064
-8.611834	-3.917919
-8.813033	-3.977616
-9.013285	-4.038891
-9.206588	-4.101115
-9.276392	-4.122593
-9.289026	-4.139333
-9.290289	-4.157021
-9.283340	-4.175025
-9.267863	-4.176288
-9.265337	-4.167444
-9.269759	-4.137754
-9.206903	-4.106800
-9.007600	-4.066371
-8.811769	-4.012044
-8.610254	-3.969404
-8.414741	-3.916024
-8.215436	-3.844957
-8.013921	-3.781470
-7.812406	-3.742936
-7.614681	-3.675027
-7.412218	-3.617226
-7.212914	-3.553423
-7.016768	-3.451402
-6.813990	-3.387915
-6.615633	-3.344959
-6.412854	-3.284631
-6.211339	-3.218617
-6.012351	-3.152288
-5.815258	-3.066375
-5.617217	-3.021524
-5.410964	-2.978568
-5.213239	-2.919819
-5.012987	-2.850015
-4.809261	-2.755890
-4.614378	-2.668399
-4.418865	-2.614072
-4.213559	-2.572063
-4.013307	-2.520579
-3.813687	-2.454249
-3.610277	-2.370863
-3.415710	-2.294743
-3.217985	-2.226834
-3.014891	-2.173455
-2.812428	-2.107757
-2.616598	-2.037321
-2.411293	-1.959621
-2.214831	-1.888238
-2.016791	-1.813696
-1.815907	-1.742313
-1.606811	-1.681037
-1.413824	-1.582175
-1.210414	-1.495631
-1.010162	-1.407191
-0.817491	-1.326964
-0.614396	-1.245158
-0.416356	-1.119448
-0.212629	-0.965942
-0.013325	-0.772008
0.186003	-0.544908
0.384385	-0.292225
0.584031	-0.051544
0.786204	0.117770
0.989324	0.254552
1.188022	0.363852
1.386405	0.422608
1.581312	0.466518
1.783169	0.469361
1.985026	0.456725
2.183408	0.476311
2.387792	0.538542
2.588070	0.586558
2.787715	0.593192
2.983255	0.587506
3.183532	0.560339
3.388232	0.564445
3.584403	0.638049
3.785312	0.677852
3.985906	0.677852
4.186183	0.665532
4.384250	0.630152
4.581052	0.641208
4.788280	0.711968
4.989820	0.761248
5.185360	0.755878
5.383426	0.734713
5.584967	0.702492
5.788404	0.696490
5.987418	0.772620
6.188643	0.805473
6.385129	0.802314
6.588566	0.773884
6.798320	0.753351
6.980592	0.752719
7.187819	0.797576
7.386833	0.837695
7.580477	0.836747
7.788652	0.815582
7.986086	0.799471
8.185101	0.803578
8.382851	0.826007
8.585971	0.875602
8.785301	0.867389
8.984631	0.847172
9.181749	0.858544
9.382027	0.837695
9.582305	0.842749
9.784793	0.890133
9.991388	0.871495
9.786689	0.850962
9.586727	0.872127
9.379816	0.850962
9.181118	0.819057
8.989685	0.857280
8.784669	0.839274
8.584392	0.833272
8.384430	0.850331
8.182889	0.829481
7.987982	0.790626
7.789284	0.816214
7.585531	0.810528
7.384938	0.812739
7.182765	0.826638
6.985331	0.796628
6.781262	0.753982
6.591409	0.765355
6.384182	0.759669
6.186748	0.771357
5.987102	0.793154
5.782718	0.757773
5.580861	0.711337
5.390060	0.691119
5.185044	0.709125
4.991400	0.721445
4.787332	0.727131
4.583895	0.705966
4.384881	0.655739
4.181761	0.631099
3.989065	0.645946
3.785312	0.653212
3.585983	0.654476
3.385073	0.625413
3.179741	0.572343
2.983255	0.533488
2.789927	0.549282
2.587122	0.575502
2.387476	0.555916
2.185619	0.521168
1.984078	0.473783
1.788855	0.419134
1.583523	0.422924
1.386089	0.425767
1.190550	0.378699
0.985850	0.279824
0.784940	0.136092
0.584663	-0.051859
0.380279	-0.288750
0.188846	-0.539223
-0.012693	-0.784326
-0.212313	-0.990579
-0.414460	-1.135241
-0.615976	-1.241052
-0.809594	-1.356023
-1.009530	-1.416351
-1.205360	-1.509528
-1.418562	-1.581543
-1.615339	-1.664297
-1.810853	-1.738207
-2.020581	-1.820329
-2.216727	-1.896134
-2.410029	-1.967201
-2.612492	-2.040796
-2.814955	-2.096702
-3.010153	-2.159873
-3.209773	-2.233783
-3.415710	-2.297901
-3.610277	-2.356018
-3.815582	-2.436561
-4.014886	-2.491520
-4.212296	-2.550585
-4.413811	-2.625126
-4.613747	-2.696194
-4.805155	-2.755574
-5.016461	-2.827589
-5.214186	-2.884127
-5.413806	-2.944455
-5.610899	-3.032895
-5.816205	-3.101435
-6.011403	-3.167133
-6.213550	-3.224934
-6.413802	-3.266943
-6.613106	-3.317796
-6.813042	-3.403392
-7.012978	-3.463720
-7.215125	-3.529418
-7.415377	-3.585956
-7.613418	-3.628912
-7.814933	-3.707244
-8.012658	-3.803580
-8.214173	-3.892019
-8.416636	-3.951400
-8.609623	-4.007306
-8.804821	-4.065423
-9.007283	-4.129226
-9.178161	-4.184816
-9.219222	-4.197766
-9.250175	-4.186396
-9.285551	-4.163338
-9.311768	-4.146914
-9.302608	-4.144071
-9.255230	-4.172814
-9.226803	-4.183237
-9.182899	-4.173761
-9.010758	-4.107116
-8.811138	-4.017729
-8.610887	-3.950452
-8.415372	-3.919183
-8.216700	-3.859802
-8.014553	-3.777364
-7.814933	-3.697453
-7.612154	-3.622911
-7.409060	-3.575533
-7.218915	-3.550580
-7.009820	-3.498464
-6.814937	-3.428976
-6.611211	-3.364858
-6.411275	-3.294106
-6.214814	-3.242306
-6.010771	-3.188611
-5.809256	-3.128915
-5.615953	-3.038264
-5.414438	-2.958353
-5.210396	-2.892971
-5.012355	-2.831379
-4.810840	-2.768840
-4.620380	-2.704406
-4.414443	-2.631759
-4.213875	-2.556586
-4.014255	-2.475411
-3.812424	-2.409082
-3.612488	-2.353176
-3.416974	-2.287794
-3.214511	-2.230624
-3.013628	-2.157978
-2.814639	-2.086279
-2.609965	-2.028477
-2.408766	-1.962148
-2.213568	-1.891396
-2.012369	-1.810853
-1.815591	-1.741050
-1.612813	-1.662718
-1.411929	-1.581227
-1.217679	-1.503527
-1.010478	-1.425511
-0.814964	-1.338019
-0.619766	-1.255897
-0.415724	-1.139031
-0.211998	-0.986157
-0.008271	-0.773903
0.186319	-0.520903
0.384701	-0.280222
0.581504	-0.060703
0.783993	0.142725
0.983322	0.287405
1.186759	0.351848
1.388932	0.404287
1.578785	0.429558
1.782221	0.457357
1.985342	0.499371
2.184988	0.523695
2.386845	0.529065
2.589649	0.544544
2.792454	0.556864
2.986414	0.567920
3.190798	0.613409
3.381598	0.632679
3.581244	0.622570
3.787208	0.648789
3.986854	0.655107
4.183972	0.640260
4.379511	0.679115
4.584527	0.687960
4.788911	0.689224
4.988557	0.723972
5.186307	0.735345
5.382794	0.708809
5.584335	0.739451
5.783665	0.750508
5.990261	0.755246
6.189590	0.788099
6.385761	0.796628
6.588882	0.754930
6.782842	0.764407
6.984067	0.781150
7.187503	0.807053
7.389360	0.828218
7.590586	0.827270
7.789599	0.791258
7.982296	0.790310
8.185416	0.814003
8.383482	0.851594
8.585340	0.882552
8.781826	0.883184
8.989054	0.824111
9.184909	0.799156
9.377920	0.839590
9.583568	0.891397
9.786057	0.921407
9.980965	0.906560
9.788268	0.851594
9.590518	0.782729
9.382659	0.816846
9.181118	0.881604
8.988421	0.883184
8.791619	0.873707
8.583444	0.826322
8.383482	0.745769
8.180046	0.789363
7.984823	0.852858
7.787072	0.861387
7.592165	0.853489
7.387465	0.818109
7.180870	0.731238
6.984067	0.752719
6.785369	0.816214
6.587934	0.819373
6.388920	0.800419
6.188327	0.762196
5.984890	0.685749
5.785245	0.705651
5.587810	0.758405
5.383110	0.774516
5.185044	0.750192
4.992348	0.693015
4.780382	0.651317
4.585475	0.654791
4.386145	0.699964
4.183972	0.695226
3.992224	0.678799
3.786892	0.628256
3.584719	0.596667
3.387600	0.584979
3.186375	0.595719
2.983255	0.600457
2.788663	0.577397
2.585859	0.527802
2.387161	0.511691
2.188147	0.485156
1.981235	0.484208
1.788539	0.480733
1.583207	0.452619
1.391775	0.402391
1.186443	0.361325
0.987429	0.276981
0.779254	0.135460
0.584663	-0.047437
0.386596	-0.282433
0.191373	-0.530379
-0.012062	-0.777693
-0.214524	-0.976366
-0.418251	-1.145348
-0.616291	-1.272321
-0.815280	-1.362340
-1.013636	-1.437197
-1.208203	-1.514898
-1.415719	-1.593545
-1.612813	-1.676931
-1.816855	-1.744840
-2.013632	-1.814960
-2.220833	-1.877815
-2.412556	-1.929299
-2.609650	-2.013000
-2.813060	-2.095438
-3.009521	-2.173139
-3.219249	-2.240100
-3.410025	-2.303271
-3.611540	-2.362651
-3.818109	-2.436877
-4.012360	-2.525632
-4.212927	-2.593857
-4.415074	-2.650079
-4.617853	-2.691456
-4.812735	-2.752100
-5.011408	-2.837697
-5.208185	-2.920450
-5.419492	-2.982358
-5.615953	-3.038896
-5.812415	-3.088485
-6.012982	-3.138706
-6.207233	-3.221144
-6.411907	-3.300739
-6.615317	-3.350013
-6.812410	-3.396443
-7.013926	-3.443821
-7.219863	-3.497201
-7.410955	-3.578691
-7.610891	-3.668394
-7.813037	-3.711982
-8.009500	-3.759044
-8.214805	-3.794736
-8.411898	-3.859802
-8.609939	-3.933712
-8.812717	-4.012044
-9.013285	-4.068266
-9.202798	-4.123857
-9.256493	-4.149756
-9.265653	-4.166812
-9.261230	-4.187659
-9.266601	-4.198398
-9.258072	-4.192081
-9.254598	-4.181973
-9.241016	-4.166812
-9.197744	-4.140281
-9.009810	-4.084059
-8.814928	-4.011096
-8.607411	-3.952663
-8.417583	-3.899915
-8.215436	-3.834849
-8.013921	-3.769152
-7.813354	-3.710403
-7.613101	-3.634913
-7.410007	-3.575849
-7.218284	-3.533524
-7.017084	-3.470037
-6.814937	-3.403708
-6.613106	-3.318743
-6.412854	-3.252729
-6.212286	-3.199666
-6.010140	-3.157026
-5.808625	-3.093223
-5.612479	-3.045213
-5.412543	-2.964670
-5.214186	-2.883811
-5.009512	-2.823167
-4.811788	-2.770420
-4.615326	-2.711039
-4.412863	-2.642183
-4.211664	-2.570168
-4.007306	-2.495942
-3.813371	-2.427086
-3.609013	-2.381603
-3.417290	-2.327276
-3.209773	-2.255893
-3.012048	-2.179140
-2.812744	-2.094491
-2.615019	-2.027845
-2.409398	-1.970360
-2.221148	-1.909084
-2.014264	-1.828857
-1.812433	-1.751473
-1.613128	-1.659875
-1.406875	-1.582806
-1.209782	-1.505422
-1.011741	-1.428985
-0.815596	-1.353496
-0.619134	-1.254634
-0.414460	-1.131450
-0.212945	-0.975418
-0.012062	-0.761585
0.191689	-0.521535
0.384385	-0.284960
0.586242	-0.058176
0.783993	0.145884
0.985850	0.294039
1.188338	0.340160
1.386089	0.385017
1.585419	0.425767
1.787591	0.481049
1.982499	0.519272
2.186251	0.545492
2.389056	0.520852
2.583331	0.516429
2.787084	0.548967
2.984518	0.591928
3.179425	0.627940
3.383810	0.638681
3.586614	0.625097
3.786576	0.593192
3.989381	0.616568
4.184288	0.677536
4.381722	0.712600
4.585475	0.715443
4.782278	0.702807
4.984450	0.652580
5.188203	0.677220
5.379004	0.759037
5.584967	0.785888
5.787772	0.785256
5.984890	0.775147
6.188959	0.708494
6.388605	0.717655
6.587303	0.801051
6.785369	0.834220
6.977749	0.825691
7.183397	0.795681
7.392519	0.741031
7.587111	0.754298
7.789284	0.826322
7.983875	0.872443
8.179414	0.880025
8.386326	0.850015
8.589130	0.789679
8.783090	0.866757
8.986210	0.908771
9.183013	0.904665
9.380763	0.898663
9.584831	0.863282
9.785425	0.826954
9.982860	0.837379
9.784162	0.872443
9.584831	0.898978
9.382975	0.888238
9.179538	0.850646
8.990949	0.825691
8.789723	0.808948
8.586603	0.833272
8.389800	0.861387
8.183520	0.855069
7.983243	0.827270
7.787704	0.815582
7.586163	0.800103
7.387465	0.797892
7.184660	0.828218
6.991016	0.801999
6.790423	0.772620
6.584775	0.798524
6.388288	0.765671
6.188643	0.733765
5.986786	0.759669
5.789351	0.731238
5.584967	0.719550
5.391007	0.736292
5.188835	0.710073
4.985082	0.680695
4.787964	0.696805
4.580105	0.684486
4.382354	0.683538
4.183972	0.685749
3.984010	0.654791
3.784997	0.618464
3.586614	0.622886
3.381283	0.597930
3.183216	0.603301
2.984834	0.592560
2.790243	0.568236
2.588070	0.524327
2.388424	0.500951
2.186883	0.492737
1.988185	0.491474
1.787907	0.474099
1.581628	0.447564
1.394934	0.387544
1.188654	0.334474
0.986481	0.270347
0.785888	0.151886
0.584663	-0.052491
0.381542	-0.282433
0.193585	-0.521851
-0.009851	-0.746424
-0.212313	-0.976682
-0.413513	-1.145348
-0.615344	-1.260951
-0.816227	-1.355707
-1.008899	-1.440356
-1.214836	-1.511107
-1.414456	-1.573331
-1.613128	-1.649452
-1.814012	-1.730942
-2.015527	-1.798535
-2.215463	-1.874972
-2.410345	-1.946671
-2.612492	-2.014895
-2.813376	-2.081225
-3.021524	-2.154187
-3.217354	-2.235678
-3.414763	-2.320959
-3.612804	-2.380339
-3.812740	-2.434350
-4.012360	-2.489625
-4.211664	-2.553427
-4.417601	-2.619757
-4.613747	-2.680717
-4.811156	-2.766314
-5.011092	-2.820325
-5.207869	-2.903079
-5.411280	-2.972882
-5.612163	-3.040791
-5.815573	-3.107436
-6.010771	-3.174082
-6.211655	-3.228409
-6.413170	-3.293159
-6.615317	-3.355066
-6.808936	-3.421396
-7.017716	-3.480461
-7.218599	-3.527523
-7.412218	-3.587219
-7.615944	-3.659866
-7.809247	-3.723353
-8.011710	-3.795683
-8.214805	-3.833586
-8.412846	-3.887281
-8.611834	-3.941293
-8.807347	-4.005411
-9.011390	-4.061949
-9.200586	-4.116276
-9.280498	-4.122593
-9.303871	-4.126067
-9.296290	-4.151336
-9.287447	-4.168392
-9.270706	-4.178184
-9.257756	-4.178184
-9.255861	-4.153862
-9.202482	-4.121329
-9.013917	-4.082795
-8.807980	-4.027521
-8.612466	-3.959296
-8.416951	-3.896125
-8.217648	-3.801053
-8.011079	-3.740725
-7.811774	-3.714193
-7.614681	-3.654496
-7.410323	-3.598906
-7.215756	-3.539526
-7.018032	-3.468142
-6.816201	-3.413499
-6.612474	-3.374018
-6.414118	-3.314953
-6.211023	-3.249255
-6.015825	-3.163658
-5.816521	-3.089749
-5.615637	-3.036685
-5.415070	-2.987727
-5.209133	-2.930558
-5.015830	-2.860438
-4.812103	-2.771051
-4.614694	-2.678506
-4.416969	-2.615967
-4.213243	-2.573642
-4.011728	-2.512682
-3.813687	-2.431823
-3.611540	-2.347490
-3.416342	-2.271685
-3.217038	-2.207883
-3.013628	-2.158609
-2.817482	-2.101440
-2.612176	-2.025319
-2.410029	-1.946039
-2.214200	-1.878130
-2.014580	-1.804220
-1.814012	-1.734417
-1.617866	-1.663349
-1.411613	-1.580280
-1.209782	-1.497210
-1.013952	-1.420141
-0.815596	-1.341809
-0.606816	-1.250843
-0.414145	-1.117553
-0.207892	-0.949518
-0.009219	-0.775798
0.194848	-0.529747
0.384385	-0.286539
0.581504	-0.057229
0.784308	0.128510
0.986165	0.257079
1.195920	0.348057
1.385457	0.429558
1.585419	0.461148
1.783801	0.468097
1.985658	0.468729
2.187199	0.483576
2.384001	0.539806
2.590281	0.571711
2.789611	0.600142
2.982623	0.590033
3.185743	0.574238
3.383494	0.580556
3.586614	0.622570
3.786260	0.669323
3.985274	0.679431
4.183024	0.663637
4.385197	0.655107
4.583263	0.661741
4.781962	0.692699
4.986662	0.733449
5.188835	0.731554
5.384058	0.749560
5.586231	0.732818
5.781454	0.734081
5.986470	0.749876
6.191802	0.783677
6.386709	0.792838
6.590461	0.765671
6.789475	0.783045
6.991333	0.782729
7.189083	0.775463
7.386833	0.818741
7.585847	0.823795
7.788968	0.807685
7.980716	0.837063
8.188259	0.826954
8.388221	0.811791
8.583128	0.853174
8.786565	0.852226
8.989054	0.849699
9.177958	0.882236
9.380763	0.875918
9.584516	0.839590
9.780686	0.870548
9.985703	0.873075
9.786057	0.871180
9.582936	0.898347
9.388660	0.874654
9.180801	0.811475
8.986210	0.821584
8.785933	0.814950
8.587234	0.847488
8.392327	0.862966
8.186680	0.841486
7.982612	0.796944
7.789599	0.781150
7.585847	0.797260
7.385570	0.826954
7.187503	0.842433
6.980908	0.815898
6.783789	0.759037
6.589514	0.727131
6.387025	0.747349
6.186748	0.780834
5.992156	0.793469
5.782718	0.769461
5.583072	0.712916
5.383742	0.666164
5.188203	0.691435
4.988557	0.738504
4.787332	0.739767
4.585791	0.714496
4.382986	0.671218
4.183972	0.604564
3.984958	0.628888
3.786576	0.669639
3.585667	0.649105
3.384442	0.634574
3.184480	0.587822
2.981991	0.520852
2.785504	0.532856
2.586490	0.563498
2.389372	0.546755
2.186251	0.514534
1.989448	0.479154
1.787276	0.436824
1.581628	0.417870
1.386089	0.429558
1.189286	0.377120
0.987429	0.294987
0.783993	0.150939
0.585294	-0.052175
0.383122	-0.285592
0.187267	-0.535749
-0.005429	-0.777693
-0.210102	-0.982367
-0.414145	-1.122922
-0.613449	-1.241368
-0.816543	-1.333597
-1.010478	-1.416035
-1.210414	-1.506685
-1.416035	-1.583754
-1.613444	-1.659875
-1.810853	-1.728099
-2.015843	-1.812433
-2.216727	-1.894871
-2.410977	-1.965622
-2.615335	-2.037953
-2.813692	-2.106809
-3.005731	-2.186720
-3.211668	-2.261578
-3.413815	-2.321274
-3.618489	-2.403081
-3.811160	-2.458987
-4.013939	-2.500996
-4.215138	-2.559113
-4.416337	-2.641867
-4.616273	-2.713250
-4.810208	-2.778948
-5.013618	-2.818745
-5.213554	-2.849699
-5.419492	-2.901183
-5.615953	-2.986780
-5.815573	-3.070481
-6.013299	-3.144075
-6.214814	-3.193349
-6.413170	-3.236621
-6.618475	-3.301371
-6.813358	-3.384125
-7.015189	-3.476986
-7.217968	-3.542684
-7.410007	-3.582482
-7.614681	-3.626701
-7.812722	-3.677238
-8.017712	-3.778943
-8.217332	-3.858539
-8.416320	-3.904653
-8.612149	-3.936870
-8.814297	-3.978563
-9.013600	-4.060686
-9.191427	-4.151651
-9.222696	-4.185448
-9.241963	-4.193660
-9.269759	-4.181973
-9.298502	-4.163970
-9.289973	-4.158600
-9.255230	-4.177867
-9.219853	-4.188291
-9.181004	-4.180079
-9.013285	-4.116276
-8.807664	-4.051526
-8.613729	-3.987723
-8.416004	-3.945399
-8.212910	-3.886018
-8.013921	-3.813687
-7.812090	-3.735355
-7.610259	-3.651970
-7.406533	-3.590062
-7.219231	-3.534472
-7.014241	-3.474459
-6.809567	-3.409709
-6.611211	-3.330430
-6.414750	-3.267575
-6.211971	-3.211668
-6.011403	-3.154183
-5.816205	-3.109016
-5.613426	-3.037632
-5.413175	-2.955510
-5.212607	-2.904658
-5.003195	-2.839592
-4.808945	-2.778000
-4.615958	-2.707565
-4.412548	-2.635234
-4.214191	-2.564798
-4.012991	-2.500680
-3.813056	-2.427086
-3.614699	-2.370548
-3.418869	-2.296322
-3.216090	-2.237257
-3.012680	-2.174086
-2.817482	-2.114390
-2.612176	-2.047428
-2.410661	-1.969097
-2.217042	-1.903399
-2.015843	-1.814644
-1.814960	-1.732206
-1.611233	-1.657664
-1.413193	-1.580911
-1.208519	-1.494367
-1.006372	-1.397716
-0.817491	-1.323490
-0.615344	-1.235051
-0.413513	-1.134609
-0.213893	-0.975734
-0.012062	-0.760637
0.188846	-0.530379
0.383437	-0.286223
0.586242	-0.061967
0.783993	0.131037
0.987113	0.273190
1.189602	0.351532
1.383878	0.411552
1.585734	0.440299
1.780642	0.449460
1.984078	0.492737
2.187199	0.511691
2.385265	0.528117
2.586806	0.566657
2.787400	0.584347
2.983886	0.580872
3.184796	0.602353
3.387285	0.602037
3.584719	0.625097
3.785944	0.680379
3.989697	0.664584
4.181761	0.653528
4.386145	0.651317
4.584527	0.687329
4.787016	0.706282
4.987609	0.745453
5.188835	0.729975
5.382794	0.711653
5.584335	0.712600
5.783033	0.739135
5.986470	0.775147
6.192433	0.806737
6.387657	0.803262
6.592041	0.772620
6.783473	1.001013
6.982803	0.775147
7.185924	0.818109
7.385885	0.858228
7.587742	0.847803
7.790231	0.802630
7.982612	0.755246
8.186364	0.786520
8.385062	0.857596
8.589130	0.889817
8.791303	0.883500
8.987473	0.856017
9.182697	0.773568
9.382975	0.814950
9.585148	0.898978
9.785741	0.912562
9.987282	0.903085
9.785741	0.865493
9.579778	0.777043
9.386450	0.801051
9.181434	0.880656
8.986842	0.897083
8.787828	0.886974
8.585340	0.839590
8.383166	0.767882
8.185416	0.781465
7.982927	0.855701
7.787072	0.869916
7.588374	0.854753
7.384938	0.797260
7.184976	0.752719
6.979012	0.758405
6.783157	0.800735
6.589829	0.817793
6.388288	0.793785
6.187695	0.749244
5.986786	0.724604
5.781138	0.710705
5.585599	0.738820
5.385322	0.751771
5.187571	0.735977
4.987926	0.700280
4.786700	0.686381
4.585791	0.669007
4.385197	0.668375
4.179550	0.689856
3.988117	0.671534
3.787208	0.634890
3.584087	0.625097
3.384442	0.606144
3.183216	0.592876
2.992100	0.578661
2.791822	0.559391
2.593440	0.540121
2.384001	0.540753
2.183408	0.500951
1.979024	0.474415
1.779062	0.474099
1.584471	0.436508
1.387352	0.403655
1.187391	0.361325
0.986481	0.282667
0.783993	0.129458
0.581820	-0.046806
0.384701	-0.279275
0.191057	-0.537012
-0.014589	-0.778957
-0.211366	-0.982367
-0.413197	-1.141558
-0.615660	-1.266320
-0.814964	-1.359497
-1.010162	-1.435302
-1.210098	-1.520583
-1.409402	-1.601442
-1.611865	-1.686723
-1.815275	-1.754315
-2.008578	-1.820329
-2.210725	-1.885711
-2.413820	-1.931194
-2.612808	-2.010158
-2.813692	-2.100492
-3.015207	-2.174086
-3.215143	-2.237257
-3.421396	-2.301376
-3.610909	-2.375285
-3.813687	-2.457724
-4.014571	-2.536056
-4.216086	-2.589435
-4.411600	-2.641551
-4.617853	-2.701563
-4.805470	-2.768840
-5.013935	-2.839908
-5.216397	-2.899920
-5.412543	-2.952983
-5.612795	-2.985517
-5.819995	-3.025946
-6.009508	-3.085011
-6.210707	-3.175661
-6.415697	-3.270102
-6.614054	-3.341169
-6.812410	-3.401813
-7.020875	-3.453613
-7.216073	-3.505413
-7.404322	-3.563530
-7.615944	-3.623227
-7.814617	-3.693347
-8.012658	-3.759044
-8.212277	-3.823479
-8.413477	-3.905285
-8.609307	-3.965613
-8.811769	-4.047420
-9.013285	-4.110275
-9.188900	-4.161127
-9.243227	-4.166812
-9.267232	-4.169339
-9.282077	-4.165549
-9.295975	-4.164286
-9.284920	-4.161759
-9.266284	-4.164286
-9.246386	-4.164602
-9.189216	-4.155757
-9.015180	-4.102378
-8.808295	-4.016782
-8.610254	-3.950452
-8.420742	-3.901495
-8.215120	-3.855380
-8.012658	-3.794104
-7.808931	-3.733460
-7.605205	-3.657655
-7.409376	-3.585008
-7.219231	-3.541420
-7.016452	-3.485514
-6.813990	-3.414131
-6.616896	-3.339589
-6.414433	-3.248623
-6.210392	-3.185137
-6.008876	-3.149129
-5.817153	-3.096697
-5.613111	-3.035106
-5.407174	-2.970356
-5.208817	-2.891708
-5.007933	-2.823167
-4.810840	-2.766314
-4.614694	-2.710407
-4.414127	-2.640919
-4.212296	-2.563219
-4.013623	-2.479517
-3.812424	-2.415715
-3.608382	-2.370863
-3.418553	-2.314326
-3.215459	-2.249259
-3.013943	-2.171243
-2.811796	-2.094175
-2.611229	-2.018054
-2.416347	-1.956462
-2.215147	-1.891396
-2.013948	-1.816223
-1.815275	-1.731258
-1.612813	-1.652294
-1.411929	-1.571751
-1.210414	-1.503843
-1.015216	-1.439408
-0.815280	-1.353812
-0.609974	-1.266004
-0.409091	-1.144084
-0.209787	-0.986157
-0.004797	-0.762216
0.185371	-0.514270
0.383753	-0.283381
0.585610	-0.047753
0.784624	0.151570
0.984902	0.293091
1.197499	0.353112
1.386721	0.383122
1.583207	0.414395
1.786960	0.481049
1.991976	0.509796
2.186883	0.538226
2.387476	0.556548
2.583015	0.506953
2.786768	0.547703
2.984518	0.603301
3.184796	0.631099
3.386021	0.641208
3.588194	0.638049
3.788156	0.604880
3.987170	0.610566
4.184604	0.919827
4.383302	0.712600
4.582632	0.718286
4.786700	0.701228
4.987609	0.653528
5.188835	0.671218
5.384058	0.748296
5.586231	0.775147
5.782086	0.794417
5.987418	0.755562
6.184852	0.719550
6.387973	0.729659
6.591093	0.786520
6.782842	0.816214
6.984383	0.829481
7.187187	0.792838
7.391256	0.772620
7.585531	0.790942
7.790863	0.814634
7.984191	0.863914
8.181310	0.863914
8.386009	0.830745
8.586919	0.829481
8.787828	0.822532
8.985894	0.840222
9.183645	0.885711
9.381395	0.881288
9.582305	0.854437
9.787637	0.865493
9.986335	0.861071
9.783214	0.848435
9.585148	0.883815
9.381395	0.871180
9.184277	0.843065
8.983367	0.852226
8.795094	0.833588
8.586603	0.811160
8.381587	0.850331
8.186048	0.833588
7.978189	0.815898
7.787072	0.842749
7.588058	0.817477
7.381779	0.783993
7.182765	0.806421
6.985331	0.797260
6.782842	0.796944
6.588882	0.808316
6.388605	0.781150
6.184220	0.737556
5.988050	0.740083
5.779559	0.732186
5.585599	0.736608
5.384690	0.754930
5.183780	0.729975
4.986030	0.678799
4.782278	0.671534
4.583895	0.677852
4.384565	0.693015
4.184920	0.697753
3.988433	0.672482
3.790998	0.615936
3.589773	0.580240
3.386653	0.596983
3.181953	0.607407
2.984518	0.601721
2.791822	0.572659
2.583963	0.521168
2.386213	0.487999
2.189094	0.486735
1.984078	0.499687
1.786960	0.489894
1.580996	0.446932
1.387352	0.391651
1.186759	0.337317
0.986165	0.267820
0.784624	0.156309
0.584979	-0.043015
0.378383	-0.291277
0.191057	-0.522799
-0.008271	-0.737264
-0.214840	-0.962784
-0.414145	-1.137767
-0.616607	-1.256529
-0.817175	-1.349706
-1.011425	-1.427722
-1.211361	-1.502895
-1.414140	-1.589439
-1.615655	-1.662086
-1.807695	-1.751789
-2.009526	-1.829805
-2.217042	-1.894555
-2.410345	-1.962148
-2.612808	-2.043006
-2.812428	-2.107757
-3.013943	-2.174718
-3.216090	-2.246417
-3.414447	-2.312746
-3.611540	-2.376233
-3.808634	-2.437825
-4.007306	-2.506365
-4.215138	-2.567957
-4.413811	-2.631128
-4.618169	-2.686718
-4.810524	-2.743572
-5.011408	-2.806743
-5.212923	-2.866439
-5.413490	-2.928031
-5.614690	-2.987096
-5.816205	-3.040475
-6.012982	-3.102067
-6.212918	-3.192717
-6.411591	-3.291264
-6.615001	-3.350960
-6.816201	-3.406235
-7.017716	-3.461825
-7.217968	-3.533840
-7.410323	-3.615962
-7.614997	-3.688925
-7.811142	-3.755254
-8.012341	-3.823479
-8.217963	-3.854116
-8.414425	-3.901811
-8.609623	-3.979195
-8.814928	-4.044261
-9.012653	-4.085638
-9.203745	-4.119750
-9.295659	-4.104589
-9.325981	-4.098588
-9.308609	-4.134595
-9.300081	-4.159232
-9.281130	-4.163338
-9.279235	-4.148177
-9.275128	-4.128594
-9.201534	-4.123225
-9.015180	-4.108696
-8.808927	-4.061949
-8.609623	-4.002568
-8.415056	-3.943187
-8.210067	-3.844325
-8.002550	-3.780838
-7.812090	-3.737566
-7.610891	-3.679765
-7.409376	-3.611856
-7.219231	-3.527839
-7.016768	-3.432767
-6.815569	-3.381282
-6.612790	-3.338958
-6.412222	-3.285263
-6.212286	-3.220512
-6.010140	-3.140285
-5.816205	-3.063533
-5.619112	-3.016470
-5.412543	-2.973514
-5.205974	-2.925504
-5.012355	-2.850962
-4.810524	-2.771051
-4.613115	-2.700616
-4.414127	-2.626074
-4.214507	-2.567641
-4.015203	-2.495310
-3.809581	-2.418558
-3.610593	-2.343068
-3.417921	-2.274212
-3.213248	-2.224307
-3.014891	-2.163979
-2.813692	-2.092596
-2.606491	-2.030688
-2.410345	-1.946355
-2.211357	-1.876867
-2.016159	-1.798851
-1.814644	-1.735680
-1.611865	-1.662086
-1.410350	-1.588176
-1.215152	-1.512687
-1.007635	-1.442251
-0.815596	-1.359497
-0.615976	-1.254002
-0.413829	-1.121343
-0.212629	-0.959941
-0.013325	-0.769165
0.188846	-0.534801
0.384701	-0.289698
0.584663	-0.057545
0.784940	0.129458
0.987429	0.256448
1.187075	0.353112
1.387668	0.427031
1.585419	0.456725
1.786328	0.464307
1.985658	0.479786
2.186883	0.493685
2.388424	0.520220
2.585859	0.567288
2.789295	0.580872
2.980412	0.579924
3.182269	0.597614
3.384757	0.608671
3.590089	0.621622
3.786892	0.653528
3.988433	0.660793
4.181761	0.651948
4.383934	0.675325
4.577578	0.679115
4.781014	0.685433
4.995507	0.719234
5.190098	0.725236
5.382794	0.725236
5.584020	0.759037
5.785561	0.765039
5.985206	0.745453
6.194013	0.768830
6.399661	0.766618
6.587934	0.821900
6.782526	0.816846
6.984067	0.806737
7.184660	0.770725
7.388097	0.785256
7.591533	0.796312
7.791495	0.825059
7.983559	0.854753
8.186048	0.850646
8.383166	0.804210
8.591341	0.810528
8.785933	0.826322
8.987473	0.866125
9.178274	0.895819
9.382659	0.883500
9.589254	0.823795
9.786689	0.815582
9.983808	0.851278
9.786373	0.891397
9.581673	0.910035
9.385186	0.878761
9.184909	0.834220
8.988421	0.779886
8.786249	0.821900
8.586287	0.874339
8.384746	0.892976
8.184468	0.860439
7.982927	0.807053
7.784861	0.756194
7.586795	0.804210
7.387465	0.842749
7.182133	0.850015
6.982487	0.824743
6.785369	0.780518
6.587303	0.707862
6.388920	0.749244
6.187063	0.788731
5.985522	0.797576
5.785876	0.781150
5.586863	0.716075
5.383426	0.665848
5.188203	0.689856
4.984450	0.732502
4.786384	0.729975
4.585475	0.711337
4.382039	0.665532
4.183656	0.616568
3.986538	0.624466
3.785312	0.657634
3.586298	0.666480
3.382230	0.640576
3.184796	0.585294
2.982307	0.540437
2.788031	0.538858
2.588070	0.560023
2.384317	0.540121
2.186251	0.513270
1.985974	0.473468
1.786012	0.435244
1.579732	0.427979
1.390827	0.419134
1.186127	0.374592
0.984270	0.287405
0.788099	0.141462
0.582136	-0.043647
0.384701	-0.283381
0.189478	-0.527220
-0.014904	-0.783694
-0.211998	-0.979840
-0.412881	-1.140926
-0.617555	-1.260635
-0.815280	-1.359497
-1.009846	-1.445410
-1.211046	-1.532270
-1.409718	-1.605548
-1.612181	-1.677247
-1.813380	-1.741050
-2.017422	-1.813064
-2.218622	-1.889185
-2.410977	-1.959305
-2.611229	-2.012053
-2.815271	-2.073960
-3.016154	-2.144080
-3.213248	-2.243574
-3.421080	-2.314641
-3.611224	-2.378444
-3.812424	-2.440351
-4.015203	-2.482044
-4.212296	-2.547742
-4.413811	-2.633339
-4.615010	-2.711671
-4.811472	-2.778632
-5.008881	-2.846856
-5.214502	-2.880969
-5.412543	-2.957721
-5.615953	-3.041739
-5.817153	-3.107121
-6.008876	-3.182294
-6.212286	-3.224618
-6.413802	-3.265680
-6.619107	-3.338958
-6.813358	-3.434662
-7.013610	-3.499096
-7.217336	-3.567636
-7.410007	-3.608382
-7.610891	-3.651338
-7.816196	-3.714509
-8.013289	-3.794104
-8.213541	-3.868646
-8.415056	-3.908759
-8.602042	-3.937818
-8.804821	-3.962770
-9.013917	-4.031627
-9.205641	-4.109959
-9.255546	-4.149441
-9.276076	-4.156705
-9.295659	-4.152283
-9.310820	-4.146282
-9.297870	-4.146598
-9.277339	-4.153547
-9.245122	-4.159232
-9.198060	-4.141228
-9.012021	-4.074583
-8.813349	-4.002252
-8.614045	-3.955190
-8.416320	-3.908759
-8.215120	-3.858539
-8.012658	-3.794736
-7.811142	-3.728722
-7.615313	-3.659234
-7.410007	-3.600169
-7.217652	-3.533840
-7.020558	-3.479829
-6.816833	-3.410025
-6.615317	-3.345275
-6.414118	-3.280209
-6.211971	-3.224303
-6.010456	-3.143128
-5.816521	-3.070481
-5.618480	-3.010153
-5.412227	-2.940033
-5.213554	-2.885075
-5.013303	-2.821904
-4.807365	-2.764418
-4.614378	-2.707565
-4.411916	-2.648500
-4.208505	-2.584697
-4.014571	-2.531634
-3.813056	-2.466883
-3.612488	-2.388236
-3.416658	-2.325381
-3.217985	-2.249259
-3.014891	-2.184509
-2.819377	-2.115021
-2.610597	-2.039216
-2.412556	-1.947303
-2.216727	-1.870234
-2.014580	-1.808011
-1.815591	-1.734417
-1.609022	-1.664297
-1.410666	-1.569541
-1.211361	-1.475100
-1.007004	-1.405928
-0.816859	-1.326648
-0.615976	-1.246737
-0.410670	-1.142821
-0.206944	-0.979840
-0.009851	-0.761269
0.186319	-0.522799
0.384701	-0.285908
0.586242	-0.060387
0.784940	0.136723
0.995642	0.269083
1.188338	0.359429
1.381350	0.422293
1.584787	0.444089
1.788855	0.449775
1.984394	0.475363
2.186567	0.505057
2.388424	0.529381
2.587754	0.568552
2.789927	0.573922
2.985150	0.566025
3.185112	0.570447
3.380019	0.597614
3.585351	0.633626
3.787208	0.668375
3.987170	0.672797
4.184920	0.646262
4.383302	0.646894
4.584211	0.682274
4.788911	0.716075
4.980344	0.755878
5.189782	0.748612
5.382794	0.725236
5.583704	0.680695
5.784613	0.727447
5.991840	0.781465
6.192433	0.815582
6.388920	0.813055
6.589514	0.775779
6.784737	0.715443
6.985014	0.765039
7.185608	0.837063
7.382727	0.859807
7.584899	0.853174
7.787704	0.814318
7.979136	0.746717
8.184153	0.787152
8.385694	0.875602
8.585971	0.886974
8.783405	0.886974
8.988106	0.845908
9.182697	0.786520
9.384870	0.824427
9.585779	0.898663
9.787320	0.918248
9.984123	0.917932
9.784793	0.855701
9.582936	0.801683
9.381395	0.808316
9.186488	0.880656
8.985894	0.891397
8.789408	0.876234
8.590394	0.826954
8.384114	0.797576
8.179730	0.800103
7.985138	0.839590
7.782966	0.852858
7.585531	0.832009
7.387465	0.811160
7.183081	0.778306
6.984383	0.772304
6.785369	0.792522
6.590146	0.801683
6.388288	0.781781
6.186431	0.752087
5.991524	0.731870
5.785876	0.724604
5.584967	0.722077
5.381846	0.747665
5.186307	0.718918
4.989505	0.705019
4.780382	0.695858
4.581052	0.681958
4.382354	0.666795
4.188711	0.681011
3.988433	0.652580
3.788787	0.644051
3.586614	0.635838
3.382862	0.605196
3.186059	0.580872
2.980727	0.583083
2.786452	0.559075
2.587754	0.553389
2.386845	0.532224
2.190674	0.497160
1.991344	0.462095
1.778746	0.460832
1.581312	0.437456
1.392091	0.416606
1.180125	0.372381
0.983638	0.281403
0.786836	0.144621
0.585926	-0.058176
0.385017	-0.283697
0.190110	-0.540170
-0.016168	-0.777693
-0.215156	-0.978893
-0.410986	-1.142505
-0.615344	-1.262846
-0.816227	-1.356339
-1.010478	-1.436882
-1.213572	-1.515529
-1.410982	-1.602074
-1.609970	-1.677563
