# Configuration automatically generated by WRITE_CONFIG()
connection eth
ip 192.168.0.10
samplehz 1000.000000
settleus 10.000000
nsample 128

# Analog Inputs
aichannel 0
ainegative 199
airange 10.000000
airesolution 0

aichannel 1
ainegative 199
airange 10.000000
airesolution 0

# Analog Outputs
aochannel 0
aosignal triangle
aofrequency 5.000000
aoamplitude 2.000000
aooffset 2.500000
aoduty 0.500000

# Meta Parameters
int:periods 10
flt:tip_T_C 260.810452
flt:plate_T_C 299.398300
flt:plate_Q_kW 0.969292
flt:cool_Thigh_C 50.482880
flt:cool_Tlow_C 16.172191
flt:air_psig 20.000000
flt:water_gph 6.000000
flt:standoff_in 0.233000
flt:oxygen_scfh 12.871094
flt:fuel_scfh 7.112937
flt:flow_scfh 19.984031
flt:ratio_fto 0.552629

## End Configuration ##
#: Fri Apr  7 09:29:08 2017
-6.412854	-3.197771
-9.350302	-4.106168
-9.336720	-4.108379
-9.320928	-4.109643
-9.289658	-4.103958
-9.218274	-4.091323
-9.000650	-4.006674
-8.818402	-3.973510
-8.610887	-3.892019
-8.407792	-3.855380
-8.215120	-3.806422
-8.021502	-3.724300
-7.810511	-3.654496
-7.612786	-3.615962
-7.410639	-3.534788
-7.211019	-3.488989
-7.021822	-3.420764
-6.815253	-3.310531
-6.609000	-3.274839
-6.418856	-3.223039
-6.207865	-3.136179
-6.013614	-3.099540
-5.817469	-3.017734
-5.610584	-2.957406
-5.418228	-2.887918
-5.215134	-2.816850
-5.007933	-2.745151
-4.806102	-2.700300
-4.619748	-2.634918
-4.410020	-2.559113
-4.216718	-2.514261
-4.001621	-2.429297
-3.820004	-2.374338
-3.611540	-2.284319
-3.412552	-2.229045
-3.221144	-2.173139
-3.015523	-2.095754
-2.805795	-2.027214
-2.610597	-1.967833
-2.408134	-1.883816
-2.211357	-1.810853
-2.024055	-1.756526
-1.810538	-1.655137
-1.610286	-1.603021
-1.419825	-1.530690
-1.206624	-1.422036
-1.009215	-1.384450
-0.817807	-1.267899
-0.612185	-1.157982
-0.418567	-1.048380
-0.212313	-0.859815
-0.006060	-0.634295
0.189478	-0.449836
0.375540	-0.223368
0.596035	-0.007640
0.773884	0.127878
0.993747	0.279192
1.184548	0.294987
1.382614	0.345846
1.584787	0.367011
1.787591	0.380279
1.981867	0.404602
2.185935	0.434297
2.390319	0.437140
2.580804	0.456409
2.802247	0.448828
2.978200	0.442826
3.186059	0.505373
3.392971	0.500635
3.585667	0.507268
3.785944	0.548335
3.989697	0.518641
4.181129	0.521484
4.386461	0.561602
4.584527	0.562866
4.781962	0.580556
4.992664	0.608039
5.189150	0.568868
5.377424	0.560339
5.593812	0.601721
5.777347	0.584347
5.990261	0.647210
6.188011	0.625413
6.382602	0.596983
6.591409	0.599826
6.787580	0.622254
6.979329	0.634574
7.187503	0.680063
7.393467	0.671218
7.577950	0.626677
7.798129	0.618148
7.975662	0.628572
8.177835	0.699964
8.394539	0.711021
8.587551	0.679431
8.778983	0.640892
8.991264	0.624781
9.176064	0.640576
9.382027	0.717339
9.593677	0.712284
9.780686	0.687329
9.985387	0.669323
9.794271	0.635522
9.575355	0.647842
9.385818	0.739135
9.179854	0.716391
8.984315	0.716391
8.788460	0.638049
8.583760	0.592560
8.380323	0.642787
8.183205	0.720182
7.987982	0.703755
7.774753	0.668375
7.596272	0.608987
7.377040	0.560971
7.188767	0.638681
6.985646	0.654160
6.782210	0.666795
6.590461	0.649421
6.390816	0.567920
6.183904	0.540121
5.990261	0.620359
5.787140	0.641524
5.578333	0.647210
5.386901	0.604564
5.183780	0.521168
4.981923	0.530013
4.792070	0.583083
4.588002	0.574238
4.387724	0.591296
4.183024	0.533488
3.986854	0.489262
3.787208	0.477890
3.587562	0.505689
3.380967	0.523695
3.185743	0.527802
2.991152	0.468729
2.778555	0.427663
2.600390	0.427663
2.372945	0.432717
2.191305	0.463359
1.985342	0.418502
1.777799	0.379331
1.584155	0.350584
1.393354	0.341108
1.183916	0.306359
0.983954	0.267504
0.790942	0.124088
0.574554	-0.028486
0.393862	-0.210418
0.190110	-0.457732
-0.019326	-0.654194
-0.207260	-0.861710
-0.417303	-1.043327
-0.622609	-1.160193
-0.813069	-1.266952
-1.012373	-1.370552
-1.215152	-1.437829
-1.407507	-1.524689
-1.617866	-1.609654
-1.813064	-1.676615
-2.009842	-1.753052
-2.218937	-1.843386
-2.398343	-1.893923
-2.620073	-1.979204
-2.811796	-2.030688
-3.012680	-2.113442
-3.217985	-2.179771
-3.421712	-2.241363
-3.611224	-2.296322
-3.812108	-2.374022
-4.012676	-2.431508
-4.205031	-2.526264
-4.421391	-2.587540
-4.605535	-2.639024
-4.816525	-2.727148
-5.015514	-2.775789
-5.205027	-2.843382
-5.417597	-2.926768
-5.616269	-2.979831
-5.815889	-3.039212
-6.015509	-3.105857
-6.205970	-3.146602
-6.410644	-3.223987
-6.621003	-3.316848
-6.814937	-3.345591
-7.007293	-3.392969
-7.225232	-3.469406
-7.406848	-3.503518
-7.615313	-3.601117
-7.814933	-3.650706
-8.013289	-3.719563
-8.216068	-3.777048
-8.422637	-3.826005
-8.610570	-3.868330
-8.805137	-3.957717
-9.020865	-4.025310
-9.199324	-4.077110
-9.304502	-4.101431
-9.329771	-4.091639
-9.353460	-4.086586
-9.362620	-4.092903
-9.347775	-4.093534
-9.338299	-4.086901
-9.321243	-4.073004
-9.213221	-4.020888
-9.010758	-3.973510
-8.817455	-3.916340
-8.602042	-3.865803
-8.419794	-3.844325
-8.218595	-3.758097
-8.003182	-3.693662
-7.815565	-3.672184
-7.608364	-3.600801
-7.411586	-3.567636
-7.211335	-3.509203
-7.012346	-3.421080
-6.812726	-3.366121
-6.617528	-3.305161
-6.409380	-3.219565
-6.205022	-3.164606
-6.019615	-3.094802
-5.809888	-3.006995
-5.623218	-2.959932
-5.406226	-2.884443
-5.207237	-2.849067
-5.013303	-2.787791
-4.800733	-2.714513
-4.606166	-2.627022
-4.416337	-2.574906
-4.215454	-2.498469
-4.010780	-2.464041
-3.820952	-2.381287
-3.596379	-2.313694
-3.418553	-2.248628
-3.220512	-2.163031
-3.007626	-2.093859
-2.814008	-2.041427
-2.614388	-1.962779
-2.405923	-1.883500
-2.219885	-1.814328
-2.016475	-1.730626
-1.808642	-1.668087
-1.615655	-1.622604
-1.419825	-1.528479
-1.202202	-1.444146
-1.018690	-1.373395
-0.810542	-1.272637
-0.619766	-1.192410
-0.414460	-1.040800
-0.209155	-0.866764
-0.006692	-0.638717
0.188846	-0.425199
0.386596	-0.218946
0.593824	-0.024696
0.781781	0.171472
0.987429	0.255184
1.177598	0.297830
1.391775	0.333842
1.583207	0.353427
1.775903	0.406814
1.985342	0.432401
2.186251	0.415343
2.384949	0.425136
2.588070	0.421345
2.791822	0.444405
2.984518	0.502214
3.187323	0.515166
3.386969	0.478206
3.580297	0.505373
3.802687	0.505057
3.979272	0.516745
4.190290	0.589401
4.381407	0.553389
4.580420	0.564130
4.790175	0.572975
4.986978	0.555284
5.182517	0.566973
5.378372	0.630783
5.588442	0.596035
5.776084	0.604880
5.995315	0.607723
6.182009	0.576765
6.393659	0.622254
6.592988	0.631415
6.781578	0.627309
6.984699	0.641208
7.187503	0.657950
7.384306	0.611514
7.588690	0.656371
7.786757	0.651317
7.974714	0.660793
8.190471	0.699333
8.385694	0.665216
8.578706	0.631415
8.793830	0.661425
8.982736	0.662057
9.183645	0.693015
9.385186	0.696805
9.584831	0.692067
9.787637	0.653844
9.993600	0.672166
9.783214	0.671850
9.579778	0.705335
9.389293	0.711968
9.173852	0.689540
8.995687	0.646894
8.776140	0.631415
8.587867	0.673429
8.386642	0.682274
8.178150	0.682906
7.981348	0.665216
7.790547	0.622254
7.584899	0.593192
7.389360	0.629836
7.186872	0.651001
6.973642	0.678799
6.793266	0.652580
6.586039	0.570132
6.377548	0.572975
6.194013	0.625097
5.982679	0.630152
5.783033	0.649105
5.588758	0.608671
5.381215	0.537594
5.184096	0.540437
4.998666	0.590665
4.786700	0.589085
4.576630	0.594455
4.393726	0.563498
4.176391	0.469993
3.993487	0.493053
3.784365	0.511059
3.585667	0.542965
3.391075	0.527486
3.187007	0.490842
2.982307	0.427031
2.787084	0.426399
2.589965	0.450407
2.381159	0.481681
2.191937	0.439035
1.980919	0.392598
1.791382	0.361325
1.585734	0.335421
1.382614	0.346794
1.191813	0.339212
0.981743	0.261502
0.783361	0.130721
0.588138	-0.035751
0.384385	-0.236003
0.185055	-0.450152
-0.007956	-0.651983
-0.212313	-0.890453
-0.422357	-1.030377
-0.604605	-1.142189
-0.824124	-1.285271
-1.004477	-1.358550
-1.208203	-1.468467
-1.420773	-1.525637
-1.612497	-1.593545
-1.810222	-1.668719
-2.018686	-1.761264
-2.219569	-1.808011
-2.408134	-1.903399
-2.623231	-1.957410
-2.802637	-2.043638
-3.023735	-2.132709
-3.216722	-2.161768
-3.408762	-2.238205
-3.615015	-2.312746
-3.814319	-2.358861
-4.005411	-2.426138
-4.219244	-2.503522
-4.413179	-2.541109
-4.611220	-2.642498
-4.820316	-2.703458
-5.008881	-2.753363
-5.202500	-2.861070
-5.419807	-2.921082
-5.609636	-2.971619
-5.818732	-3.057531
-6.010456	-3.103962
-6.209760	-3.166817
-6.418224	-3.239148
-6.614686	-3.331061
-6.813674	-3.352540
-7.012031	-3.427397
-7.224285	-3.466247
-7.397689	-3.549633
-7.619735	-3.610909
-7.807036	-3.661445
-8.017079	-3.731565
-8.216384	-3.765993
-8.415056	-3.825374
-8.609307	-3.901811
-8.811769	-3.972562
-9.012021	-4.016150
-9.210378	-4.086586
-9.305450	-4.091639
-9.331035	-4.095745
-9.349670	-4.104589
-9.341774	-4.111538
-9.327876	-4.111854
-9.337667	-4.099535
-9.300713	-4.095745
-9.216063	-4.052473
-9.006336	-3.999726
-8.808611	-3.940029
-8.610887	-3.911286
-8.426743	-3.836745
-8.208488	-3.749885
-8.009500	-3.728722
-7.825672	-3.667762
-7.602047	-3.601433
-7.425800	-3.583113
-7.211967	-3.451718
-7.017084	-3.404024
-6.815885	-3.332325
-6.616580	-3.277366
-6.413802	-3.224934
-6.214498	-3.172187
-6.012035	-3.075219
-5.817469	-3.042370
-5.620059	-2.958037
-5.403067	-2.905921
-5.218608	-2.862649
-5.011408	-2.776105
-4.811472	-2.704722
-4.617221	-2.650079
-4.415074	-2.585960
-4.208821	-2.532897
-4.008569	-2.465304
-3.811792	-2.385393
-3.610909	-2.312746
-3.420764	-2.242311
-3.207878	-2.169033
-3.010785	-2.117548
-2.821272	-2.037637
-2.607123	-1.958989
-2.418874	-1.887606
-2.213252	-1.791586
-2.021213	-1.747998
-1.818750	-1.668719
-1.612497	-1.594809
-1.408771	-1.514266
-1.212625	-1.450148
-1.003213	-1.339598
-0.811805	-1.290641
-0.622924	-1.171248
-0.403721	-1.033535
-0.227790	-0.862026
-0.018695	-0.618818
0.198323	-0.424568
0.379963	-0.239161
0.580872	-0.010798
0.792838	0.146200
0.978584	0.216329
1.188338	0.294039
1.394618	0.343003
1.569308	0.380594
1.780958	0.429874
1.994819	0.407446
2.177722	0.373961
2.392847	0.408077
2.582384	0.433349
2.789295	0.494001
2.985782	0.509796
3.185743	0.483892
3.378755	0.458305
3.589142	0.479786
3.793842	0.521800
3.981799	0.567288
4.190922	0.569500
4.378563	0.554969
4.589266	0.538858
4.783225	0.523379
4.979080	0.579608
5.189466	0.624781
5.383110	0.612146
5.581808	0.587506
5.787772	0.573922
5.986154	0.561918
6.187063	0.630152
6.391763	0.652896
6.585407	0.620043
6.784421	0.631415
6.995755	0.612146
7.178974	0.592560
7.390624	0.668059
7.585847	0.677852
7.788968	0.676904
7.986402	0.662689
8.187628	0.635522
8.383482	0.622886
8.584392	0.701228
8.793514	0.686697
8.976102	0.681643
9.191543	0.671218
9.373814	0.666164
9.589254	0.669639
9.785741	0.684801
9.981912	0.715127
9.779107	0.699333
9.587358	0.694278
9.380132	0.654791
9.183645	0.675325
8.989054	0.668375
8.779614	0.694910
8.594185	0.679115
8.383166	0.660162
8.176255	0.665216
7.988929	0.629204
7.787704	0.637417
7.583004	0.662373
7.389676	0.636785
7.184029	0.648474
6.989753	0.639313
6.786001	0.593824
6.584775	0.592244
6.388605	0.631099
6.192118	0.622886
5.978889	0.642472
5.786508	0.606775
5.581492	0.560339
5.391955	0.582451
5.189150	0.577081
4.984135	0.587190
4.781646	0.598562
4.582316	0.560971
4.381722	0.499371
4.184920	0.528433
3.988433	0.505373
3.781522	0.542649
3.599566	0.546124
3.384442	0.477890
3.177530	0.455777
2.991784	0.461464
2.789295	0.450091
2.588070	0.471888
2.393794	0.469993
2.181197	0.411552
1.985974	0.387228
1.789487	0.368275
1.576889	0.351216
1.382930	0.371433
1.195920	0.334790
0.977320	0.239073
0.791890	0.133880
0.579608	-0.046490
0.379963	-0.229685
0.192005	-0.443835
-0.005113	-0.677251
-0.219578	-0.870554
-0.414145	-0.985210
-0.609027	-1.158930
-0.821281	-1.265057
-1.006056	-1.364235
-1.219890	-1.452990
-1.408455	-1.524058
-1.612813	-1.602074
-1.811485	-1.681353
-2.015527	-1.739154
-2.218937	-1.826962
-2.412872	-1.910348
-2.609018	-1.969097
-2.815271	-2.058167
-3.020576	-2.082804
-3.209457	-2.167137
-3.422975	-2.263473
-3.615015	-2.307377
-3.803896	-2.368653
-4.018992	-2.448880
-4.210084	-2.490572
-4.415390	-2.574906
-4.621959	-2.631128
-4.810208	-2.687350
-5.006038	-2.774210
-5.219240	-2.843066
-5.412543	-2.879389
-5.609004	-2.980463
-5.822206	-3.030368
-6.003191	-3.088485
-6.219235	-3.159868
-6.406221	-3.207246
-6.610579	-3.279261
-6.816833	-3.339274
-7.019295	-3.382862
-7.215756	-3.445717
-7.416008	-3.538262
-7.608364	-3.566689
-7.815248	-3.669026
-8.021817	-3.708508
-8.206277	-3.756833
-8.414109	-3.853801
-8.616887	-3.922973
-8.805137	-3.963086
-9.008231	-4.034470
-9.216695	-4.075215
-9.301028	-4.091007
-9.331983	-4.094798
-9.344300	-4.104273
-9.343037	-4.110275
-9.346828	-4.099220
-9.336088	-4.090060
-9.307978	-4.078373
-9.218591	-4.064792
-9.007283	-4.009201
-8.820298	-3.967508
-8.615940	-3.881596
-8.414109	-3.825058
-8.213225	-3.770731
-8.021186	-3.716720
-7.810511	-3.654812
-7.617208	-3.617542
-7.409691	-3.516152
-7.211967	-3.483303
-7.025296	-3.398970
-6.810831	-3.325376
-6.612474	-3.298213
-6.417908	-3.235042
-6.209128	-3.144707
-6.012035	-3.099540
-5.820943	-3.031631
-5.610584	-2.963407
-5.417912	-2.915713
-5.210396	-2.830432
-5.000037	-2.746415
-4.811472	-2.704406
-4.619116	-2.623547
-4.407178	-2.559429
-4.223035	-2.525001
-4.006042	-2.427402
-3.816214	-2.372759
-3.611856	-2.290637
-3.411920	-2.222728
-3.213248	-2.162084
-3.020576	-2.117548
-2.809901	-2.019633
-2.612808	-1.964675
-2.414136	-1.868023
-2.214200	-1.822540
-2.025950	-1.754631
-1.810853	-1.663349
-1.606495	-1.602705
-1.414456	-1.528795
-1.201570	-1.446673
-1.006688	-1.370236
-0.814648	-1.291904
-0.612185	-1.154824
-0.416671	-1.018690
-0.219894	-0.832020
-0.009219	-0.643771
0.187898	-0.457417
0.376488	-0.224948
0.599826	-0.017431
0.776727	0.116190
0.988693	0.231808
1.186443	0.301305
1.384193	0.356271
1.582260	0.400180
1.786328	0.404918
1.975233	0.356271
2.189410	0.388808
2.387476	0.422608
2.577329	0.488631
2.796561	0.487999
2.975989	0.475679
3.188586	0.464938
3.391075	0.451671
3.585983	0.497160
3.782154	0.566025
3.993171	0.580872
4.177338	0.536963
4.386777	0.524959
4.585475	0.497160
4.773433	0.577713
4.990452	0.639944
5.193889	0.621307
5.380583	0.575502
5.589074	0.548651
5.783665	0.536647
5.985206	0.622254
6.194645	0.662373
6.387657	0.650369
6.582564	0.621938
6.789791	0.597614
6.981855	0.583715
7.176763	0.682906
7.391572	0.693647
7.580161	0.696490
7.789599	0.651948
7.978505	0.595087
8.183837	0.619095
8.382535	0.685433
8.585971	0.712916
8.786249	0.697437
8.988421	0.665848
9.179222	0.608039
9.384238	0.641208
9.586095	0.687329
9.774369	0.737240
9.989809	0.744822
9.787004	0.666480
9.575987	0.635206
9.385186	0.663952
9.179222	0.693962
8.986842	0.711337
8.789092	0.690488
8.586287	0.641208
8.379692	0.640260
8.185101	0.652580
7.983243	0.665532
7.782018	0.691119
7.596903	0.647210
7.376725	0.632363
7.193190	0.619411
6.977433	0.594455
6.783789	0.635838
6.590461	0.651001
6.393027	0.626677
6.182009	0.602669
5.987418	0.607091
5.785245	0.557180
5.580229	0.619411
5.391955	0.600457
5.184412	0.559707
4.983187	0.590033
4.790491	0.559075
4.582000	0.529697
4.381722	0.553705
4.184920	0.554021
3.983379	0.515482
3.791314	0.547703
3.591985	0.494317
3.380335	0.463991
3.184480	0.501582
2.989257	0.469045
2.782661	0.471572
2.588386	0.471888
2.382106	0.431138
2.189410	0.401444
1.988501	0.398600
1.780642	0.375224
1.580996	0.373645
1.393038	0.361009
1.185811	0.274454
0.983322	0.240021
0.786520	0.113663
0.579292	-0.014589
0.392914	-0.231896
0.184108	-0.459943
-0.013957	-0.645666
-0.210418	-0.839601
-0.413197	-1.032904
-0.617871	-1.172195
-0.812437	-1.278323
-1.017743	-1.380344
-1.212625	-1.430565
-1.408139	-1.528164
-1.615339	-1.606180
-1.816855	-1.646609
-1.998787	-1.745787
-2.223991	-1.833595
-2.406555	-1.879394
-2.614072	-1.973518
-2.814955	-2.027845
-3.012680	-2.092596
-3.213248	-2.191774
-3.421396	-2.252418
-3.604907	-2.297901
-3.810529	-2.386656
-4.019940	-2.429928
-4.207242	-2.525948
-4.419496	-2.597647
-4.611220	-2.645025
-4.812735	-2.725884
-5.013303	-2.777684
-5.217029	-2.825063
-5.410016	-2.902131
-5.613111	-2.995940
-5.817153	-3.021524
-6.014562	-3.114385
-6.209760	-3.145971
-6.409696	-3.211984
-6.621634	-3.287789
-6.810199	-3.342432
-7.013610	-3.403076
-7.220810	-3.464668
-7.411586	-3.507308
-7.614681	-3.577428
-7.813985	-3.645968
-8.012026	-3.694926
-8.214489	-3.776416
-8.422321	-3.833586
-8.606464	-3.863592
-8.813664	-3.951716
-9.019286	-4.003831
-9.205324	-4.068898
-9.302292	-4.101115
-9.309240	-4.109643
-9.339562	-4.111222
-9.347775	-4.112485
-9.337352	-4.109327
-9.319980	-4.102062
-9.301344	-4.099535
-9.205956	-4.071109
-9.018655	-4.042997
-8.813664	-3.946662
-8.600147	-3.891072
-8.422637	-3.865171
-8.221122	-3.782418
-8.007920	-3.700295
-7.815880	-3.665236
-7.614997	-3.585008
-7.399900	-3.523101
-7.223337	-3.481724
-7.012662	-3.381914
-6.805461	-3.346854
-6.619739	-3.295370
-6.411591	-3.193980
-6.210707	-3.144707
-6.018352	-3.079641
-5.808625	-3.028789
-5.617848	-2.980147
-5.413806	-2.898341
-5.211659	-2.837065
-5.008249	-2.780843
-4.816841	-2.703774
-4.610904	-2.631444
-4.413811	-2.603333
-4.212927	-2.503522
-4.014255	-2.454881
-3.820004	-2.359493
-3.603644	-2.299480
-3.418553	-2.261578
-3.220196	-2.181351
-3.009206	-2.099860
-2.817166	-2.030688
-2.616282	-1.946987
-2.405292	-1.867076
-2.221464	-1.822540
-2.014895	-1.727784
-1.802957	-1.672193
-1.618498	-1.619446
-1.417930	-1.503527
-1.205044	-1.436566
-1.019006	-1.370552
-0.810542	-1.274848
-0.617871	-1.171564
-0.414776	-1.020585
-0.204417	-0.848760
-0.003218	-0.658932
0.180949	-0.460891
0.387228	-0.206944
0.589401	-0.032592
0.775147	0.152202
0.991852	0.244444
1.181389	0.310782
1.393670	0.367011
1.585103	0.364800
1.780326	0.364484
1.979024	0.388176
2.190989	0.419134
2.382422	0.433033
2.588070	0.489894
2.785504	0.459252
2.980096	0.462095
3.188586	0.465886
3.384442	0.483892
3.585351	0.536647
3.784681	0.560971
3.985906	0.542965
4.184920	0.510427
4.382986	0.520536
4.583263	0.557812
4.786384	0.612146
4.991400	0.606144
5.188203	0.575502
5.382478	0.549914
5.584967	0.543596
5.783981	0.615936
5.990577	0.642787
6.179798	0.776727
6.393027	0.630152
6.587303	0.563182
6.776840	0.575502
6.979644	0.662689
7.192873	0.697437
7.377040	0.675009
7.593112	0.669639
7.784229	0.563498
7.981032	0.622570
8.191418	0.702492
8.383166	0.710073
8.581233	0.713232
8.790671	0.672797
8.988106	0.588769
9.182065	0.639313
9.387713	0.714812
9.575670	0.730290
9.785741	0.741031
9.992652	0.685433
9.779107	0.592560
9.579461	0.663637
9.389924	0.706914
9.175431	0.733133
8.992845	0.718286
8.779614	0.644051
8.584076	0.601405
8.384746	0.637733
8.185732	0.690488
7.975662	0.697437
7.793074	0.687013
7.585847	0.612146
7.388097	0.594455
7.189399	0.593508
6.976801	0.669007
6.793266	0.683538
6.592673	0.631415
6.390184	0.593508
6.189590	0.573922
5.986470	0.591296
5.781138	0.629836
5.588126	0.635522
5.383742	0.589401
5.184728	0.583715
4.992664	0.616568
4.779750	0.539806
4.573787	0.591612
4.387409	0.570132
4.175443	0.537910
3.989697	0.521484
3.785628	0.482313
3.585035	0.501582
3.388864	0.522431
3.188586	0.496212
2.976621	0.463675
2.792770	0.482313
2.584911	0.415027
2.386529	0.445037
2.191305	0.422293
1.974917	0.408393
1.787276	0.404918
1.586050	0.369222
1.385773	0.315836
1.182652	0.309202
0.992483	0.257711
0.779886	0.115558
0.590349	-0.016484
0.385333	-0.248637
0.174315	-0.437518
-0.005113	-0.639665
-0.207260	-0.877503
-0.423936	-1.039537
-0.611870	-1.167142
-0.818754	-1.288430
-1.011741	-1.362024
-1.205992	-1.451727
-1.410982	-1.533533
-1.612497	-1.596072
-1.806431	-1.672509
-2.020897	-1.774846
-2.217990	-1.821277
-2.410661	-1.916349
-2.611861	-1.964359
-2.812744	-2.048692
-3.018049	-2.121023
-3.214827	-2.178508
-3.416026	-2.248312
-3.612172	-2.320011
-3.815582	-2.367073
-4.008569	-2.433403
-4.223666	-2.529107
-4.406862	-2.569220
-4.616590	-2.662081
-4.821895	-2.692404
-5.005722	-2.746099
-5.208817	-2.844645
-5.428020	-2.918555
-5.609004	-2.972251
-5.814310	-3.053741
-6.014562	-3.073640
-6.203127	-3.145971
-6.416013	-3.223671
-6.618792	-3.281472
-6.806409	-3.342432
-7.018979	-3.433398
-7.218599	-3.451086
-7.407165	-3.523733
-7.617524	-3.582166
-7.805457	-3.653233
-8.017712	-3.723669
-8.218595	-3.771678
-8.410951	-3.821899
-8.609623	-3.875279
-8.815244	-3.966245
-9.006652	-4.013623
-9.216379	-4.085638
-9.298818	-4.098904
-9.324086	-4.098272
-9.342090	-4.102378
-9.333562	-4.116276
-9.330087	-4.118487
-9.307661	-4.127015
-9.295343	-4.103010
-9.207220	-4.068582
-9.014548	-3.996883
-8.804189	-3.927395
-8.615940	-3.884123
-8.418847	-3.811160
-8.207224	-3.750201
-8.014553	-3.711982
-7.815565	-3.643441
-7.611207	-3.607750
-7.416640	-3.539526
-7.211019	-3.474144
-7.019295	-3.417606
-6.815885	-3.339589
-6.612159	-3.272312
-6.404958	-3.208826
-6.220183	-3.149129
-6.003823	-3.047424
-5.821259	-3.037632
-5.615953	-2.928978
-5.409384	-2.895182
-5.219240	-2.836433
-5.015198	-2.752416
-4.807365	-2.699036
-4.624486	-2.660186
-4.417917	-2.577748
-4.206610	-2.503206
-4.021520	-2.462146
-3.806738	-2.365810
-3.610277	-2.332329
-3.428344	-2.264421
-3.209141	-2.163031
-3.011101	-2.118180
-2.820640	-2.030372
-2.607754	-1.945723
-2.414136	-1.895502
-2.216727	-1.816855
-2.012053	-1.745787
-1.814644	-1.688618
-1.619761	-1.596704
-1.405928	-1.509844
-1.213572	-1.465624
-1.009846	-1.345600
-0.815280	-1.284008
-0.621345	-1.167773
-0.410986	-1.042695
-0.217683	-0.871502
-0.016168	-0.650088
0.190741	-0.430885
0.388808	-0.220526
0.584663	-0.016800
0.792206	0.151255
0.981111	0.231176
1.190550	0.330367
1.387036	0.331631
1.576573	0.350584
1.786960	0.416606
1.988817	0.395442
2.179617	0.416606
2.391899	0.452303
2.584279	0.432717
2.785188	0.451039
2.990204	0.471888
3.183532	0.476311
3.382862	0.505057
3.595775	0.548967
3.790051	0.493369
3.986222	0.538858
4.192817	0.522115
4.378563	0.550230
4.589266	0.590665
4.785437	0.586874
4.982239	0.570132
5.187887	0.555916
5.389744	0.578661
5.574859	0.579924
5.791247	0.642156
5.981100	0.619095
6.187063	0.619095
6.396502	0.572343
6.584144	0.585926
6.784105	0.638049
6.984383	0.675009
7.184029	0.677220
7.386833	0.632995
7.587427	0.607091
7.783913	0.619411
7.985455	0.669954
8.182573	0.698069
8.380323	0.702807
8.588814	0.670902
8.784986	0.596983
8.985894	0.649737
9.185856	0.673745
9.382027	0.727763
9.587675	0.724920
9.784793	0.666795
9.983175	0.607723
9.784477	0.646262
9.590202	0.710073
9.375077	0.720182
9.189962	0.740083
8.982420	0.631099
8.784353	0.616884
8.591341	0.631731
8.380323	0.677852
8.177203	0.726500
7.991772	0.700596
7.782966	0.620359
7.587111	0.575818
7.395994	0.604564
7.173288	0.663637
6.990385	0.703123
6.787896	0.647842
6.577510	0.573922
6.388288	0.567288
6.195909	0.577713
5.983311	0.645630
5.789983	0.652896
5.579913	0.612146
5.377108	0.567604
5.190098	0.527170
4.988557	0.551494
4.777855	0.596351
4.588634	0.606775
4.374773	0.543912
4.186183	0.524011
3.989381	0.459568
3.781838	0.512955
3.591037	0.528749
3.386969	0.522747
3.186059	0.494948
2.983571	0.455146
2.788979	0.427663
2.586490	0.448512
2.389688	0.470625
2.181513	0.443773
1.983762	0.427031
1.786012	0.367011
1.576889	0.330999
1.389248	0.349953
1.190550	0.308254
0.982059	0.254552
0.790310	0.131669
0.583399	-0.030697
0.382490	-0.226843
0.187898	-0.436570
-0.013325	-0.679147
-0.223368	-0.882873
-0.407196	-1.012057
-0.619134	-1.187988
-0.813701	-1.260319
-1.009215	-1.379080
-1.217047	-1.433723
-1.407507	-1.515529
-1.615655	-1.607443
-1.818118	-1.685459
-2.018054	-1.754947
-2.212305	-1.826962
-2.417610	-1.914454
-2.607439	-1.964675
-2.820009	-2.068907
-3.011417	-2.109336
-3.206615	-2.186089
-3.417921	-2.262525
-3.615330	-2.316221
-3.808634	-2.374970
-4.016466	-2.456144
-4.212612	-2.523737
-4.412863	-2.590067
-4.616273	-2.646605
-4.803891	-2.679138
-5.001932	-2.758101
-5.214818	-2.838644
-5.406542	-2.892339
-5.614690	-2.992149
-5.816205	-3.021524
-6.009508	-3.089749
-6.215129	-3.145023
-6.411275	-3.218617
-6.618792	-3.298213
-6.813674	-3.351592
-7.017084	-3.406867
-7.208808	-3.464984
-7.416324	-3.538262
-7.606784	-3.581850
-7.815565	-3.688925
-8.017079	-3.710719
-8.208488	-3.761255
-8.417899	-3.834533
-8.615624	-3.885386
-8.806716	-3.962770
-9.019602	-4.040155
-9.211641	-4.086586
-9.293447	-4.103642
-9.331350	-4.101115
-9.334193	-4.102694
-9.344300	-4.106484
-9.337036	-4.108696
-9.321559	-4.103010
-9.300081	-4.092271
-9.216379	-4.079637
-9.009495	-4.029732
-8.816507	-3.986775
-8.612149	-3.908128
-8.412213	-3.844957
-8.210382	-3.783681
-8.021502	-3.722405
-7.807036	-3.641862
-7.615944	-3.623859
-7.408744	-3.523101
-7.216704	-3.490568
-7.015505	-3.403708
-6.804830	-3.329166
-6.611843	-3.288737
-6.416960	-3.225250
-6.210707	-3.147550
-6.004138	-3.086906
-5.814626	-3.010153
-5.609636	-2.924872
-5.419492	-2.890128
-5.213871	-2.805164
-5.003827	-2.754943
-4.813367	-2.711987
-4.613747	-2.613756
-4.410968	-2.577748
-4.220192	-2.493415
-4.007938	-2.442247
-3.816214	-2.369600
-3.614383	-2.299480
-3.408130	-2.216727
-3.212300	-2.163663
-3.018997	-2.109020
-2.806743	-2.006999
-2.618178	-1.974782
-2.407819	-1.862654
-2.216095	-1.836753
-2.022792	-1.741050
-1.808642	-1.674720
-1.607443	-1.612181
-1.414456	-1.528164
-1.209466	-1.444146
-1.008899	-1.370868
-0.823808	-1.290957
-0.605237	-1.167458
-0.420462	-1.062910
-0.214840	-0.840864
-0.002586	-0.609343
0.186003	-0.440992
0.377435	-0.213261
0.592244	-0.014589
0.780518	0.140198
0.989008	0.253605
1.185495	0.286458
1.381666	0.325945
1.579417	0.393546
1.786328	0.415343
1.978392	0.401128
2.188462	0.427347
2.386529	0.403023
2.589649	0.441878
2.790874	0.464307
2.981991	0.495264
3.183848	0.490526
3.396446	0.487051
3.588510	0.494633
3.778679	0.511059
3.993171	0.551178
4.177654	0.555284
4.391515	0.560339
4.580737	0.559707
4.784805	0.560023
4.993296	0.569184
5.187255	0.578977
5.380267	0.597614
5.584967	0.594771
5.781770	0.601405
5.989313	0.594771
6.189590	0.576134
6.381023	0.612146
6.586355	0.637417
6.788528	0.635206
6.978065	0.629836
7.188767	0.641840
7.385570	0.605828
7.581740	0.663321
7.796233	0.659846
7.975977	0.673113
8.182573	0.686065
8.388536	0.661741
8.583128	0.643735
8.778352	0.650369
8.996634	0.686697
9.173536	0.692067
9.389293	0.732186
9.584516	0.648789
9.779107	0.648158
9.983808	0.685749
9.786689	0.694278
9.577250	0.720182
9.383923	0.728711
9.184277	0.652264
8.981788	0.631731
8.792883	0.664268
8.578706	0.667427
8.379060	0.714180
8.189838	0.703439
7.981032	0.615936
7.786440	0.609618
7.591218	0.602037
7.383358	0.661741
7.192558	0.688276
6.983435	0.653844
6.779999	0.601089
6.590461	0.574238
6.390500	0.593824
6.178534	0.630468
5.994999	0.665216
5.778295	0.620675
5.589074	0.591296
5.382794	0.510111
5.179990	0.564130
4.990452	0.613725
4.792386	0.603932
4.575050	0.576134
4.382986	0.524011
4.186183	0.473152
3.985590	0.502846
3.793526	0.564130
3.580297	0.528749
3.376228	0.518009
3.193957	0.472836
2.981675	0.405866
2.779502	0.458936
2.590913	0.480101
2.383054	0.460516
2.189410	0.439351
1.987237	0.377435
1.774640	0.335106
1.578785	0.372065
1.397461	0.364800
1.177914	0.304148
0.990272	0.263713
0.785572	0.092498
0.583715	-0.026907
0.386281	-0.234107
0.184739	-0.462786
-0.009219	-0.670303
-0.211682	-0.858552
-0.417303	-1.018374
-0.618818	-1.153560
-0.810858	-1.269479
-1.019006	-1.374342
-1.203465	-1.431828
-1.414772	-1.536692
-1.623552	-1.599547
-1.808642	-1.667771
-2.016475	-1.771056
-2.220833	-1.829489
-2.408450	-1.900240
-2.610597	-1.977625
-2.814955	-2.036374
-3.012364	-2.105230
-3.222407	-2.187668
-3.415395	-2.231256
-3.599538	-2.298217
-3.825690	-2.400238
-4.009833	-2.422032
-4.214822	-2.534792
-4.413495	-2.552796
-4.609641	-2.622916
-4.812419	-2.701879
-5.013618	-2.750837
-5.207869	-2.832643
-5.409069	-2.902447
-5.622902	-2.961196
-5.806729	-3.008574
-6.016141	-3.103646
-6.200916	-3.144391
-6.412222	-3.245781
-6.622582	-3.298528
-6.813674	-3.326008
-7.012978	-3.398654
-7.221442	-3.458982
-7.408744	-3.513625
-7.615313	-3.599854
-7.817144	-3.656076
-8.010447	-3.700611
-8.214805	-3.780838
-8.423584	-3.827585
-8.610254	-3.883175
-8.813033	-3.988671
-9.012653	-4.010465
-9.209746	-4.082163
-9.295027	-4.102378
-9.307661	-4.119750
-9.317137	-4.130489
-9.324086	-4.133964
-9.327876	-4.121645
-9.324086	-4.098588
-9.310820	-4.089112
-9.212274	-4.061317
-9.020234	-4.036365
-8.806716	-3.956453
-8.611834	-3.918867
-8.427059	-3.835165
-8.215436	-3.737566
-8.013289	-3.708508
-7.819039	-3.664288
-7.608364	-3.595116
-7.409060	-3.543947
-7.222390	-3.463089
-7.006661	-3.394232
-6.812410	-3.371807
-6.624477	-3.300108
-6.403695	-3.213563
-6.210392	-3.187032
-6.009192	-3.079957
-5.810835	-3.022787
-5.621007	-2.971619
-5.411280	-2.894235
-5.210080	-2.840223
-5.012671	-2.786844
-4.811472	-2.700616
-4.599533	-2.641867
-4.424866	-2.604596
-4.205663	-2.508260
-4.016466	-2.482676
-3.815582	-2.363599
-3.605223	-2.302955
-3.414447	-2.249575
-3.214195	-2.177245
-3.012680	-2.086594
-2.809901	-2.036690
-2.615335	-1.956462
-2.406239	-1.877183
-2.214515	-1.836438
-2.006367	-1.743892
-1.812433	-1.693987
-1.619761	-1.605232
-1.409718	-1.507633
-1.210098	-1.446673
-1.011425	-1.365183
-0.814332	-1.288746
-0.613449	-1.181987
-0.415408	-1.013005
-0.208207	-0.819070
-0.011430	-0.653246
0.185055	-0.452363
0.390703	-0.217683
0.578661	-0.032908
0.786204	0.151886
0.989008	0.198955
1.186759	0.306359
1.393986	0.360061
1.579101	0.388492
1.780010	0.405550
1.986290	0.399232
2.186251	0.373013
2.380211	0.422924
2.600390	0.462411
2.781398	0.481681
2.989573	0.512955
3.188271	0.461780
3.379387	0.446617
3.589458	0.513586
3.785312	0.548019
3.982431	0.566341
4.187131	0.561602
4.379511	0.524643
4.577893	0.527486
4.792386	0.572343
4.984135	0.587506
5.180621	0.614989
5.392903	0.610882
5.579281	0.562234
5.787456	0.583715
5.985838	0.580240
6.186748	0.639313
6.390184	0.652896
6.590461	0.612146
6.786316	0.611514
6.980276	0.611514
7.191610	0.627309
7.379251	0.665848
7.595008	0.687960
7.781702	0.641208
7.982296	0.678168
8.184784	0.639944
8.376848	0.649105
8.583760	0.700596
8.789092	0.679431
8.984947	0.671534
9.182697	0.682274
9.383923	0.646262
9.579778	0.670902
9.788268	0.711021
9.991705	0.676904
9.775001	0.714496
9.588306	0.716391
9.378552	0.639313
9.183013	0.687329
8.987158	0.677852
8.780562	0.672482
8.588182	0.688276
8.385062	0.680695
8.181310	0.625097
7.982927	0.644051
7.796549	0.667743
7.578897	0.629836
7.397258	0.674061
7.180870	0.632047
6.986594	0.619411
6.786001	0.601721
6.587618	0.605828
6.388605	0.622254
6.188327	0.651632
5.987733	0.623202
5.782086	0.590033
5.591917	0.562866
5.375213	0.570447
5.193889	0.612462
4.988873	0.613093
4.776907	0.570447
4.586422	0.545808
4.385829	0.502846
4.177970	0.529697
3.990328	0.541385
3.784997	0.547703
3.586614	0.516113
3.393286	0.472204
3.186059	0.444089
2.978516	0.468097
2.797824	0.491474
2.581752	0.458621
2.392847	0.465570
2.179933	0.377120
1.985342	0.376172
1.786960	0.383437
1.580048	0.376172
1.382298	0.365747
1.188338	0.319627
0.987745	0.212222
0.779886	0.116506
0.593824	-0.037330
0.375856	-0.248953
0.194216	-0.440676
-0.003534	-0.666512
-0.218946	-0.851287
-0.416987	-0.990579
-0.611554	-1.172511
-0.820965	-1.268847
-1.006372	-1.356970
-1.217363	-1.442251
-1.414140	-1.514898
-1.613444	-1.570488
-1.803273	-1.679774
-2.024055	-1.747367
-2.210725	-1.800430
-2.417294	-1.910979
-2.607439	-1.951409
-2.814955	-2.047428
-3.016154	-2.110915
-3.215459	-2.165874
-3.415710	-2.236310
-3.611856	-2.310535
-3.817162	-2.366757
-4.007622	-2.434034
-4.222403	-2.508576
-4.404335	-2.566062
-4.621643	-2.645657
-4.810840	-2.696510
-5.006354	-2.781159
-5.215134	-2.861070
-5.413175	-2.910975
-5.615953	-2.989623
-5.817469	-3.045845
-6.009824	-3.103330
-6.214182	-3.184821
-6.418224	-3.230936
-6.606789	-3.274839
-6.814305	-3.355698
-7.023717	-3.421712
-7.207860	-3.460562
-7.419799	-3.561003
-7.602678	-3.581534
-7.812722	-3.666499
-8.017712	-3.715456
-8.213541	-3.768836
-8.413161	-3.842746
-8.614361	-3.930238
-8.816507	-3.966561
-9.002862	-4.017413
-9.226171	-4.082795
-9.289342	-4.099535
-9.317769	-4.118171
-9.315242	-4.128278
-9.318400	-4.133016
-9.322190	-4.125120
-9.313031	-4.116591
-9.285235	-4.110906
-9.210062	-4.101747
-9.008862	-4.031627
-8.805452	-3.969719
-8.619730	-3.911602
-8.416320	-3.823795
-8.205960	-3.783997
-8.021186	-3.752411
-7.810511	-3.671237
-7.603942	-3.634913
-7.411902	-3.544579
-7.214493	-3.482671
-7.012346	-3.428029
-6.817464	-3.362331
-6.611527	-3.291895
-6.413802	-3.226198
-6.214814	-3.148498
-6.003191	-3.067007
-5.824101	-3.033211
-5.607741	-2.952668
-5.417281	-2.920450
-5.216713	-2.828221
-5.006354	-2.759681
-4.812103	-2.704090
-4.621327	-2.648816
-4.412548	-2.579643
-4.213875	-2.525001
-4.016782	-2.438456
-3.804843	-2.379708
-3.615015	-2.326328
-3.419816	-2.232519
-3.207246	-2.182614
-3.018049	-2.139026
-2.813060	-2.015843
-2.610597	-1.957410
-2.418558	-1.876235
-2.211989	-1.805168
-2.014580	-1.758737
-1.822856	-1.690513
-1.612813	-1.581543
-1.406560	-1.520583
-1.224943	-1.464361
-1.000371	-1.362024
-0.816859	-1.314962
-0.615976	-1.153560
-0.410670	-1.022796
-0.214209	-0.854130
-0.008587	-0.669039
0.197059	-0.445414
0.387228	-0.234107
0.575818	-0.023748
0.792206	0.121560
0.981111	0.234651
1.192761	0.328788
1.383562	0.360377
1.578785	0.387544
1.789171	0.384701
1.981235	0.356271
2.187515	0.403023
2.390635	0.447880
2.588701	0.477574
2.785820	0.481049
2.985466	0.446932
3.179741	0.426715
3.379387	0.494948
3.592616	0.541701
3.778363	0.551178
3.998542	0.576765
4.177022	0.499371
4.386145	0.505373
4.583895	0.544860
4.782278	0.605828
4.985082	0.618779
5.189150	0.604564
5.383426	0.547387
5.586863	0.531592
5.796617	0.595719
5.977625	0.643419
6.194013	0.667743
6.381971	0.614673
6.583196	0.595403
6.785685	0.590665
6.981855	0.629836
7.179606	0.691435
7.396310	0.692383
7.584268	0.652580
7.787704	0.632047
7.990825	0.608355
8.177203	0.650053
8.377796	0.734081
8.591658	0.717339
8.779614	0.652264
8.992528	0.655423
9.176064	0.614989
9.381711	0.684170
9.591782	0.719866
9.790480	0.696490
9.980332	0.676588
9.784477	0.672166
9.587043	0.646894
9.375393	0.681011
9.190595	0.720814
8.974523	0.688276
8.790987	0.676904
8.582497	0.649105
8.378744	0.637417
8.185416	0.671534
7.983243	0.677220
7.786757	0.652264
7.591218	0.649105
7.384622	0.639313
7.183712	0.615936
6.988805	0.631099
6.779683	0.627940
6.582880	0.640260
6.394607	0.633942
6.180429	0.596667
5.993104	0.596035
5.788088	0.583399
5.583388	0.617200
5.384374	0.594140
5.187887	0.586242
4.980660	0.568236
4.784805	0.558128
4.590213	0.549282
4.373825	0.548019
4.192185	0.554653
3.978324	0.528433
3.790998	0.541069
3.588194	0.475363
3.377492	0.476627
3.184796	0.493053
2.983571	0.488631
2.787715	0.476942
2.587122	0.459252
2.392847	0.399864
2.178986	0.410920
1.994819	0.421977
1.780642	0.378383
1.577205	0.381858
1.391459	0.352164
1.183600	0.271611
0.987429	0.234967
0.783045	0.123456
0.582767	-0.031645
0.384069	-0.229370
0.189162	-0.439413
-0.014589	-0.651035
-0.216104	-0.845602
-0.408143	-1.027850
-0.617555	-1.197148
-0.806120	-1.269163
-1.017743	-1.377501
-1.207571	-1.430880
-1.404664	-1.521531
-1.615339	-1.588808
-1.817802	-1.664929
-2.014580	-1.740418
-2.215779	-1.829489
-2.414451	-1.876551
-2.608070	-1.965306
-2.821904	-2.031320
-3.008890	-2.097965
-3.217670	-2.206935
-3.423291	-2.259999
-3.609013	-2.301060
-3.814319	-2.390446
-4.017413	-2.446353
-4.211664	-2.516473
-4.417917	-2.597015
-4.615642	-2.638077
-4.804523	-2.694930
-5.015830	-2.780211
-5.219240	-2.828221
-5.404331	-2.885706
-5.624166	-2.982042
-5.811152	-3.016470
-6.012982	-3.101435
-6.210707	-3.136179
-6.412222	-3.200613
-6.614369	-3.270102
-6.816516	-3.342432
-7.018348	-3.403076
-7.212914	-3.472564
-7.418220	-3.529102
-7.604889	-3.591010
-7.819986	-3.674711
-7.998760	-3.715772
-8.209751	-3.808318
-8.420426	-3.850958
-8.610887	-3.891703
-8.811454	-3.960875
-9.013600	-4.019624
-9.214800	-4.086901
-9.286183	-4.113117
-9.310188	-4.123540
-9.314610	-4.127015
-9.325981	-4.132069
-9.326297	-4.124488
-9.302608	-4.119434
-9.291237	-4.113749
-9.205641	-4.081532
-9.016443	-4.033522
-8.810190	-3.938766
-8.606780	-3.870225
-8.412846	-3.814950
-8.220806	-3.768520
-8.014553	-3.699980
-7.807668	-3.650706
-7.620366	-3.595747
-7.398005	-3.520890
-7.222390	-3.487725
-7.012346	-3.403076
-6.808620	-3.367701
-6.618160	-3.304846
-6.416329	-3.216722
-6.206917	-3.141233
-6.013299	-3.095118
-5.816205	-3.012048
-5.611847	-2.964670
-5.422334	-2.891076
-5.205342	-2.798846
-5.007617	-2.766945
-4.822526	-2.704090
-4.611852	-2.623547
-4.412548	-2.597331
-4.214822	-2.508576
-4.006990	-2.452354
-3.813687	-2.379392
-3.614699	-2.308324
-3.409077	-2.233783
-3.213563	-2.179140
-3.021840	-2.088490
-2.807059	-2.009526
-2.618494	-1.959305
-2.405923	-1.870866
-2.223044	-1.834543
-2.013000	-1.729679
-1.810538	-1.669666
-1.614392	-1.612497
-1.411297	-1.529427
-1.208519	-1.451411
-1.011741	-1.392662
-0.818123	-1.273269
-0.613449	-1.168089
-0.420777	-1.043959
-0.205365	-0.852867
-0.003849	-0.680094
0.183476	-0.457732
0.387228	-0.197468
0.582136	-0.041436
0.782413	0.140830
0.990588	0.254236
1.180441	0.313309
1.383562	0.366379
1.592052	0.365431
1.780958	0.357218
1.972390	0.399232
2.197623	0.435560
2.373261	0.439035
2.595020	0.479470
2.788663	0.421977
2.984518	0.437771
3.188586	0.484840
3.398657	0.507584
3.585667	0.535699
3.789735	0.547071
3.994751	0.502846
4.171968	0.494948
4.392463	0.549914
4.577261	0.570447
4.787648	0.618464
4.994243	0.580556
5.188519	0.524959
5.382794	0.535699
5.586863	0.589401
5.783033	0.639944
5.986786	0.658898
6.193697	0.622886
6.388920	0.561918
6.597727	0.572343
6.786948	0.624150
6.975538	0.676904
7.191294	0.710389
7.380199	0.652264
7.595008	0.606775
7.790231	0.578029
7.980716	0.682906
8.181941	0.719550
8.388853	0.710389
8.582497	0.669639
8.782142	0.619727
8.991581	0.600773
9.175116	0.690803
9.388029	0.732186
9.570932	0.713232
9.787637	0.711968
9.991705	0.624781
9.781634	0.611198
9.581041	0.701228
9.386450	0.746401
9.178591	0.708809
8.986842	0.688908
8.795094	0.598562
8.573967	0.612146
8.388853	0.704387
8.189523	0.703123
7.971239	0.680379
7.793390	0.659530
7.586479	0.584347
7.384938	0.607407
7.186872	0.660162
6.983119	0.665216
6.779051	0.654160
6.595832	0.620991
6.392711	0.567288
6.182325	0.586874
5.994683	0.637417
5.775452	0.629204
5.592233	0.620991
5.386269	0.554021
5.189782	0.564130
4.988241	0.560023
4.782909	0.577713
4.584843	0.577397
4.385513	0.553073
4.182393	0.519588
3.986222	0.516745
3.792262	0.485156
3.575558	0.505057
3.387916	0.537910
3.189850	0.488315
2.979464	0.455777
2.794034	0.469361
2.587122	0.422924
2.383370	0.448828
2.188147	0.436508
1.983446	0.401444
1.777167	0.394178
1.590789	0.375224
1.393038	0.312361
1.180441	0.305727
0.998169	0.253289
0.776727	0.112399
0.590981	-0.014589
0.381542	-0.245794
0.183476	-0.435307
-0.011430	-0.655142
-0.206944	-0.849392
-0.413513	-1.046170
-0.617871	-1.149770
-0.811490	-1.283376
-1.020901	-1.349390
-1.200938	-1.437513
-1.423932	-1.541745
-1.616287	-1.597652
-1.808327	-1.678510
-2.020265	-1.776741
-2.217358	-1.827594
-2.408766	-1.898029
-2.614703	-1.979204
-2.814323	-2.035426
-3.011101	-2.130814
-3.225882	-2.188300
-3.410025	-2.234098
-3.610593	-2.306113
-3.820636	-2.378444
-4.003831	-2.437509
-4.219560	-2.537635
-4.410652	-2.578696
-4.619748	-2.645341
-4.809577	-2.698720
-5.012987	-2.766945
-5.212291	-2.840855
-5.416965	-2.923925
-5.612795	-2.974146
-5.808625	-3.037948
-6.016141	-3.083431
-6.205338	-3.151024
-6.417592	-3.247044
-6.617844	-3.297581
-6.808620	-3.346854
-7.017716	-3.421396
-7.220494	-3.458667
-7.408112	-3.531313
-7.615629	-3.607434
-7.812406	-3.647548
-8.012974	-3.722405
-8.224280	-3.779891
-8.417583	-3.812108
-8.603937	-3.895809
-8.813981	-3.984880
-9.004441	-4.017413
-9.215432	-4.095114
-9.297554	-4.100483
-9.321875	-4.102378
-9.334509	-4.111222
-9.344300	-4.118171
-9.329140	-4.115013
-9.317769	-4.109959
-9.305766	-4.094166
-9.205956	-4.051842
-9.023076	-3.999094
-8.800714	-3.920130
-8.615308	-3.878437
-8.421373	-3.808949
-8.207224	-3.742936
-8.018974	-3.692715
-7.812722	-3.634598
-7.612786	-3.558793
-7.411271	-3.520574
-7.219231	-3.452665
-7.010767	-3.399918
-6.819043	-3.344643
-6.612159	-3.270417
-6.404326	-3.217038
-6.215445	-3.173766
-6.004138	-3.085326
-5.819995	-3.038896
-5.616585	-2.959932
-5.413175	-2.900552
-5.214818	-2.848752
-5.016461	-2.782738
-4.804523	-2.705038
-4.615010	-2.677243
-4.422023	-2.587540
-4.203136	-2.518999
-4.024678	-2.462461
-3.801053	-2.377496
-3.612804	-2.337067
-3.421396	-2.259367
-3.213879	-2.170296
-3.008258	-2.103019
-2.819377	-2.048692
-2.610913	-1.950461
-2.409398	-1.906873
-2.220517	-1.813380
-2.006367	-1.740418
-1.819381	-1.690829
-1.621657	-1.593230
-1.403401	-1.513318
-1.214836	-1.460571
-1.010794	-1.362340
-0.815280	-1.284324
-0.618818	-1.180408
-0.409407	-1.031640
-0.209471	-0.860447
-0.014904	-0.667460
0.185055	-0.425199
0.390387	-0.221473
0.582767	-0.026907
0.790310	0.161363
0.980795	0.244760
1.193709	0.321206
1.383878	0.333210
1.580996	0.366379
1.782221	0.394810
1.987869	0.406182
2.186567	0.420081
2.386213	0.451987
2.586174	0.413132
2.784557	0.463043
2.990836	0.479786
3.181637	0.472836
3.377808	0.523063
3.600198	0.519904
3.782470	0.484524
3.989381	0.530329
4.187131	0.536331
4.377300	0.557812
4.587370	0.599826
4.791122	0.569816
4.975289	0.534751
5.187255	0.576134
5.398589	0.594771
5.566961	0.603616
5.794722	0.653844
5.981416	0.601721
6.189590	0.585926
6.393027	0.587506
6.592988	0.622254
6.775576	0.651632
6.991333	0.687960
7.188451	0.630152
7.380831	0.619411
7.595324	0.600457
7.775068	0.660478
7.988929	0.720182
8.184468	0.695542
8.386957	0.669323
8.588498	0.618464
8.787512	0.613093
8.984631	0.671850
9.183645	0.729343
9.382975	0.712284
9.579778	0.688276
9.792690	0.629836
9.983491	0.617516
9.780686	0.703755
9.588306	0.742610
9.377604	0.724604
9.183013	0.693647
8.982420	0.601089
8.792566	0.620043
8.588814	0.709125
8.382535	0.728395
8.177519	0.705651
7.986086	0.660478
7.787704	0.570132
7.581425	0.605196
7.399469	0.663637
7.177395	0.685749
6.990385	0.685117
6.787264	0.608671
6.581932	0.541069
6.390184	0.589401
6.190854	0.651001
5.977625	0.647210
5.790299	0.650685
5.584020	0.568868
5.377424	0.535067
5.195785	0.568552
4.986030	0.580556
4.772801	0.605828
4.593372	0.593824
4.385513	0.507268
4.183972	0.491790
3.991908	0.504741
3.783733	0.538226
3.585667	0.553705
3.391707	0.520536
3.181953	0.454830
2.978200	0.461148
2.796876	0.449460
2.580488	0.455146
2.391267	0.477574
2.184040	0.420081
1.986290	0.396073
1.784117	0.364800
1.582576	0.354691
1.387036	0.352480
1.187707	0.327840
0.986481	0.236862
0.780834	0.130090
0.588138	-0.044911
0.378383	-0.228738
0.195796	-0.438781
-0.008587	-0.686411
-0.216104	-0.869291
-0.404669	-1.026587
-0.618502	-1.178513
-0.816859	-1.276112
-1.009530	-1.365183
-1.213257	-1.446673
-1.414140	-1.515845
-1.607443	-1.600178
-1.816223	-1.698725
-2.020265	-1.738523
-2.208199	-1.821908
-2.422664	-1.900240
-2.597015	-1.970044
-2.814323	-2.067959
-3.015839	-2.115653
-3.211353	-2.187984
-3.415710	-2.259999
-3.619752	-2.324749
-3.809265	-2.363915
-4.011412	-2.479833
-4.218297	-2.502891
-4.409073	-2.591330
-4.624486	-2.645973
-4.806418	-2.682296
-5.008249	-2.782106
-5.217345	-2.862649
-5.414122	-2.902131
-5.612163	-2.966881
-5.820311	-3.031000
-6.008561	-3.080273
-6.211655	-3.175345
-6.411907	-3.232515
-6.607105	-3.277366
-6.810199	-3.358225
-7.024981	-3.382862
-7.209440	-3.444137
-7.415061	-3.528155
-7.612786	-3.586588
-7.814617	-3.653865
-8.013605	-3.700295
-8.215120	-3.758097
-8.414741	-3.829480
-8.611834	-3.922657
-8.814612	-3.966877
-9.009810	-4.028152
-9.219853	-4.076162
-9.295027	-4.096061
-9.321875	-4.108696
-9.320611	-4.121014
-9.328192	-4.129858
-9.321875	-4.126383
-9.313663	-4.114381
-9.298502	-4.096377
-9.215432	-4.076478
-9.012021	-4.006990
-8.813664	-3.967824
-8.617204	-3.880332
-8.407160	-3.798842
-8.213541	-3.763466
-8.020238	-3.698084
-7.801667	-3.640599
-7.617839	-3.600485
-7.413482	-3.518047
-7.217336	-3.465300
-7.017716	-3.397391
-6.815885	-3.333904
-6.608368	-3.272944
-6.411907	-3.238200
-6.215445	-3.135231
-6.004455	-3.084063
-5.823154	-3.024051
-5.609636	-2.967513
-5.418544	-2.920135
-5.211659	-2.827905
-5.012039	-2.773894
-4.811156	-2.701879
-4.615326	-2.643130
-4.416337	-2.573326
-4.217349	-2.530370
-4.008254	-2.440036
-3.811476	-2.388236
-3.618805	-2.300744
-3.416342	-2.215779
-3.216090	-2.176613
-3.017734	-2.107757
-2.810533	-2.031636
-2.616598	-1.967833
-2.410661	-1.881289
-2.214515	-1.817486
-2.015843	-1.753052
-1.816223	-1.664613
-1.610917	-1.590071
-1.417614	-1.539534
-1.213572	-1.428354
-1.007319	-1.375290
-0.819386	-1.273901
-0.608395	-1.164931
-0.422988	-1.038589
-0.215156	-0.827598
-0.007324	-0.637138
0.191373	-0.447625
0.377435	-0.234739
0.590665	-0.002586
0.779570	0.109240
0.991220	0.246971
1.189602	0.281403
1.381034	0.353427
1.585103	0.407446
1.789171	0.395442
1.977760	0.385965
2.187515	0.416922
2.389688	0.411868
2.583015	0.450723
2.795613	0.493369
2.983255	0.462411
3.171212	0.482629
3.397077	0.508216
3.588510	0.478522
3.776151	0.535699
3.994751	0.550862
4.178286	0.541069
4.390252	0.556232
4.588002	0.545176
4.785120	0.548019
4.984135	0.591296
5.193573	0.603301
5.384058	0.577397
5.584335	0.620991
5.783033	0.588453
5.987102	0.593508
6.188643	0.601089
6.382602	0.615936
6.593305	0.644051
6.786001	0.646894
6.979960	0.626361
7.186872	0.622570
7.388729	0.630468
7.580793	0.655739
7.792758	0.674693
7.979136	0.673429
8.176887	0.668059
8.391064	0.647526
8.581233	0.636154
8.782142	0.668059
8.996634	0.694594
9.172273	0.698701
9.387713	0.676272
9.587358	0.637417
9.776896	0.649421
9.982860	0.698701
9.792059	0.733765
9.581988	0.701228
9.384870	0.685433
9.186804	0.614357
8.986842	0.653844
8.790039	0.674061
8.576179	0.701860
8.383482	0.711968
8.184784	0.668691
7.983559	0.607091
7.786125	0.612146
7.589638	0.661425
7.379883	0.666795
7.189399	0.675009
6.985646	0.613093
6.770522	0.563182
6.591409	0.602037
6.388288	0.627624
6.182957	0.655107
5.985522	0.666480
5.782718	0.595719
5.584335	0.541701
5.383426	0.557180
5.186307	0.598878
4.984450	0.618148
4.790491	0.603932
4.584843	0.522431
4.385829	0.508532
4.180497	0.493053
3.984326	0.562234
3.793210	0.557496
3.583140	0.530013
3.385389	0.487367
3.188271	0.436824
2.983886	0.449144
2.779186	0.490210
2.594704	0.494633
2.383686	0.432717
2.191621	0.422608
1.989448	0.349953
1.774324	0.372381
1.579101	0.413763
1.397777	0.360693
1.181389	0.299409
0.987113	0.241285
0.790310	0.110504
0.579608	-0.032592
0.389124	-0.223053
0.189794	-0.469103
-0.015536	-0.678831
-0.207892	-0.826335
-0.413197	-1.025323
-0.621661	-1.165247
-0.806436	-1.283060
-1.016479	-1.359497
-1.207255	-1.449832
-1.412877	-1.531638
-1.609654	-1.606811
-1.816223	-1.680090
-2.013632	-1.734101
-2.221148	-1.831068
-2.409082	-1.876551
-2.615651	-1.986153
-2.812428	-2.030688
-3.004784	-2.116601
-3.223671	-2.189247
-3.416026	-2.241679
-3.607118	-2.318116
-3.814003	-2.384130
-4.012676	-2.450775
-4.211032	-2.510471
-4.419812	-2.581538
-4.610904	-2.626390
-4.810524	-2.722726
-5.015198	-2.784633
-5.207869	-2.820009
-5.414438	-2.909711
-5.620691	-2.947614
-5.813678	-3.015523
-6.016141	-3.081220
-6.207865	-3.156710
-6.416329	-3.230936
-6.622898	-3.295054
-6.821570	-3.338958
-7.002871	-3.399286
-7.223653	-3.491200
-7.407165	-3.525628
-7.610891	-3.639335
-7.819671	-3.651970
-8.006341	-3.716088
-8.211962	-3.807686
-8.417899	-3.850642
-8.608359	-3.899600
-8.815560	-3.971614
-9.019602	-4.026889
-9.203745	-4.051526
-9.304502	-4.093850
-9.309557	-4.109643
-9.310820	-4.127963
-9.336088	-4.130489
-9.325349	-4.119434
-9.305450	-4.116591
-9.287130	-4.115644
-9.207851	-4.091639
-9.013285	-4.044261
-8.816823	-3.984565
-8.606780	-3.897389
-8.412846	-3.850326
-8.221122	-3.796947
-8.006972	-3.726195
-7.815880	-3.692083
-7.609943	-3.591326
-7.411902	-3.536683
-7.219863	-3.448875
-7.010135	-3.395496
-6.818096	-3.361383
-6.614054	-3.291579
-6.414433	-3.218617
-6.210707	-3.148813
-6.015193	-3.079641
-5.809256	-3.032263
-5.622271	-2.998782
-5.408753	-2.895182
-5.210396	-2.849067
-5.019620	-2.777368
-4.810208	-2.685455
-4.614063	-2.652606
-4.417917	-2.598279
-4.203452	-2.517104
-4.016150	-2.458039
-3.817162	-2.371179
-3.604907	-2.295058
-3.413184	-2.268527
-3.227461	-2.196196
-3.009837	-2.093227
-2.812744	-2.053746
-2.615335	-1.942249
-2.404976	-1.880026
-2.227466	-1.823803
-2.013632	-1.737891
-1.810853	-1.666192
-1.619130	-1.598915
-1.418878	-1.501316
-1.203149	-1.425195
-1.021849	-1.378133
-0.807068	-1.264109
-0.621029	-1.185461
-0.413829	-0.992474
-0.204101	-0.841180
-0.018695	-0.681989
0.185687	-0.447941
0.388492	-0.227475
0.585926	-0.019958
0.783993	0.116190
0.991220	0.231492
1.177914	0.314256
1.391775	0.383753
1.590157	0.373329
1.775272	0.373013
1.987237	0.385017
2.187199	0.385649
2.384001	0.469677
2.592808	0.468729
2.785504	0.469993
2.987677	0.460200
3.187639	0.457989
3.386969	0.463043
3.580612	0.541701
3.801739	0.577713
3.980220	0.528117
4.190290	0.548019
4.382354	0.496528
4.580420	0.558759
4.792702	0.601405
4.981291	0.596667
5.182833	0.594140
5.389744	0.579292
5.580861	0.553389
5.780822	0.585294
5.994683	0.634890
6.172848	0.622886
6.392079	0.644999
6.599307	0.626361
6.777472	0.596983
6.980592	0.637417
7.190346	0.662057
7.380199	0.668059
7.596588	0.652580
7.794338	0.634258
7.981980	0.648789
8.187943	0.656371
8.386642	0.674693
8.578390	0.677852
8.797621	0.679431
8.983051	0.652580
9.183329	0.677536
9.382975	0.647210
9.582621	0.704387
9.787952	0.696805
9.990125	0.692383
9.784162	0.696174
9.580725	0.665848
9.386450	0.654160
9.179222	0.673429
8.989685	0.684170
8.778983	0.662373
8.590077	0.713864
8.386326	0.635522
8.178467	0.614989
7.985455	0.659530
7.789916	0.647210
7.582372	0.657319
7.396626	0.666480
7.184029	0.605828
6.979644	0.607091
6.790423	0.627309
6.591093	0.615620
6.381655	0.633311
6.191802	0.653528
5.982363	0.561918
5.789351	0.584979
5.584967	0.571711
5.382478	0.593824
5.190098	0.622886
4.990452	0.597299
4.785752	0.528433
4.577893	0.527170
4.394990	0.528117
4.173863	0.532856
3.996962	0.589085
3.783417	0.515798
3.589773	0.485156
3.393602	0.466202
3.183848	0.464307
2.975989	0.500635
2.798140	0.489578
2.592808	0.455777
2.383054	0.426715
2.189410	0.384385
1.979024	0.390387
1.784433	0.415659
1.586682	0.396073
1.380718	0.334474
1.189602	0.300357
0.985534	0.200218
0.782097	0.134828
0.584663	-0.033540
0.380594	-0.236003
0.190426	-0.450784
-0.011114	-0.641560
-0.208839	-0.842128
-0.417935	-1.034799
-0.608395	-1.173459
-0.822229	-1.293168
-1.002582	-1.355707
-1.220205	-1.455517
-1.412877	-1.497842
-1.608075	-1.585017
