# Configuration automatically generated by WRITE_CONFIG()
connection eth
ip 192.168.0.10
samplehz 1000.000000
settleus 10.000000
nsample 128

# Analog Inputs
aichannel 0
ainegative 199
airange 10.000000
airesolution 0

aichannel 1
ainegative 199
airange 10.000000
airesolution 0

# Analog Outputs
aochannel 0
aosignal triangle
aofrequency 5.000000
aoamplitude 2.000000
aooffset 2.500000
aoduty 0.500000

# Meta Parameters
int:periods 10
flt:tip_T_C 297.786461
flt:plate_T_C 358.683615
flt:plate_Q_kW 0.846867
flt:cool_Thigh_C 53.921809
flt:cool_Tlow_C 10.404000
flt:air_psig 20.000000
flt:water_gph 4.000000
flt:standoff_in 0.228000
flt:oxygen_scfh 11.738281
flt:fuel_scfh 8.191062
flt:flow_scfh 19.929344
flt:ratio_fto 0.697808

## End Configuration ##
#: Wed Mar 22 17:19:27 2017
-7.601731	-1.760317
-9.996224	-2.071749
-9.795973	-1.970992
-9.602037	-1.956462
-9.404313	-1.968149
-9.202482	-1.983942
-8.996229	-1.980151
-8.802294	-1.888238
-8.598568	-1.826330
-8.406213	-1.810538
-8.204065	-1.823803
-8.001287	-1.833279
-7.802930	-1.787164
-7.598888	-1.723362
-7.398321	-1.697778
-7.210387	-1.713570
-6.999712	-1.747998
-6.794406	-1.724625
-6.600788	-1.628605
-6.398641	-1.540166
-6.199021	-1.487734
-6.002559	-1.461834
-5.805782	-1.452674
-5.603319	-1.428985
-5.405594	-1.387608
-5.202500	-1.316541
-5.000669	-1.263477
-4.797890	-1.267899
-4.605535	-1.256845
-4.403704	-1.227470
-4.200925	-1.179460
-4.003200	-1.122922
-3.799790	-1.111551
-3.602381	-1.101760
-3.403708	-1.094811
-3.201877	-1.053434
-3.001625	-0.978577
-2.802321	-0.926776
-2.601437	-0.903087
-2.399291	-0.893296
-2.203461	-0.880030
-2.005736	-0.832968
-1.802009	-0.778009
-1.603653	-0.736632
-1.394873	-0.723366
-1.202202	-0.703467
-1.000371	-0.665565
-0.804225	-0.636190
-0.609027	-0.561333
-0.402142	-0.523746
-0.199995	-0.475736
0.000573	-0.399299
0.201482	-0.265061
0.392914	-0.111240
0.597299	0.053327
0.795365	0.153150
0.996590	0.232440
1.197815	0.297830
1.396829	0.327208
1.600266	0.343635
1.800543	0.378383
1.995450	0.404602
2.197939	0.439351
2.392531	0.453250
2.598178	0.454830
2.805406	0.450407
2.993679	0.471256
3.196484	0.490210
3.401184	0.522431
3.597039	0.543280
3.797317	0.532856
4.001069	0.529381
4.191238	0.538858
4.394042	0.577081
4.595268	0.608355
4.802179	0.601405
4.993927	0.592560
5.199259	0.582451
5.396062	0.595087
5.591917	0.638681
5.796933	0.648158
5.995631	0.626677
6.203174	0.614673
6.399029	0.618779
6.597727	0.639313
6.793898	0.680695
6.992912	0.683538
7.194453	0.659214
7.400417	0.662689
7.597851	0.659530
7.798445	0.693962
7.992720	0.730922
8.194262	0.716707
8.389800	0.696174
8.597659	0.676904
8.796357	0.695226
8.991897	0.730606
9.192174	0.753035
9.388977	0.722393
9.593677	0.704703
9.794586	0.698701
9.997075	0.702176
9.803747	0.753035
9.595256	0.765039
9.388660	0.722393
9.190279	0.705019
8.996951	0.682274
8.795726	0.705966
8.592921	0.742926
8.400225	0.720182
8.192366	0.699649
7.994931	0.667427
7.799392	0.661741
7.596588	0.682906
7.392519	0.709125
7.193505	0.679115
7.001125	0.644683
6.790423	0.642156
6.596464	0.634258
6.398713	0.662689
6.192433	0.659214
5.994999	0.638049
5.795353	0.616568
5.599814	0.586874
5.395114	0.608355
5.192941	0.626993
4.997086	0.613725
4.797125	0.587506
4.592424	0.557812
4.393095	0.547071
4.195028	0.548335
3.997910	0.566025
3.797317	0.542649
3.597671	0.514218
3.400552	0.491790
3.199327	0.468729
2.992732	0.490842
2.804458	0.478206
2.597547	0.469361
2.396322	0.435876
2.196360	0.413763
1.996398	0.398600
1.792962	0.396073
1.594895	0.366063
1.399356	0.323417
1.197183	0.267188
1.002276	0.218540
0.797892	0.155045
0.595087	0.032794
0.393546	-0.118189
0.200218	-0.271378
-0.007324	-0.403721
-0.204101	-0.478895
-0.406564	-0.534485
-0.600499	-0.592918
-0.799171	-0.631768
-1.003529	-0.645034
-1.200307	-0.681673
-1.400874	-0.715786
-1.604285	-0.769797
-1.804220	-0.832968
-2.003525	-0.850024
-2.208830	-0.844654
-2.402133	-0.871818
-2.595120	-0.927408
-2.798215	-0.975418
-3.008258	-1.035115
-3.205983	-1.056277
-3.407498	-1.062594
-3.601433	-1.072701
-3.802632	-1.113762
-4.004148	-1.173775
-4.205347	-1.213572
-4.402440	-1.230629
-4.603323	-1.212625
-4.801048	-1.261266
-4.999405	-1.316541
-5.204395	-1.388240
-5.404015	-1.421089
-5.601108	-1.410350
-5.805466	-1.420141
-6.000980	-1.465624
-6.202811	-1.532901
-6.397377	-1.598915
-6.592576	-1.615971
-6.801987	-1.629237
-7.005082	-1.645661
-7.202806	-1.704726
-7.400216	-1.765054
-7.599836	-1.818118
-7.806089	-1.833279
-8.002550	-1.796324
-8.197748	-1.804536
-8.399896	-1.853494
-8.596989	-1.956462
-8.804189	-2.009526
-9.001283	-2.006367
-9.201219	-1.987416
-9.403681	-1.989311
-9.603933	-2.060694
-9.798499	-2.133657
-10.000647	-2.191458
-9.794077	-2.091648
-9.601722	-2.021213
-9.404944	-1.981415
-9.201534	-1.989943
-9.000967	-2.005104
-8.800714	-1.976361
-8.598884	-1.904662
-8.400211	-1.842755
-8.205645	-1.809906
-8.003814	-1.826962
-7.805457	-1.839596
-7.601099	-1.781479
-7.398005	-1.669982
-7.210387	-1.631132
-7.004766	-1.630816
-6.800724	-1.653558
-6.605525	-1.658296
-6.398009	-1.582806
-6.205338	-1.516161
-5.999401	-1.480154
-5.804203	-1.478259
-5.604898	-1.476048
-5.402436	-1.437197
-5.201236	-1.357286
-4.998774	-1.295695
-4.797574	-1.268215
-4.604587	-1.271058
-4.400545	-1.267584
-4.199661	-1.216415
-4.007622	-1.129871
-3.800737	-1.098601
-3.600485	-1.098601
-3.404340	-1.117553
-3.202824	-1.091021
-2.994992	-1.031640
-2.805480	-0.947939
-2.602385	-0.872450
-2.399922	-0.857288
-2.205040	-0.843075
-2.004156	-0.826335
-1.806116	-0.764743
-1.603337	-0.723366
-1.392978	-0.719892
-1.204097	-0.697150
-0.999739	-0.678515
-0.809910	-0.643771
-0.603973	-0.583758
-0.400563	-0.528800
-0.197784	-0.483317
0.004047	-0.400247
0.200534	-0.266640
0.391967	-0.106502
0.597614	0.041955
0.791258	0.149675
0.995010	0.229281
1.200658	0.294039
1.396513	0.341108
1.591421	0.361957
1.794857	0.373645
1.997030	0.395757
2.192569	0.422924
2.396953	0.459568
2.594704	0.460516
2.797824	0.455777
2.992100	0.473783
3.200275	0.473152
3.391391	0.519272
3.598303	0.549914
3.799528	0.536963
3.998226	0.537594
4.199135	0.530645
4.396570	0.563814
4.595268	0.604564
4.794598	0.612146
4.996770	0.595719
5.199575	0.587506
5.390376	0.582136
5.593812	0.618464
5.795985	0.644367
5.995631	0.650053
6.197488	0.633626
6.399977	0.626677
6.595200	0.626677
6.791687	0.665216
6.995123	0.690488
7.199192	0.680695
7.396310	0.677852
7.598483	0.654160
7.796865	0.669323
7.990825	0.715759
8.198368	0.732502
8.396434	0.713548
8.596395	0.683538
8.795726	0.682906
8.995055	0.703755
9.189962	0.739451
9.397190	0.735345
9.593677	0.711653
9.792690	0.694594
9.995179	0.700596
9.792375	0.729343
9.595888	0.749876
9.390556	0.746717
9.192174	0.714496
8.996003	0.690172
8.796989	0.684170
8.591341	0.721129
8.390116	0.742926
8.196472	0.695226
7.992088	0.684170
7.798129	0.657003
7.597219	0.658898
7.390940	0.694910
7.193505	0.703123
6.995755	0.657634
6.793898	0.639628
6.600570	0.628572
6.399661	0.630468
6.196224	0.663952
5.997842	0.650369
5.790299	0.624781
5.594128	0.603616
5.394166	0.587506
5.199259	0.611514
4.998034	0.624466
4.796809	0.602985
4.594004	0.563498
4.396570	0.536331
4.188395	0.540121
3.997278	0.556232
3.800475	0.546124
3.599250	0.533804
3.395814	0.501266
3.196484	0.476311
2.998734	0.473152
2.801299	0.486419
2.595651	0.473783
2.393794	0.445037
2.196676	0.412500
1.996398	0.388492
1.789803	0.394494
1.593632	0.372697
1.401568	0.324997
1.194340	0.283615
0.997222	0.225174
0.792522	0.143041
0.594771	0.039428
0.394494	-0.114399
0.207484	-0.284644
0.002468	-0.396773
-0.206628	-0.472578
-0.406880	-0.518061
-0.607132	-0.562596
-0.806120	-0.617871
-0.995949	-0.653246
-1.200938	-0.654826
-1.400874	-0.696834
-1.602705	-0.747687
-1.802957	-0.789696
-2.006367	-0.826335
-2.204092	-0.854446
-2.399291	-0.876871
-2.605543	-0.904983
-2.801689	-0.973839
-3.002573	-1.049328
-3.206615	-1.096390
-3.405919	-1.093232
-3.601117	-1.109340
-3.798526	-1.136820
-3.998778	-1.174407
-4.202188	-1.235998
-4.404019	-1.250843
-4.603323	-1.234103
-4.805155	-1.237577
-4.992456	-1.297274
-5.200921	-1.359497
-5.404015	-1.426774
-5.602056	-1.436882
-5.810520	-1.410666
-6.000980	-1.429933
-6.203127	-1.488050
-6.404326	-1.576173
-6.602683	-1.646925
-6.807673	-1.660823
-7.007293	-1.632396
-7.202175	-1.657032
-7.401795	-1.686091
-7.600783	-1.761264
-7.801667	-1.804536
-8.006341	-1.811801
-8.204065	-1.794429
-8.405581	-1.820329
-8.600779	-1.888554
-8.797240	-1.971939
-8.995281	-1.999419
-9.207851	-1.943828
-9.403049	-1.954567
-9.600775	-1.999103
-9.802921	-2.063221
-9.995276	-2.157030
-9.803869	-2.127656
-9.605196	-2.043006
-9.397996	-2.003840
-9.197744	-1.998471
-9.001283	-1.983626
-8.799767	-1.988048
-8.597304	-1.899608
-8.409371	-1.801062
-8.202170	-1.776425
-8.000971	-1.778320
-7.804193	-1.789691
-7.598888	-1.776425
-7.393267	-1.699357
-7.207860	-1.649452
-7.003502	-1.633027
-6.803566	-1.632080
-6.603946	-1.642187
-6.398325	-1.601442
-6.201548	-1.523110
-5.996874	-1.468467
-5.807677	-1.431196
-5.600161	-1.423932
-5.401804	-1.379712
-5.202184	-1.338967
-4.998457	-1.275480
-4.802628	-1.229681
-4.605535	-1.201570
-4.403072	-1.202202
-4.204399	-1.196832
-4.001621	-1.152613
-3.799474	-1.092916
-3.600169	-1.076176
-3.399602	-1.090389
-3.205983	-1.074912
-3.005100	-1.049328
-2.802637	-0.980156
-2.600174	-0.928040
-2.406555	-0.897718
-2.205356	-0.892033
-2.003525	-0.867396
-1.808642	-0.814016
-1.600178	-0.757478
-1.400558	-0.705678
-1.201570	-0.681358
-0.999423	-0.661775
-0.803277	-0.642192
-0.607763	-0.585022
-0.398668	-0.533222
-0.203154	-0.459943
-0.002270	-0.388876
0.198323	-0.260323
0.394178	-0.104923
0.597930	0.036585
0.796944	0.151255
0.998169	0.224542
1.190866	0.284246
1.398725	0.339212
1.588578	0.365747
1.794541	0.375224
1.994819	0.396705
2.195096	0.411868
2.393794	0.452303
2.603233	0.468097
2.801615	0.481365
2.992416	0.480417
3.195220	0.474415
3.394866	0.503794
3.597355	0.542017
3.801107	0.547703
3.997910	0.543912
4.195028	0.556232
4.399097	0.539490
4.593688	0.581820
4.796809	0.612462
4.994875	0.610250
5.197048	0.602037
5.397326	0.593192
5.593812	0.602669
5.794722	0.634574
5.995947	0.651632
6.197172	0.643103
6.397766	0.632047
6.598675	0.614041
6.791055	0.644051
6.996071	0.680063
7.197612	0.698385
7.395362	0.688908
7.597219	0.668691
7.795601	0.663952
7.991457	0.695542
8.193629	0.729659
8.400225	0.713864
8.594501	0.716391
8.797621	0.687960
8.995371	0.679115
9.190279	0.730290
9.392136	0.756826
9.592413	0.726500
9.799324	0.708178
9.998339	0.703123
9.794586	0.694910
9.592097	0.743558
9.390872	0.753982
9.190910	0.729027
8.998530	0.695858
8.799832	0.682906
8.594185	0.751771
8.392960	0.734713
8.193314	0.715127
7.992404	0.696174
7.794022	0.662373
7.595640	0.648158
7.397258	0.672166
7.190346	0.696805
6.994807	0.675325
6.792318	0.646894
6.598359	0.619095
6.399029	0.618779
6.197804	0.645315
5.999738	0.663005
5.795985	0.650053
5.592549	0.606459
5.392271	0.592560
5.196732	0.582451
4.995823	0.611198
4.793966	0.614673
4.592109	0.571711
4.393411	0.558128
4.194713	0.539174
3.997278	0.537594
3.799212	0.545808
3.595775	0.536647
3.395182	0.504109
3.193009	0.482629
2.999365	0.457041
2.800351	0.475679
2.599758	0.488946
2.396637	0.447880
2.195728	0.419765
1.995766	0.393230
1.794225	0.371433
1.594580	0.357218
1.401883	0.332894
1.198131	0.288037
0.995958	0.235599
0.797892	0.145884
0.596351	0.040059
0.394178	-0.119136
0.199587	-0.275484
-0.002902	-0.406564
-0.204101	-0.478895
-0.400879	-0.525641
-0.604921	-0.574915
-0.803593	-0.627978
-0.998791	-0.655773
-1.202833	-0.687990
-1.401506	-0.704415
-1.606495	-0.743265
-1.803905	-0.786221
-2.003209	-0.836126
-2.207567	-0.864869
-2.400870	-0.875608
-2.599226	-0.905930
-2.801689	-0.944780
-3.002888	-0.995633
-3.205035	-1.041432
-3.405287	-1.069859
-3.593852	-1.077123
-3.801369	-1.095443
-4.001936	-1.142505
-4.205347	-1.201886
-4.401808	-1.264741
-4.603323	-1.301380
-4.801364	-1.301696
-4.999089	-1.326333
-5.198393	-1.352548
-5.401172	-1.379712
-5.603951	-1.444146
-5.804834	-1.475416
-6.000980	-1.480154
-6.202811	-1.518372
-6.401168	-1.588808
-6.604578	-1.644398
-6.802935	-1.654505
-7.004450	-1.643766
-7.200912	-1.646925
-7.401163	-1.666508
-7.600468	-1.722414
-7.801035	-1.778320
-8.003814	-1.785901
-8.203118	-1.793797
-8.402422	-1.827278
-8.603937	-1.897713
-8.801662	-1.943512
-9.000335	-2.008894
-9.203114	-1.999419
-9.404313	-1.964675
-9.605196	-2.029741
-9.803553	-2.091648
-9.994645	-2.155451
-9.795973	-2.155451
-9.602037	-2.076487
-9.402734	-1.991522
-9.199639	-1.949829
-9.002230	-1.937511
-8.801662	-1.965938
-8.599832	-1.934984
-8.399896	-1.882868
-8.200275	-1.807063
-8.002234	-1.767897
-7.799140	-1.811169
-7.600468	-1.825699
-7.398636	-1.766634
-7.207229	-1.675352
-7.003818	-1.624499
-6.800724	-1.623552
-6.609316	-1.617866
-6.394851	-1.619446
-6.201232	-1.555011
-6.002244	-1.464677
-5.803255	-1.425195
-5.606478	-1.396136
-5.401804	-1.390135
-5.204079	-1.375290
-4.998142	-1.328228
-4.801680	-1.263793
-4.605219	-1.242631
-4.403704	-1.224311
-4.200609	-1.223680
-4.005095	-1.189883
-3.800421	-1.142189
-3.599538	-1.094811
-3.403708	-1.077439
-3.206931	-1.060383
-3.002257	-1.045222
-2.804216	-0.994685
-2.602385	-0.931830
-2.400870	-0.882241
-2.201881	-0.862342
-1.998155	-0.867080
-1.803905	-0.819386
-1.600494	-0.769797
-1.401822	-0.720839
-1.199675	-0.686727
-1.001002	-0.657668
-0.805488	-0.641876
-0.606816	-0.608395
-0.398984	-0.543645
-0.201574	-0.473525
-0.000059	-0.389192
0.200218	-0.253690
0.393546	-0.110608
0.595719	0.046061
0.802314	0.148727
0.993431	0.230544
1.197499	0.279192
1.394618	0.338580
1.595211	0.373961
1.796121	0.379015
1.994187	0.399864
2.199835	0.401759
2.406430	0.431454
2.597547	0.483892
2.802247	0.482629
2.989257	0.478838
3.194904	0.481997
3.396761	0.488946
3.591669	0.525590
3.795737	0.559391
4.000437	0.562234
4.195660	0.557496
4.393095	0.552757
4.595900	0.563182
4.791122	0.601089
4.993296	0.623518
5.199259	0.606459
5.396062	0.599510
5.596339	0.604564
5.796301	0.605196
5.995631	0.653528
6.195909	0.663005
6.399345	0.639313
6.596779	0.635522
6.795162	0.632995
6.999862	0.656687
7.195401	0.707546
7.398521	0.687960
7.592165	0.681011
7.797181	0.665532
7.993984	0.665848
8.193945	0.700596
8.393275	0.741663
8.596395	0.709441
8.793514	0.700596
8.995687	0.685433
9.189331	0.689856
9.394979	0.730922
9.594309	0.767566
9.792690	0.732186
9.994548	0.716075
9.795218	0.694594
9.589254	0.707546
9.391188	0.752719
9.190279	0.746401
8.996003	0.705019
8.794778	0.690488
8.595448	0.672797
8.393275	0.702176
8.190786	0.733133
7.993668	0.701228
7.798445	0.687013
7.595640	0.657634
7.397573	0.647526
7.191926	0.675009
6.995755	0.685749
6.791687	0.669954
6.606256	0.632047
6.395238	0.627309
6.194961	0.624150
5.998474	0.650053
5.794405	0.655107
5.598551	0.620043
5.393535	0.595719
5.197680	0.577713
4.997086	0.595719
4.793334	0.605196
4.596531	0.600142
4.398465	0.558128
4.194713	0.535067
4.000437	0.525906
3.797632	0.528433
3.594828	0.538542
3.398025	0.523695
3.191114	0.484524
2.999681	0.469361
2.800035	0.461148
2.598178	0.461780
2.398217	0.458305
2.196360	0.427663
2.000189	0.391651
1.795173	0.378699
1.592684	0.350269
1.398409	0.329104
1.192761	0.290564
0.995958	0.227069
0.798208	0.143989
0.593824	0.032794
0.390071	-0.110924
0.202430	-0.258112
-0.003849	-0.404037
-0.204733	-0.481422
-0.402142	-0.519956
-0.605237	-0.565439
-0.806752	-0.612185
-0.999423	-0.669039
-1.207887	-0.714522
-1.403401	-0.729999
-1.602074	-0.723366
-1.803273	-0.769797
-2.004788	-0.816227
-2.209462	-0.879714
-2.398659	-0.913826
-2.601437	-0.922670
-2.806743	-0.947939
-3.002257	-0.982999
-3.199034	-1.022796
-3.407498	-1.046485
-3.603960	-1.069227
-3.798526	-1.097022
-4.005095	-1.127344
-4.203136	-1.175354
-4.402440	-1.260635
-4.604903	-1.305170
-4.796942	-1.312435
-4.998774	-1.310856
-5.202500	-1.360445
-5.402751	-1.437829
-5.608057	-1.486787
-5.805782	-1.516793
-6.000032	-1.508896
-6.200916	-1.507317
-6.406537	-1.563539
-6.605842	-1.628605
-6.799776	-1.706621
-7.005713	-1.721467
-7.205649	-1.670614
-7.399584	-1.669035
-7.602363	-1.706621
-7.800719	-1.761580
-8.003498	-1.787480
-8.200591	-1.799798
-8.401158	-1.785269
-8.600147	-1.789059
-8.799135	-1.871182
-9.003493	-1.976045
-9.202798	-2.025635
-9.403049	-2.004156
-9.610250	-2.006999
-9.789971	-2.063853
-9.990539	-2.147238
-9.800394	-2.200302
-9.602670	-2.149450
-9.407472	-2.032268
-9.202166	-1.958357
-8.999388	-1.942881
-8.801662	-1.925509
-8.599832	-1.905926
-8.407475	-1.867707
-8.199012	-1.791902
-7.998760	-1.753368
-7.802299	-1.763159
-7.597309	-1.763791
-7.401795	-1.740734
-7.203123	-1.690513
-7.010135	-1.646609
-6.805146	-1.617235
-6.598261	-1.629869
-6.393587	-1.634291
-6.205022	-1.588808
-5.997821	-1.509212
-5.804203	-1.434355
-5.607741	-1.430249
-5.402436	-1.432144
-5.199973	-1.412561
-5.001932	-1.363919
-4.797258	-1.299485
-4.604903	-1.246737
-4.398650	-1.207887
-4.202820	-1.181987
-3.999410	-1.151981
-3.801053	-1.099549
-3.597959	-1.045222
-3.406235	-1.015847
-3.201877	-0.993738
-3.008258	-0.984894
-2.802953	-0.952677
-2.600490	-0.903403
-2.401501	-0.861395
-2.204724	-0.832652
-2.001945	-0.838969
-1.806116	-0.817807
-1.601758	-0.771692
-1.405928	-0.720208
-1.200307	-0.664301
-1.005108	-0.658300
-0.805488	-0.651351
-0.605237	-0.611238
-0.406880	-0.560385
-0.203470	-0.479842
-0.002586	-0.393930
0.198007	-0.253375
0.400180	-0.109345
0.598562	0.043534
0.803894	0.163890
0.997538	0.221699
1.196552	0.273506
1.395566	0.322786
1.592052	0.369854
1.795489	0.396705
1.995135	0.404918
2.196992	0.409657
2.398849	0.421029
2.593440	0.463675
2.800035	0.487367
2.993679	0.495264
3.196800	0.486735
3.395498	0.491790
3.607779	0.506005
3.794473	0.560023
3.998542	0.574238
4.195344	0.561602
4.393411	0.556548
4.599374	0.547703
4.795861	0.583399
5.000877	0.619727
5.203366	0.621307
5.396378	0.613093
5.597603	0.595719
5.794405	0.597614
5.997211	0.637417
6.200015	0.666164
6.393975	0.655739
6.599938	0.638365
6.800848	0.620991
6.993228	0.637417
7.194769	0.687960
7.393783	0.705651
7.597219	0.689540
7.797181	0.676272
7.996827	0.658898
8.191734	0.689224
8.389484	0.729343
8.594501	0.736608
8.796673	0.701544
8.996003	0.691751
9.190910	0.683538
9.392767	0.697121
9.590518	0.758721
9.795850	0.747349
9.992969	0.718918
9.793323	0.702492
9.591465	0.695226
9.392767	0.731870
9.191226	0.755562
8.996951	0.736292
8.796357	0.695226
8.594185	0.678484
8.394855	0.673429
8.188575	0.715759
7.992720	0.720814
7.797181	0.686697
7.602273	0.652264
7.398521	0.646578
7.193821	0.654476
6.995123	0.678799
6.795162	0.678168
6.595516	0.654791
6.396186	0.622254
6.199068	0.619727
5.993735	0.634258
5.795353	0.653212
5.594760	0.638049
5.388480	0.613409
5.196416	0.589401
5.001825	0.572027
4.793966	0.592876
4.594004	0.603932
4.394358	0.570763
4.193449	0.543280
3.998542	0.521800
3.798580	0.514850
3.594512	0.527170
3.401184	0.516745
3.193957	0.510427
2.995574	0.472836
2.799404	0.442826
2.597862	0.453250
2.398533	0.460200
2.196992	0.442510
1.993555	0.409341
1.797068	0.368906
1.594895	0.344898
1.399040	0.323417
1.193077	0.295303
0.997538	0.224858
0.794101	0.149675
0.594455	0.041007
0.394810	-0.113135
0.203693	-0.284960
0.000888	-0.415724
-0.201574	-0.495319
-0.404669	-0.524378
-0.606184	-0.560069
-0.806120	-0.586917
-1.005108	-0.643455
-1.199675	-0.699993
-1.397716	-0.718628
-1.604285	-0.730315
-1.802641	-0.753688
-2.005104	-0.815280
-2.206935	-0.879082
-2.398975	-0.936884
-2.603017	-0.972575
-2.801057	-0.967838
-2.994045	-1.016163
-3.200929	-1.045854
-3.402445	-1.095443
-3.600169	-1.156403
-3.802316	-1.153876
-4.000041	-1.145980
-4.204083	-1.173143
-4.403072	-1.222416
-4.603323	-1.276743
-4.799469	-1.311803
-4.997194	-1.301064
-5.198078	-1.321595
-5.400540	-1.348127
-5.604582	-1.406244
-5.806098	-1.478574
-5.999401	-1.499737
-6.199653	-1.512687
-6.403695	-1.549642
-6.605842	-1.606495
-6.805146	-1.698093
-7.002239	-1.741681
-7.200912	-1.734417
-7.402427	-1.699988
-7.599836	-1.714202
-7.801035	-1.764423
-8.003182	-1.806747
-8.206277	-1.838017
-8.404634	-1.854125
-8.602042	-1.876235
-8.795661	-1.931510
-8.993386	-1.982994
-9.205009	-2.013000
-9.404313	-2.041743
-9.602985	-2.022792
-9.803553	-2.015211
-10.003173	-2.027214
-9.792814	-2.008262
-9.603933	-1.984258
-9.403681	-1.961516
-9.201534	-1.894555
-9.003178	-1.886974
-8.799767	-1.895818
-8.598252	-1.903715
-8.404634	-1.926772
-8.201855	-1.881921
-8.003182	-1.809274
-7.798193	-1.765370
-7.600152	-1.772003
-7.398005	-1.770424
-7.204702	-1.758106
-7.004134	-1.679774
-6.795986	-1.599547
-6.600788	-1.554379
-6.406221	-1.533217
-6.201548	-1.500053
-5.990241	-1.436250
-5.802308	-1.364867
-5.604582	-1.331702
-5.401172	-1.335808
-5.203763	-1.343073
-4.999405	-1.346863
-4.798838	-1.302959
-4.605850	-1.238209
-4.401808	-1.196832
-4.202820	-1.191778
-4.000673	-1.198411
-3.802948	-1.190199
-3.599854	-1.127976
-3.405603	-1.061015
-3.206615	-1.031008
-3.001309	-1.014584
-2.806743	-1.004477
-2.596699	-0.955835
-2.399291	-0.890137
-2.206303	-0.837390
-1.998155	-0.805173
-1.802009	-0.760637
-1.606180	-0.756215
-1.401822	-0.705047
-1.201570	-0.652299
-1.003845	-0.613449
-0.804225	-0.591971
-0.605868	-0.578389
-0.406564	-0.554384
-0.196837	-0.490265
-0.000059	-0.386665
0.200218	-0.262534
0.395126	-0.109977
0.595403	0.036585
0.795997	0.158204
0.993431	0.230860
1.196552	0.275085
1.398725	0.324049
1.595211	0.361957
1.791698	0.415659
1.997662	0.411552
2.193833	0.416291
2.397269	0.428295
2.599126	0.434297
2.798772	0.482629
2.986729	0.504425
3.196484	0.497476
3.398025	0.496528
3.598619	0.516745
3.798896	0.531276
3.996330	0.571079
4.195660	0.574238
4.394358	0.559707
4.591793	0.563498
4.796809	0.564445
5.001193	0.590665
5.198311	0.644367
5.392587	0.615936
5.590969	0.611514
5.794722	0.601089
6.006055	0.609934
6.196856	0.649737
6.396818	0.667743
6.598990	0.657634
6.792950	0.646578
6.994807	0.637733
7.199192	0.651948
7.386833	0.705651
7.601958	0.705019
7.797813	0.694278
7.988297	0.670902
8.192681	0.667111
8.394539	0.701228
8.591341	0.738188
8.795094	0.727447
8.995055	0.705335
9.195649	0.681958
9.390872	0.695858
9.590834	0.734713
9.792375	0.761564
9.994548	0.738504
9.792375	0.714496
9.598731	0.681643
9.395926	0.697121
9.192174	0.730606
8.996319	0.745137
8.797621	0.716391
8.589762	0.690172
8.393275	0.673113
8.194893	0.681327
7.994931	0.727447
7.797497	0.714496
7.600379	0.669007
7.395678	0.650685
7.195401	0.637417
6.991964	0.658266
6.796425	0.681011
6.602466	0.655107
6.393975	0.634890
6.199068	0.619727
5.992788	0.612777
5.795037	0.641840
5.594760	0.644367
5.391955	0.622254
5.202734	0.600457
4.998034	0.574238
4.796493	0.573922
4.592424	0.589401
4.395938	0.589717
4.195344	0.554653
3.998226	0.528433
3.799844	0.513586
3.598619	0.516429
3.393286	0.523695
3.193957	0.517061
2.993679	0.480101
2.796561	0.452934
2.597547	0.437771
2.397269	0.445037
2.192885	0.438087
1.993239	0.414711
1.794225	0.387228
1.590789	0.342687
1.399356	0.316152
1.199711	0.275717
0.993431	0.235283
0.799471	0.150939
0.594455	0.035953
0.400812	-0.110924
0.199271	-0.264745
-0.001323	-0.409407
-0.197468	-0.499741
-0.403090	-0.547435
-0.605868	-0.572388
-0.804225	-0.599867
-1.003213	-0.650088
-1.199675	-0.691465
-1.400242	-0.723682
-1.602074	-0.755899
-1.802641	-0.770428
-2.005104	-0.805173
-2.203461	-0.863606
-2.397711	-0.922986
-2.602069	-0.950150
-2.801689	-0.962784
-2.999098	-0.989947
-3.206299	-1.021217
-3.405919	-1.075860
-3.602381	-1.133977
-3.804843	-1.159245
-4.001621	-1.170300
-4.202504	-1.191147
-4.398650	-1.262846
-4.603955	-1.301696
-4.797890	-1.365183
-5.003827	-1.364235
-5.200921	-1.348758
-5.406857	-1.377501
-5.603319	-1.443199
-5.804834	-1.506685
-6.001296	-1.548062
-6.199653	-1.543325
-6.398009	-1.547431
-6.600788	-1.572699
-6.800408	-1.668087
-7.006661	-1.713254
-7.203438	-1.734101
-7.396425	-1.714518
-7.600783	-1.726836
-7.800719	-1.772319
-8.003182	-1.835174
-8.204065	-1.898029
-8.404949	-1.912874
-8.603306	-1.893291
-8.793450	-1.903715
-9.000967	-1.936563
-9.201534	-1.966254
-9.402418	-2.031952
-9.602037	-2.070486
-9.801026	-2.061326
-9.993697	-2.082488
-9.801658	-2.084068
-9.603617	-2.110284
-9.393889	-2.090385
-9.195217	-1.991522
-9.000335	-1.923929
-8.797556	-1.908453
-8.598884	-1.905294
-8.403054	-1.894871
-8.203434	-1.847177
-8.001287	-1.785901
-7.802614	-1.724941
-7.600783	-1.700620
-7.393583	-1.715150
-7.203438	-1.705358
-7.009188	-1.711043
-6.801672	-1.624183
-6.602999	-1.566066
-6.399589	-1.517740
-6.199337	-1.531322
-5.999401	-1.528164
-5.805466	-1.480470
-5.606478	-1.428354
-5.402751	-1.386029
-5.201868	-1.356970
-4.994351	-1.335492
-4.799469	-1.303275
-4.604587	-1.251475
-4.403388	-1.202833
-4.202820	-1.190515
-4.001305	-1.175354
-3.804527	-1.157035
-3.600485	-1.116921
-3.406235	-1.057540
-3.207562	-1.015847
-3.000046	-0.990263
-2.801689	-0.968785
-2.601121	-0.940674
-2.401501	-0.900561
-2.205672	-0.850024
-2.003209	-0.809279
-1.800746	-0.786221
-1.602705	-0.754952
-1.402769	-0.719892
-1.204413	-0.675356
-0.999107	-0.638085
-0.802962	-0.606816
-0.604605	-0.573651
-0.401195	-0.560385
-0.203470	-0.511112
-0.003849	-0.410038
0.203693	-0.260323
0.397969	-0.099553
0.595403	0.040691
0.796312	0.160416
0.997538	0.234651
1.196236	0.278876
1.399040	0.317731
1.594264	0.353743
1.794541	0.392914
1.995766	0.433665
2.199203	0.418818
2.397585	0.430190
2.601653	0.434613
2.798140	0.462411
2.992100	0.504109
3.196168	0.501266
3.401184	0.498107
3.591985	0.505689
3.797001	0.515482
3.998542	0.553705
4.194081	0.585926
4.395938	0.574238
4.599058	0.570447
4.801547	0.558443
4.993927	0.591928
5.198943	0.621307
5.391639	0.628256
5.593812	0.626045
5.795353	0.611514
5.996579	0.598878
6.197172	0.629836
6.398713	0.669323
6.593936	0.676588
6.794530	0.657634
6.992596	0.642472
7.195401	0.640576
7.394099	0.682906
7.601326	0.716075
7.797181	0.703439
7.994931	0.682590
8.192681	0.670902
8.392960	0.683538
8.597975	0.714812
8.790671	0.736292
8.998530	0.721129
9.191858	0.705966
9.390241	0.688276
9.594309	0.705335
9.790795	0.752403
9.995496	0.753667
9.791427	0.727447
9.597152	0.695226
9.394347	0.682590
9.191858	0.715127
8.998215	0.741031
8.794778	0.739451
8.595132	0.706282
8.396118	0.676588
8.193314	0.683854
7.987350	0.693331
7.798760	0.713232
7.596588	0.686065
7.393783	0.663637
7.197296	0.639628
6.996071	0.627940
6.794214	0.677220
6.604045	0.669007
6.396818	0.643735
6.194645	0.631415
5.997211	0.602353
5.802619	0.608987
5.594760	0.638997
5.391324	0.639944
5.198311	0.608987
4.993927	0.578661
4.797125	0.560971
4.590845	0.576765
4.396885	0.580556
4.198187	0.557496
3.997278	0.538858
3.798264	0.512323
3.596723	0.485788
3.394234	0.510427
3.194588	0.521168
2.991784	0.487367
2.802563	0.459252
2.600074	0.439667
2.391899	0.427031
2.195412	0.433981
1.995450	0.427979
1.794225	0.384385
1.596159	0.346478
1.401252	0.314888
1.193709	0.279192
1.000697	0.232755
0.793469	0.151570
0.595719	0.036269
0.400496	-0.110608
0.203061	-0.261903
0.004047	-0.392982
-0.205996	-0.491845
-0.403721	-0.548383
-0.603973	-0.570493
-0.805488	-0.587549
-1.001002	-0.626715
-1.200622	-0.682621
-1.405928	-0.734421
-1.602705	-0.772955
-1.805168	-0.795381
-2.004788	-0.813701
-2.201881	-0.859499
-2.401501	-0.911300
-2.597963	-0.960573
-2.807059	-0.973207
-3.003520	-0.994369
-3.203772	-1.026587
-3.405603	-1.078071
-3.598274	-1.132082
-3.797579	-1.177881
-4.007622	-1.176618
-4.205031	-1.175354
-4.401808	-1.197148
-4.610588	-1.240736
-4.799785	-1.295063
-5.000669	-1.324753
-5.201868	-1.344652
-5.401172	-1.342441
-5.605214	-1.396136
-5.803255	-1.486155
-5.998137	-1.531006
-6.199653	-1.541430
-6.406853	-1.511107
-6.599840	-1.512371
-6.799460	-1.565750
-7.010767	-1.609654
-7.202491	-1.663033
-7.400847	-1.646293
-7.600783	-1.657980
-7.804825	-1.699988
-8.003498	-1.742629
-8.201539	-1.812433
-8.405581	-1.874656
-8.601411	-1.910348
-8.799135	-1.935616
-8.996861	-1.998471
-9.194586	-2.041743
-9.406208	-2.111863
-9.608355	-2.160820
-9.797235	-2.149450
-10.000330	-2.149134
-9.798183	-2.133973
-9.605513	-2.157346
-9.402734	-2.158609
-9.201219	-2.107125
-9.005073	-2.005104
-8.799767	-1.945407
-8.597620	-1.891712
-8.406528	-1.874340
-8.202802	-1.888870
-8.004445	-1.842439
-7.801667	-1.725573
-7.599520	-1.658296
-7.399900	-1.673141
-7.205018	-1.683248
-7.001923	-1.681985
-6.804830	-1.623552
-6.597313	-1.561013
-6.392640	-1.534481
-6.203443	-1.515529
-5.999085	-1.524689
-5.809888	-1.497210
-5.603635	-1.425827
-5.401172	-1.378133
-5.202816	-1.364235
-4.997826	-1.334545
-4.797890	-1.345600
-4.605850	-1.307065
-4.400229	-1.243894
-4.202504	-1.180724
-4.002568	-1.152613
-3.806422	-1.147875
-3.600169	-1.122290
-3.405919	-1.078071
-3.199034	-1.049644
-2.997519	-1.013636
-2.803900	-0.982367
-2.600490	-0.964679
-2.400870	-0.919512
-2.204408	-0.867396
-2.004788	-0.808963
-1.799483	-0.779588
-1.602074	-0.743265
-1.404033	-0.729683
-1.201254	-0.686411
-0.997528	-0.639349
-0.804225	-0.607763
-0.606184	-0.569861
-0.402458	-0.535433
-0.204733	-0.484264
0.004363	-0.398984
0.204325	-0.258112
0.393230	-0.091025
0.598562	0.047325
0.792206	0.164206
0.997854	0.235283
1.200342	0.274138
1.398409	0.316152
1.594895	0.344898
1.795489	0.383753
1.994819	0.428295
2.198887	0.432085
2.396006	0.435876
2.598494	0.437140
2.800035	0.450407
2.994311	0.487683
3.191430	0.514218
3.400552	0.508216
3.604305	0.506005
3.796685	0.522115
3.999173	0.536331
4.191870	0.581504
4.394042	0.591296
4.595900	0.581504
4.797757	0.578345
4.998981	0.574870
5.196732	0.600773
5.393851	0.636470
5.591601	0.644683
5.795353	0.619411
5.992788	0.607723
6.201594	0.604564
6.402188	0.652580
6.594884	0.684170
6.799900	0.669954
6.994175	0.660162
7.195401	0.643735
7.391256	0.660162
7.597219	0.700280
7.797497	0.725868
7.995563	0.696490
8.194262	0.699333
8.393907	0.674377
8.591658	0.690172
8.793199	0.730290
8.996634	0.739767
9.191543	0.710073
9.395611	0.698069
9.591149	0.699649
9.795218	0.721445
9.995496	0.754930
9.793007	0.752087
9.592729	0.720182
9.391504	0.692699
9.190910	0.693015
9.000742	0.721129
8.790987	0.745453
8.594816	0.723341
8.394855	0.689856
8.188259	0.665216
7.990193	0.674693
7.797813	0.694278
7.601010	0.709757
7.396310	0.674693
7.196033	0.649421
6.996071	0.630468
6.792634	0.637417
6.603097	0.669007
6.401872	0.662689
6.195592	0.650053
5.995947	0.620675
5.796301	0.598878
5.593181	0.615936
5.391324	0.638997
5.194837	0.607723
4.996139	0.608355
4.795545	0.568236
4.592424	0.555284
4.397202	0.573606
4.194713	0.574870
3.998226	0.544228
3.799844	0.519904
3.603357	0.488315
3.397393	0.500635
3.193325	0.508848
2.998418	0.533804
2.797508	0.474415
2.597547	0.452619
2.405167	0.408709
2.198255	0.431454
1.990396	0.423240
1.792330	0.397021
1.593632	0.356271
1.394934	0.311729
1.200342	0.267188
0.994695	0.228965
0.796944	0.143041
0.595719	0.044798
0.394494	-0.103660
0.197375	-0.257797
-0.001323	-0.386665
-0.200627	-0.475736
-0.404985	-0.538275
-0.603341	-0.569861
-0.805173	-0.593234
-0.996265	-0.625451
-1.195885	-0.676936
-1.405612	-0.717681
-1.601442	-0.766954
-1.804536	-0.806120
-2.008578	-0.809910
-2.206619	-0.837074
-2.399291	-0.873081
-2.601437	-0.911300
-2.801057	-0.945728
-3.003836	-0.968785
-3.205667	-0.992474
-3.399918	-1.041116
-3.602381	-1.096075
-3.797263	-1.162404
-4.003831	-1.184514
-4.201872	-1.185777
-4.401808	-1.200622
-4.605219	-1.245790
-4.798838	-1.317173
-4.998774	-1.379396
-5.197762	-1.410982
-5.404646	-1.375290
-5.603003	-1.401190
-5.806098	-1.455833
-6.000980	-1.520583
-6.199021	-1.586913
-6.402431	-1.580595
-6.603946	-1.542377
-6.799144	-1.558486
-6.999712	-1.600178
-7.205018	-1.648188
-7.396110	-1.712939
-7.601415	-1.726520
-7.800404	-1.747998
-8.000655	-1.792850
-8.205013	-1.857600
-8.407792	-1.912243
-8.597937	-1.929299
-8.797240	-1.939090
-8.997176	-1.931510
-9.199324	-1.950461
-9.403681	-2.018054
-9.603301	-2.089437
-9.795656	-2.131446
-9.992750	-2.123234
-9.800078	-2.051535
-9.601722	-2.049955
-9.399260	-2.040480
-9.203429	-2.025319
-9.004126	-1.966886
-8.792502	-1.904346
-8.594778	-1.872129
-8.402422	-1.883184
-8.202802	-1.874972
-8.000340	-1.841491
-7.804825	-1.769161
-7.598572	-1.729047
-7.401479	-1.718940
-7.205649	-1.716413
-7.002239	-1.713570
-6.803566	-1.658927
-6.601419	-1.584702
-6.395483	-1.544588
-6.197442	-1.506054
-5.999717	-1.507949
-5.806729	-1.541430
-5.602687	-1.496578
-5.402120	-1.388240
-5.206606	-1.322542
-5.001932	-1.297590
-4.797890	-1.323490
-4.601744	-1.316541
-4.403388	-1.229365
-4.203452	-1.199675
-4.002568	-1.169669
-3.798842	-1.156087
-3.601433	-1.123870
-3.404971	-1.093548
-3.201877	-1.044906
-3.003204	-0.988052
-2.800426	-0.955203
-2.605228	-0.929935
-2.399606	-0.916985
-2.200934	-0.892664
-2.005104	-0.832336
-1.801694	-0.787485
-1.600178	-0.747055
-1.402769	-0.722103
-1.200938	-0.698098
-1.002582	-0.656089
-0.805173	-0.601446
-0.610606	-0.557227
-0.402458	-0.519956
-0.194941	-0.495635
-0.001007	-0.404669
0.199902	-0.244531
0.396389	-0.106818
0.594771	0.040059
0.793785	0.158836
0.995010	0.242548
1.197183	0.285826
1.397145	0.324049
1.592368	0.350269
1.795489	0.377751
1.993555	0.411552
2.194780	0.441246
2.400744	0.437771
2.600390	0.441246
2.800983	0.457041
2.994311	0.476311
3.195220	0.514850
3.395814	0.524643
3.599882	0.523695
3.795421	0.518325
3.997910	0.524959
4.194081	0.559707
4.396254	0.587506
4.595268	0.601721
4.797757	0.574554
4.994243	0.582451
5.197996	0.586874
5.398589	0.617200
5.591917	0.650053
5.795353	0.630468
6.003844	0.614041
6.199068	0.609934
6.396818	0.626677
6.596779	0.666795
6.789791	0.681958
6.994492	0.670902
7.202034	0.648789
7.401996	0.654160
7.597535	0.675641
7.798445	0.714496
7.993036	0.721129
8.195209	0.702176
8.395170	0.680695
8.597975	0.675956
8.797621	0.720182
8.995687	0.743874
9.191226	0.727763
9.393399	0.704387
9.592729	0.686065
9.795534	0.697437
9.998022	0.742926
9.795850	0.768830
9.591465	0.726184
9.391504	0.703123
9.191858	0.686697
8.992845	0.695542
8.798884	0.728395
8.595448	0.753667
8.390748	0.699333
8.192998	0.682274
7.992720	0.656371
7.797813	0.675325
7.597535	0.715127
7.402312	0.681011
7.193190	0.669639
6.994492	0.638049
6.792318	0.625413
6.605309	0.644999
6.398081	0.672797
6.197172	0.649105
5.993735	0.626677
5.794405	0.608987
5.602341	0.592244
5.389112	0.639313
5.197680	0.632363
4.994243	0.607723
4.797125	0.571079
4.593688	0.550230
4.390568	0.551494
4.192502	0.571079
3.997910	0.557812
3.796053	0.533804
3.596723	0.507268
3.392971	0.486103
3.196800	0.491158
2.996206	0.499055
2.802247	0.484840
2.594704	0.457989
2.397585	0.431454
2.195096	0.410289
1.994503	0.412500
1.793909	0.403023
1.590473	0.361009
1.399356	0.321838
1.204765	0.258343
0.994063	0.214749
0.798208	0.152202
0.597614	0.039428
0.393546	-0.111240
0.200850	-0.265061
-0.007008	-0.388876
-0.194626	-0.473209
-0.398036	-0.526905
-0.604605	-0.595129
-0.806120	-0.622609
-0.998791	-0.634611
-1.201886	-0.657037
-1.403401	-0.691465
-1.598915	-0.758742
-1.805484	-0.794749
-2.001945	-0.815912
-2.204408	-0.847497
-2.401501	-0.874029
-2.600806	-0.943517
-2.802637	-0.997844
-3.002888	-1.032904
-3.209141	-1.031640
-3.406551	-1.031008
-3.599222	-1.077123
-3.802316	-1.145980
-4.002252	-1.194621
-4.200609	-1.215783
-4.401808	-1.215783
-4.603955	-1.219258
-4.800101	-1.278007
-5.001616	-1.330439
-5.199025	-1.401506
-5.404646	-1.414140
-5.606478	-1.406244
-5.803571	-1.438777
-6.004138	-1.492788
-6.195547	-1.574910
-6.400536	-1.618814
-6.605842	-1.631764
-6.802935	-1.630500
-7.012031	-1.685459
-7.207544	-1.765370
-7.399584	-1.820329
-7.600152	-1.846861
-7.802930	-1.808011
-8.000655	-1.783690
-8.204381	-1.814328
-8.404634	-1.891396
-8.600779	-1.937511
-8.795977	-1.965306
-8.999071	-1.942565
-9.202798	-1.927404
-9.399575	-1.961832
-9.607092	-2.012685
-9.797235	-2.103019
-9.998751	-2.119443
-9.794709	-2.052482
-9.595720	-2.010158
-9.404629	-1.995944
-9.203114	-2.016791
-9.000335	-2.008894
-8.798504	-1.945092
-8.598884	-1.864865
-8.408739	-1.837069
-8.205013	-1.827594
-8.001287	-1.854441
-7.798508	-1.832332
-7.597625	-1.763159
-7.402742	-1.722730
-7.204386	-1.680405
-7.003187	-1.683564
-6.803566	-1.670930
-6.602051	-1.628921
-6.405906	-1.539850
-6.199968	-1.470994
-5.998769	-1.454254
-5.802308	-1.472889
-5.601424	-1.450148
-5.402120	-1.383818
-5.200921	-1.326964
-5.005091	-1.291273
-4.800417	-1.292536
-4.603955	-1.289378
-4.406862	-1.259371
-4.202188	-1.192094
-4.007622	-1.142189
-3.803580	-1.105234
-3.593221	-1.084072
-3.403076	-1.069543
-3.205351	-1.031324
-3.000993	-0.978577
-2.804848	-0.929619
-2.601121	-0.899613
-2.398659	-0.891401
-2.205672	-0.864237
-2.004472	-0.826019
-1.803273	-0.772955
-1.596388	-0.732526
-1.401506	-0.702520
-1.201254	-0.706310
-0.997844	-0.669671
-0.809279	-0.605552
-0.604605	-0.545224
-0.402774	-0.509848
-0.197152	-0.484580
0.005943	-0.401826
0.199587	-0.260323
0.394494	-0.103344
0.595719	0.046377
0.795997	0.152202
0.996590	0.239389
1.199079	0.293091
1.395250	0.318363
1.593000	0.353112
1.796121	0.372381
1.991344	0.401128
2.196992	0.440299
2.400428	0.446301
2.595967	0.452303
2.799088	0.459568
2.995574	0.458621
3.196800	0.494633
3.398341	0.541385
3.599566	0.534435
3.799528	0.532224
4.000121	0.520536
4.191870	0.540437
4.399097	0.576765
4.595900	0.606775
4.796177	0.594771
4.998034	0.591612
5.197996	0.581188
5.391324	0.603932
5.593496	0.641840
5.791247	0.644367
5.994999	0.644051
6.194013	0.620675
6.397766	0.619411
6.597727	0.636785
6.792950	0.684801
6.999230	0.671534
7.195085	0.670902
7.403575	0.654160
7.596588	0.655739
7.796865	0.694910
7.993036	0.730290
8.190154	0.710389
8.392960	0.695858
8.590394	0.677852
8.800464	0.682274
9.005795	0.734081
9.190910	0.746085
9.392767	0.723657
9.594625	0.699964
9.791743	0.700280
9.995811	0.718918
9.787637	0.755562
9.596836	0.751771
9.391820	0.722077
9.191858	0.698701
8.996319	0.682906
8.796989	0.708809
8.591025	0.731238
8.400857	0.706914
8.197104	0.693331
7.993352	0.666480
7.793706	0.658266
7.595956	0.691119
7.394099	0.703123
7.195401	0.676588
6.995123	0.656055
6.797373	0.624466
6.600254	0.639313
6.400609	0.655423
6.197488	0.663005
5.994367	0.637101
5.796617	0.608039
5.596655	0.585294
5.395430	0.597299
5.198943	0.642156
4.992664	0.618464
4.797441	0.587506
4.593056	0.557812
4.394042	0.542333
4.200715	0.549914
3.998226	0.573606
3.797001	0.540753
3.593564	0.505373
3.398657	0.490210
3.199327	0.458621
2.997154	0.484524
2.799088	0.505689
2.594704	0.466202
2.398849	0.433981
2.192569	0.410604
1.994819	0.397337
1.802123	0.385333
1.593316	0.384069
1.400620	0.324049
1.197183	0.278560
1.001013	0.218224
0.797892	0.149359
0.596983	0.041323
0.393230	-0.112188
0.209695	-0.268536
-0.001638	-0.389824
-0.202838	-0.465629
-0.405301	-0.541434
-0.603026	-0.596393
-0.804857	-0.636190
-1.001634	-0.665249
-1.201570	-0.677567
-1.397400	-0.720523
-1.600494	-0.755583
-1.801378	-0.797908
-2.001630	-0.842443
-2.206303	-0.859815
-2.399291	-0.898665
-2.602069	-0.954572
-2.800426	-1.022165
-3.004468	-1.070490
-3.205351	-1.104918
-3.403392	-1.101760
-3.605223	-1.113762
-3.803264	-1.137136
-4.002884	-1.180724
-4.201872	-1.228733
-4.402124	-1.232840
-4.609325	-1.220521
-4.793152	-1.275164
-5.002564	-1.323806
-5.201236	-1.408139
-5.402751	-1.432775
-5.604267	-1.418246
-5.806098	-1.415088
-5.999717	-1.434039
-6.199337	-1.470678
-6.405590	-1.535744
-6.604578	-1.569225
-6.795986	-1.586913
-7.000659	-1.598915
-7.206913	-1.633975
-7.398636	-1.705042
-7.604574	-1.756842
-7.801667	-1.779268
-8.000655	-1.774846
-8.205645	-1.802325
-8.403370	-1.846545
-8.598252	-1.917612
-8.805452	-1.956146
-8.999071	-1.948882
-9.201850	-1.938774
-9.403365	-1.966570
-9.602985	-2.043006
-9.802921	-2.138079
-10.000014	-2.192722
-9.800078	-2.096702
-9.605828	-2.027530
-9.399575	-2.014264
-9.202482	-2.009526
-9.000650	-2.042059
-8.799767	-1.994365
-8.597620	-1.901819
-8.405581	-1.858547
-8.205329	-1.841491
-8.007288	-1.832016
-7.803246	-1.807063
-7.598888	-1.745787
-7.395478	-1.688618
-7.203438	-1.629553
-7.002555	-1.619761
-6.804514	-1.607759
-6.602367	-1.588808
-6.401168	-1.532270
-6.202811	-1.490893
-5.996874	-1.482049
-5.802308	-1.471310
-5.608057	-1.478890
-5.403699	-1.424247
-5.199657	-1.347495
-4.998774	-1.299485
-4.799153	-1.279270
-4.604587	-1.257792
-4.401808	-1.260319
-4.203768	-1.207255
-4.001621	-1.160193
-3.800105	-1.123554
-3.601433	-1.099233
-3.401813	-1.089757
-3.203772	-1.064173
-3.003836	-0.995001
-2.800110	-0.933094
-2.604912	-0.909089
-2.394868	-0.911300
-2.203461	-0.893296
-2.005104	-0.861079
-1.802957	-0.798224
-1.606180	-0.738843
-1.401506	-0.698730
-1.201886	-0.684200
-1.000055	-0.655142
-0.806120	-0.611238
-0.603341	-0.562596
-0.404037	-0.504163
-0.201259	-0.465629
-0.003218	-0.394877
0.201482	-0.257481
0.396073	-0.101133
0.594140	0.041007
0.797576	0.154729
0.995642	0.225490
1.202238	0.298146
1.397777	0.333526
1.593316	0.353743
1.794857	0.371118
1.994819	0.391967
2.200466	0.427031
2.398849	0.452619
2.602285	0.459252
2.801931	0.454514
2.993995	0.466834
3.189218	0.476311
3.398657	0.518957
3.597671	0.543912
3.797317	0.545176
3.997278	0.547387
4.194081	0.543280
4.393095	0.557180
4.594636	0.602037
4.794598	0.610250
4.996455	0.597614
5.203050	0.585610
5.392903	0.604880
5.595707	0.618148
5.792511	0.649737
5.996894	0.648474
6.193381	0.632047
6.397766	0.621938
6.601202	0.620991
6.795477	0.655739
6.996071	0.704071
7.193190	0.684486
7.395678	0.666795
7.598483	0.650369
7.798445	0.665848
7.997775	0.706282
8.189838	0.744506
8.393907	0.715127
8.596711	0.681643
8.795409	0.679431
8.995687	0.706282
9.192490	0.741031
9.388660	0.745453
9.599047	0.714496
9.791743	0.704387
9.993284	0.699333
9.794586	0.724604
9.588939	0.759669
9.394031	0.731238
9.194069	0.698701
8.996951	0.688592
8.796989	0.705335
8.592921	0.718918
8.394855	0.736924
8.192998	0.711653
7.994299	0.679115
7.792758	0.657950
7.599115	0.659530
7.396626	0.686065
7.194769	0.693015
6.994807	0.660162
6.795477	0.631415
6.596779	0.624466
6.403768	0.627940
6.196856	0.665216
5.997526	0.655739
5.792194	0.626361
5.594760	0.602669
5.398273	0.583399
5.199575	0.613409
4.996139	0.627309
4.796493	0.592876
4.596215	0.564761
4.394990	0.541385
4.191870	0.532856
3.997278	0.558443
3.797632	0.547387
3.597987	0.537594
3.394234	0.490526
3.194273	0.475679
2.994311	0.474415
2.796561	0.484524
2.598494	0.474731
2.398849	0.433665
2.197623	0.418818
1.996714	0.393546
1.789803	0.390703
1.592684	0.371433
1.401883	0.327840
1.197183	0.279508
0.998801	0.220436
0.793469	0.140198
0.593508	0.046693
0.396073	-0.115030
0.199271	-0.274221
-0.002586	-0.400563
-0.197152	-0.468787
-0.407827	-0.514902
-0.600183	-0.578389
-0.807068	-0.634295
-1.000055	-0.656405
-1.202518	-0.675040
-1.401822	-0.702520
-1.600810	-0.750845
-1.806116	-0.787800
-2.005104	-0.839285
-2.207567	-0.865817
-2.399922	-0.881609
-2.599226	-0.910668
-2.797899	-0.976366
-3.002257	-1.022796
-3.201561	-1.094179
-3.404024	-1.113131
-3.594168	-1.115973
-3.799474	-1.158614
-4.003831	-1.199043
-4.195555	-1.254949
-4.409389	-1.266320
-4.605219	-1.243263
-4.798206	-1.261266
-5.001616	-1.322542
-5.202816	-1.389503
-5.401804	-1.449832
-5.607741	-1.473205
-5.804834	-1.458676
-6.002559	-1.465309
-6.197125	-1.513950
-6.401799	-1.561644
-6.603314	-1.625763
-6.801040	-1.635870
-7.001923	-1.619130
-7.205965	-1.631764
-7.400216	-1.652294
-7.598888	-1.735996
-7.799140	-1.808642
-8.001919	-1.814328
-8.198380	-1.809274
-8.402422	-1.834543
-8.600147	-1.924877
-8.800083	-1.995312
-8.996229	-2.034163
-9.207220	-2.001314
-9.403049	-1.987416
-9.602670	-2.050587
-9.797235	-2.141553
-9.997804	-2.192406
-9.798499	-2.116285
-9.606460	-2.005736
-9.401470	-1.942249
-9.195217	-1.920139
-9.000650	-1.933405
-8.805452	-1.948250
-8.599516	-1.890449
-8.402738	-1.826962
-8.205329	-1.758422
-8.002234	-1.751157
-7.805773	-1.776425
-7.597940	-1.766950
-7.398636	-1.693671
-7.205649	-1.641240
-7.002239	-1.644398
-6.802935	-1.646925
-6.603314	-1.654821
-6.402115	-1.619446
-6.202179	-1.534796
-5.997821	-1.475100
-5.811152	-1.440040
-5.603635	-1.441619
-5.400540	-1.431196
-5.202184	-1.360129
-5.000037	-1.303275
-4.798522	-1.271374
-4.604903	-1.272953
-4.402756	-1.279586
-4.202188	-1.266320
-4.005727	-1.204728
-3.802316	-1.123238
-3.598906	-1.080914
-3.411288	-1.052487
-3.203772	-1.038273
-2.994676	-1.007635
-2.800742	-0.934357
-2.601121	-0.896770
-2.399606	-0.856025
-2.204408	-0.838337
-2.005420	-0.824440
-1.803589	-0.802962
-1.600810	-0.741686
-1.401506	-0.704415
-1.193358	-0.675672
-1.001318	-0.644718
-0.805804	-0.621661
-0.603657	-0.575546
-0.399299	-0.535749
-0.202838	-0.475736
-0.000375	-0.397088
0.201798	-0.275484
0.393546	-0.115030
0.599194	0.047641
0.795997	0.162943
0.998169	0.226753
1.198447	0.291196
1.396197	0.337001
1.593948	0.363220
1.795489	0.381542
1.990712	0.394494
2.202678	0.413132
2.400744	0.464938
2.596283	0.473468
2.800667	0.472204
2.995259	0.474099
3.194588	0.477574
3.396761	0.515166
3.598303	0.536647
3.802055	0.550862
3.997278	0.548651
4.194713	0.539174
4.394042	0.548335
4.598742	0.577713
4.797125	0.615305
4.999613	0.612146
5.195153	0.595087
5.393851	0.585926
5.593181	0.602669
5.794090	0.634258
5.997526	0.677852
6.194645	0.644367
6.397766	0.625413
6.601834	0.623202
6.792950	0.637733
6.990701	0.682906
7.200455	0.690803
7.392203	0.687329
7.597851	0.664900
7.798445	0.656687
7.993984	0.685433
8.192366	0.725552
8.392960	0.721129
8.603029	0.699964
8.791935	0.679115
8.995371	0.688276
9.191226	0.725552
9.388977	0.748612
9.593677	0.737240
9.796481	0.705335
9.996759	0.702176
9.794586	0.708494
9.590834	0.741663
9.392767	0.753035
9.192174	0.730922
8.994740	0.696805
8.798884	0.677536
8.596395	0.703755
8.391696	0.730922
8.192998	0.729027
7.992404	0.688592
7.797813	0.664268
7.601326	0.638049
7.396626	0.667743
7.195085	0.695226
6.995755	0.673113
6.789475	0.644367
6.597727	0.627309
6.394607	0.616884
6.194961	0.647210
5.994683	0.659214
5.794090	0.636785
5.594760	0.613409
5.390376	0.588138
5.197996	0.590033
5.003720	0.595719
4.794598	0.609618
4.594952	0.584031
4.394674	0.550862
4.194713	0.523063
4.000121	0.535067
3.794473	0.548967
3.599250	0.536331
3.398025	0.523695
3.196168	0.478206
2.995890	0.465570
2.801615	0.468729
2.595335	0.480101
2.397901	0.456409
2.196044	0.426715
1.999557	0.384701
1.792330	0.375224
1.595527	0.361957
1.393986	0.333526
1.196552	0.285194
0.995958	0.224858
0.795997	0.142725
0.596351	0.038480
0.394810	-0.114399
0.209063	-0.287171
-0.001007	-0.405616
-0.200311	-0.469103
-0.402142	-0.530379
-0.604605	-0.573019
-0.804541	-0.614712
-1.002898	-0.670303
-1.200307	-0.700625
-1.403085	-0.719576
-1.603021	-0.765691
-1.802009	-0.798224
-2.007947	-0.865817
-2.205987	-0.890769
-2.399291	-0.895823
-2.606491	-0.907509
-2.803268	-0.942253
-3.003836	-0.994369
-3.197139	-1.067648
-3.402445	-1.080282
-3.604907	-1.067648
-3.800421	-1.095443
-4.003516	-1.119132
-4.201557	-1.157350
-4.403388	-1.217047
-4.603323	-1.264741
-4.801996	-1.261266
-4.995931	-1.283060
-5.202500	-1.341178
-5.403067	-1.386345
-5.603951	-1.425195
-5.811783	-1.426458
-6.000348	-1.426458
-6.199653	-1.461834
-6.405590	-1.526584
-6.601419	-1.630185
-6.808936	-1.669982
-7.002555	-1.676299
-7.202806	-1.679142
-7.392004	-1.694935
-7.596993	-1.741997
-7.801351	-1.808958
-8.001603	-1.801694
-8.205013	-1.777689
-8.407160	-1.782426
-8.597937	-1.846861
-8.801031	-1.929931
-8.996229	-1.990575
-9.198691	-2.001630
-9.405577	-1.977309
-9.603301	-2.035426
-9.801026	-2.107757
-9.994961	-2.174402
-9.799763	-2.149134
-9.604565	-2.088490
-9.403049	-2.002577
-9.199324	-1.971623
-8.997492	-1.997208
-8.797556	-1.965938
-8.603937	-1.938143
-8.407160	-1.852862
-8.201855	-1.784006
-8.006341	-1.770740
-7.802299	-1.779900
-7.598257	-1.789059
-7.399268	-1.732206
-7.204386	-1.677247
-7.004766	-1.640292
-6.804830	-1.612497
-6.604578	-1.618498
-6.404642	-1.646293
-6.199021	-1.594493
-6.001612	-1.499105
-5.804834	-1.444778
-5.604898	-1.440356
-5.397382	-1.444778
-5.198709	-1.433723
-5.002248	-1.363603
-4.798838	-1.266320
-4.603323	-1.237262
-4.403072	-1.229681
-4.203452	-1.223048
-3.995935	-1.198411
-3.799474	-1.128608
-3.602696	-1.090705
-3.404971	-1.061331
-3.207246	-1.052802
-3.005731	-1.029429
-2.800742	-0.984262
-2.605859	-0.916353
-2.395816	-0.887926
-2.207251	-0.856025
-2.005104	-0.839916
-1.803273	-0.806752
-1.603969	-0.770113
-1.403085	-0.712627
-1.202833	-0.671566
-0.999107	-0.663670
-0.805173	-0.633663
-0.610290	-0.596393
-0.401826	-0.549646
-0.201574	-0.484896
-0.000375	-0.397404
0.202745	-0.269483
0.394810	-0.112819
0.595403	0.043534
0.797576	0.167049
0.997854	0.222015
1.197815	0.282667
1.393986	0.338896
1.594264	0.372697
1.793594	0.388808
1.997030	0.392914
2.197623	0.421345
2.397901	0.445353
2.600074	0.464623
2.800667	0.487367
2.997470	0.481049
3.195220	0.482629
3.399920	0.493053
3.597987	0.520852
3.797317	0.553389
4.007387	0.558443
4.194081	0.557812
4.394358	0.545492
4.595268	0.565709
4.795545	0.597299
4.998666	0.621622
5.197048	0.612146
5.393535	0.592876
5.596024	0.591296
5.796617	0.620359
5.994367	0.647842
6.197804	0.665216
6.399029	0.641208
6.598675	0.629204
6.793898	0.636154
6.991964	0.659530
7.197612	0.698701
7.397258	0.690172
7.596903	0.679431
7.798445	0.667743
7.990193	0.667427
8.194893	0.708178
8.397382	0.740083
8.592605	0.722709
8.793830	0.697121
8.998530	0.678484
9.190595	0.686065
9.390872	0.731554
9.593992	0.759353
9.793323	0.734713
9.996443	0.710073
9.793007	0.699964
9.593045	0.713864
9.393399	0.748612
9.190279	0.757141
8.996319	0.711968
8.795094	0.692383
8.595764	0.677536
8.394855	0.691751
8.190471	0.737872
7.995879	0.698069
7.795286	0.696174
7.595008	0.657634
7.390624	0.643103
7.195716	0.673113
6.994175	0.695542
6.789791	0.670270
6.595832	0.628572
6.399345	0.621938
6.196540	0.625413
5.995631	0.650053
5.797565	0.645630
5.591917	0.622886
5.393851	0.597930
5.195468	0.569816
4.996770	0.598246
4.797441	0.608039
4.592109	0.592876
4.394990	0.561286
4.195028	0.534435
3.996330	0.520220
3.797317	0.534435
3.601461	0.535067
3.391707	0.528117
3.198695	0.498739
2.999681	0.466834
2.798456	0.460200
2.596599	0.466834
2.396637	0.460200
2.194780	0.432085
1.995766	0.404287
1.795805	0.363852
1.595211	0.348373
1.399356	0.329419
1.194656	0.290248
0.995010	0.228017
0.795365	0.147780
0.595719	0.039112
0.394178	-0.114714
0.203377	-0.276748
0.002468	-0.410670
-0.205681	-0.479526
-0.403405	-0.518377
-0.603341	-0.570493
-0.806120	-0.614712
-0.999423	-0.656089
-1.200938	-0.701256
-1.401190	-0.719260
-1.595125	-0.754320
