# Configuration automatically generated by WRITE_CONFIG()
connection eth
ip 192.168.0.10
samplehz 1000.000000
settleus 10.000000
nsample 128

# Analog Inputs
aichannel 0
ainegative 199
airange 10.000000
airesolution 0

aichannel 1
ainegative 199
airange 10.000000
airesolution 0

# Analog Outputs
aochannel 0
aosignal triangle
aofrequency 5.000000
aoamplitude 2.000000
aooffset 2.500000
aoduty 0.500000

# Meta Parameters
int:periods 10
flt:tip_T_C 331.707854
flt:plate_T_C 373.206950
flt:plate_Q_kW 0.853692
flt:cool_Thigh_C 55.952981
flt:cool_Tlow_C 12.521902
flt:air_psig 20.000000
flt:water_gph 4.000000
flt:standoff_in 0.228000
flt:oxygen_scfh 12.460938
flt:fuel_scfh 7.593406
flt:flow_scfh 20.054344
flt:ratio_fto 0.609377

## End Configuration ##
#: Wed Mar 22 17:09:12 2017
-7.601415	-3.338642
-9.549290	-3.913813
-9.536340	-3.906864
-9.539183	-3.857591
-9.395784	-3.751780
-9.205324	-3.754622
-8.998440	-3.730618
-8.801347	-3.671869
-8.597304	-3.627649
-8.404634	-3.543000
-8.201539	-3.476670
-8.005709	-3.472564
-7.798508	-3.454245
-7.597625	-3.383493
-7.403374	-3.338958
-7.193647	-3.236305
-6.999396	-3.188927
-6.796302	-3.141233
-6.604262	-3.092275
-6.402431	-3.009206
-6.204074	-2.923609
-5.995610	-2.827273
-5.806414	-2.770104
-5.605846	-2.772315
-5.392960	-2.705353
-5.202184	-2.658291
-4.993720	-2.567325
-4.801048	-2.512051
-4.604587	-2.464988
-4.403704	-2.438772
-4.199661	-2.381918
-4.008254	-2.305166
-3.796631	-2.244522
-3.601433	-2.135868
-3.408130	-2.111231
-3.202509	-2.028477
-3.011101	-1.994365
-2.798846	-1.888238
-2.605228	-1.825067
-2.397395	-1.749262
-2.211989	-1.699357
-1.995944	-1.639976
-1.816539	-1.576173
-1.593861	-1.501632
-1.410982	-1.431196
-1.195885	-1.397400
-0.996580	-1.295379
-0.806120	-1.257476
-0.603026	-1.131134
-0.404353	-1.040168
-0.199363	-0.864553
-0.005745	-0.683568
0.205904	-0.384770
0.383437	-0.201574
0.603301	0.017315
0.795997	0.175894
0.997538	0.266556
1.198447	0.337317
1.397145	0.347425
1.589209	0.370802
1.799280	0.388492
1.989448	0.469993
2.189410	0.465254
2.407694	0.519272
2.592176	0.479154
2.798456	0.457673
2.993047	0.516429
3.197432	0.566973
3.391391	0.577397
3.605568	0.583083
3.798580	0.555284
3.998857	0.528117
4.200399	0.602353
4.386777	0.634890
4.600006	0.645315
4.791754	0.640892
4.999929	0.609934
5.201787	0.583715
5.396694	0.663952
5.589074	0.682906
5.798196	0.687645
5.996894	0.692699
6.192750	0.623834
6.404399	0.638681
6.597095	0.688276
6.797057	0.739451
6.995123	0.723025
7.197296	0.711968
7.391256	0.669639
7.601326	0.686381
7.794654	0.742294
7.988614	0.765987
8.196157	0.780834
8.390432	0.716707
8.598291	0.720814
8.794778	0.696805
8.996951	0.770409
9.185856	0.780202
9.398138	0.768514
9.590834	0.735661
9.804695	0.740715
9.984123	0.740715
9.801220	0.779570
9.586727	0.800735
9.391504	0.759353
9.190910	0.747665
8.993160	0.717023
8.799832	0.753035
8.585655	0.749560
8.401173	0.803578
8.183520	0.715759
8.001249	0.735977
7.789599	0.695858
7.596903	0.692383
7.397573	0.734713
7.191610	0.719234
6.990701	0.705651
6.791687	0.679747
6.591093	0.687013
6.401556	0.649421
6.208228	0.719550
5.988365	0.679115
5.799460	0.666164
5.591601	0.667111
5.393851	0.638681
5.192626	0.630468
5.003720	0.650369
4.791754	0.639313
4.597795	0.605512
4.393095	0.620043
4.187131	0.557180
4.007387	0.577713
3.800791	0.593192
3.591669	0.559075
3.393602	0.544544
3.198063	0.541385
2.994311	0.495580
2.806985	0.519272
2.594704	0.509164
2.391267	0.466202
2.203625	0.485156
1.988817	0.433349
1.803386	0.403971
1.591105	0.394494
1.393038	0.361641
1.193709	0.301305
1.003856	0.272242
0.788099	0.157572
0.599510	0.002468
0.395442	-0.174411
0.197059	-0.428990
0.001520	-0.641876
-0.206944	-0.881293
-0.402458	-1.025323
-0.605237	-1.172195
-0.803593	-1.250212
-1.013952	-1.362972
-1.181987	-1.407191
-1.410350	-1.437197
-1.594493	-1.514582
-1.808958	-1.585649
-2.001945	-1.675984
-2.208830	-1.747051
-2.403081	-1.802957
-2.599858	-1.835174
-2.806427	-1.923613
-2.993097	-1.963727
-3.214827	-2.090069
-3.397707	-2.112810
-3.608066	-2.178824
-3.795999	-2.199670
-4.005095	-2.281793
-4.199977	-2.369916
-4.404019	-2.420137
-4.601429	-2.491836
-4.801680	-2.498153
-4.998142	-2.580275
-5.200921	-2.636497
-5.407174	-2.745783
-5.597002	-2.792529
-5.807993	-2.850331
-5.991820	-2.891392
-6.202179	-2.945719
-6.394219	-3.027841
-6.609632	-3.127335
-6.798513	-3.186084
-7.010135	-3.200613
-7.208176	-3.228724
-7.392635	-3.257467
-7.603310	-3.359488
-7.803562	-3.419816
-8.002550	-3.462457
-8.202170	-3.482987
-8.405265	-3.532892
-8.595094	-3.581534
-8.809243	-3.675343
-8.994650	-3.771994
-9.201219	-3.781154
-9.408419	-3.831375
-9.542341	-3.837692
-9.583087	-3.853485
-9.572032	-3.875911
-9.567294	-3.868646
-9.552448	-3.836113
-9.409367	-3.778943
-9.188584	-3.728091
-9.001914	-3.717667
-8.804189	-3.739777
-8.595094	-3.653549
-8.405581	-3.615330
-8.205960	-3.523417
-8.000340	-3.498464
-7.797876	-3.450454
-7.597625	-3.416342
-7.386950	-3.308636
-7.216704	-3.244833
-6.998133	-3.168396
-6.810515	-3.111858
-6.597313	-3.082484
-6.404958	-3.025314
-6.195230	-2.945719
-6.002875	-2.875283
-5.805466	-2.825694
-5.598266	-2.742624
-5.410332	-2.760628
-5.193340	-2.657975
-5.006986	-2.597647
-4.795995	-2.494678
-4.609325	-2.447300
-4.399913	-2.392973
-4.212612	-2.375285
-3.994672	-2.316537
-3.805791	-2.232203
-3.604276	-2.187352
-3.406867	-2.097018
-3.203772	-2.073013
-3.003836	-1.977309
-2.804216	-1.921718
-2.601753	-1.836438
-2.403081	-1.769161
-2.200934	-1.709464
-2.009526	-1.658296
-1.797903	-1.603337
-1.606811	-1.529111
-1.397400	-1.468783
-1.199991	-1.387292
-1.003529	-1.338019
-0.803277	-1.257476
-0.608395	-1.159561
-0.404353	-1.029429
-0.204101	-0.880978
0.012261	-0.661775
0.196428	-0.422673
0.401444	-0.168094
0.587822	0.013840
0.793785	0.145884
1.003856	0.285826
1.191497	0.324681
1.401883	0.372065
1.591736	0.384385
1.796752	0.397337
1.994503	0.416606
2.205521	0.503478
2.386213	0.497792
2.599758	0.488315
2.800035	0.500319
2.996522	0.456409
3.195220	0.543280
3.398025	0.581188
3.588826	0.595087
3.800475	0.570447
4.002332	0.581188
4.183024	0.542017
4.402887	0.623518
4.587054	0.660162
4.804074	0.654476
4.990768	0.628888
5.200839	0.613725
5.387217	0.607407
5.599183	0.675956
5.793458	0.717339
5.991840	0.675956
6.206965	0.682274
6.393027	0.628572
6.603097	0.666480
6.787896	0.709757
7.002389	0.732502
7.191294	0.731238
7.401364	0.708178
7.588690	0.687329
7.796865	0.702492
7.995879	0.768830
8.193629	0.756194
8.393591	0.764407
8.587867	0.723341
8.799517	0.705019
8.993476	0.728711
9.191858	0.782097
9.387713	0.775147
9.600310	0.753982
9.787004	0.759353
10.000234	0.732186
9.787952	0.759669
9.592413	0.775147
9.395926	0.794417
9.186172	0.746085
9.002953	0.736924
8.791303	0.726184
8.598923	0.743558
8.385694	0.756194
8.199315	0.751771
7.984507	0.712600
7.808553	0.697437
7.597535	0.705966
7.390940	0.691119
7.201403	0.728395
6.994492	0.697753
6.796109	0.699017
6.597727	0.667111
6.401872	0.682906
6.186431	0.657634
6.007003	0.702807
5.791247	0.669323
5.592865	0.638681
5.393219	0.665216
5.200207	0.631415
4.989505	0.638049
4.799652	0.638365
4.590845	0.619411
4.391200	0.584347
4.202610	0.608987
3.984010	0.558443
3.800791	0.578661
3.592616	0.570763
3.402763	0.544544
3.191430	0.533488
3.004420	0.525906
2.786768	0.499687
2.604181	0.490842
2.399164	0.503162
2.194149	0.445353
2.001137	0.468097
1.785380	0.403023
1.593948	0.384701
1.399672	0.355323
1.195920	0.320890
0.989956	0.243180
0.811160	0.161679
0.591612	0.018894
0.391967	-0.192415
0.202745	-0.399299
-0.005113	-0.668407
-0.199048	-0.871818
-0.402458	-1.035430
-0.605552	-1.146611
-0.807383	-1.249896
-0.995949	-1.331070
-1.208835	-1.404349
-1.394557	-1.469415
-1.605864	-1.491524
-1.802957	-1.590387
-2.005420	-1.648820
-2.205040	-1.765370
-2.398343	-1.808011
-2.603333	-1.865180
-2.796635	-1.911611
-3.011732	-2.006367
-3.200298	-2.060063
-3.416342	-2.144080
-3.590062	-2.187352
-3.806422	-2.224623
-4.002568	-2.292847
-4.198714	-2.349070
-4.409705	-2.441299
-4.602692	-2.493415
-4.801680	-2.559429
-4.991193	-2.567957
-5.202816	-2.656712
-5.392013	-2.675663
-5.613742	-2.798846
-5.797254	-2.843066
-6.000348	-2.866755
-6.199337	-2.934664
-6.399904	-3.009837
-6.600472	-3.095434
-6.807041	-3.152288
-6.992764	-3.205667
-7.202806	-3.185768
-7.405585	-3.235042
-7.592571	-3.303898
-7.806405	-3.416342
-7.998128	-3.486146
-8.207540	-3.539526
-8.399263	-3.532892
-8.599516	-3.593221
-8.786501	-3.659550
-9.008231	-3.746410
-9.199007	-3.839903
-9.395153	-3.844641
-9.530339	-3.867383
-9.558134	-3.867698
-9.556555	-3.899600
-9.527181	-3.912550
-9.514862	-3.892019
-9.394837	-3.809581
-9.207851	-3.731565
-9.001283	-3.717036
-8.796609	-3.674711
-8.605832	-3.663972
-8.402422	-3.575849
-8.203434	-3.506676
-7.997812	-3.430871
-7.800087	-3.398023
-7.598888	-3.362331
-7.406533	-3.324113
-7.199016	-3.244201
-7.009188	-3.148182
-6.791564	-3.118176
-6.596682	-3.054373
-6.399589	-3.038580
-6.197125	-2.952352
-6.002875	-2.881284
-5.801991	-2.794740
-5.616269	-2.751153
-5.386959	-2.693667
-5.210712	-2.651658
-4.989298	-2.585329
-4.809577	-2.507313
-4.597954	-2.444142
-4.406862	-2.384445
-4.199030	-2.356018
-4.001936	-2.285267
-3.805159	-2.223675
-3.595432	-2.123865
-3.409077	-2.113126
-3.200929	-2.018054
-3.009837	-2.013948
-2.795688	-1.935616
-2.609650	-1.868023
-2.398343	-1.804536
-2.211673	-1.730310
-2.000998	-1.687038
-1.807063	-1.614076
-1.597336	-1.554379
-1.406244	-1.458991
-1.196516	-1.421405
-0.995633	-1.303907
-0.811805	-1.257792
-0.601762	-1.162404
-0.401510	-1.034167
-0.199679	-0.850340
-0.006376	-0.680726
0.207168	-0.403090
0.388492	-0.195257
0.600773	0.009102
0.795997	0.167049
0.996274	0.237810
1.200658	0.349321
1.395882	0.380910
1.589209	0.396389
1.795805	0.393546
1.998609	0.417554
2.190989	0.449460
2.405167	0.505689
2.589649	0.528749
2.797192	0.487051
2.998102	0.494001
3.192377	0.509480
3.395182	0.560339
3.598619	0.592244
3.794158	0.606144
3.994435	0.566025
4.201978	0.577397
4.383302	0.598246
4.595900	0.625097
4.797125	0.670902
4.994243	0.645315
5.197048	0.636154
5.387217	0.601405
5.590337	0.643103
5.792511	0.670270
6.004476	0.721129
6.187063	0.683538
6.404715	0.664900
6.583512	0.653844
6.798636	0.688276
6.988489	0.723341
7.199192	0.744822
7.391888	0.723025
7.596272	0.688908
7.795286	0.714496
7.991457	0.694278
8.196472	0.783361
8.384746	0.742926
8.602714	0.755562
8.788460	0.711337
9.001058	0.722709
9.191543	0.734713
9.396558	0.783993
9.589570	0.782097
9.803747	0.752719
9.988230	0.757141
9.796481	0.732186
9.593677	0.770725
9.381080	0.770093
9.195965	0.761248
8.992528	0.750508
8.799832	0.743874
8.586603	0.712284
8.400857	0.744506
8.182889	0.743558
8.002197	0.733449
7.793390	0.711968
7.594692	0.693331
7.400417	0.691435
7.193505	0.706914
6.990701	0.718286
6.793266	0.689856
6.602781	0.696174
6.394922	0.667111
6.203806	0.687329
5.987733	0.681011
5.795669	0.667427
5.599498	0.671534
5.388796	0.646894
5.199259	0.637417
4.996770	0.612462
4.802179	0.634258
4.598427	0.608671
4.398465	0.617516
4.183024	0.593508
4.004859	0.566973
3.795421	0.570447
3.600514	0.564761
3.387285	0.555284
3.195536	0.540753
2.990520	0.534435
2.803510	0.490210
2.597862	0.518009
2.390319	0.465886
2.207732	0.474415
1.986605	0.451671
1.799911	0.426399
1.588262	0.378699
1.401883	0.353743
1.195288	0.305727
1.006067	0.252973
0.789679	0.169576
0.594455	-0.006692
0.399864	-0.167778
0.194848	-0.429621
0.006575	-0.635874
-0.208523	-0.887926
-0.399931	-1.026587
-0.609659	-1.147875
-0.801382	-1.209782
-1.008267	-1.308013
-1.194305	-1.398347
-1.397716	-1.450463
-1.598915	-1.510160
-1.808642	-1.573647
-2.003840	-1.681985
-2.205040	-1.751789
-2.400554	-1.844650
-2.600806	-1.878130
-2.811481	-1.937827
-2.992465	-1.975414
-3.216722	-2.057852
-3.397075	-2.125445
-3.605223	-2.206619
-3.795052	-2.245785
-4.000989	-2.270106
-4.206295	-2.346227
-4.402440	-2.408766
-4.602692	-2.489309
-4.797258	-2.525948
-5.002564	-2.573958
-5.193340	-2.597015
-5.410964	-2.705038
-5.597002	-2.777368
-5.808625	-2.844330
-6.003823	-2.908764
-6.193651	-2.921714
-6.401168	-2.979831
-6.602999	-3.050583
-6.794091	-3.159868
-7.003187	-3.187979
-7.210387	-3.244517
-7.393267	-3.243886
-7.606784	-3.309268
-7.801035	-3.414447
-8.000340	-3.481092
-8.202802	-3.545842
-8.407160	-3.563215
-8.590356	-3.605223
-8.805768	-3.684819
-8.998124	-3.815266
-9.193954	-3.865803
-9.400522	-3.951084
-9.482013	-3.928658
-9.531919	-3.906233
-9.548658	-3.904969
-9.518968	-3.922341
-9.486751	-3.919183
-9.409367	-3.878753
-9.192059	-3.778627
-9.000019	-3.674395
-8.806085	-3.675975
-8.594461	-3.617226
-8.408108	-3.602696
-8.202802	-3.498464
-8.003814	-3.454245
-7.801983	-3.397075
-7.607100	-3.405603
-7.387897	-3.333588
-7.211335	-3.260310
-7.000976	-3.191770
-6.804830	-3.084379
-6.594471	-3.047740
-6.406221	-2.990570
-6.199337	-2.950457
-6.000032	-2.872125
-5.804834	-2.807059
-5.597634	-2.714829
-5.413806	-2.687982
-5.194919	-2.633023
-5.006354	-2.597331
-4.791573	-2.523105
-4.607430	-2.439720
-4.403704	-2.371179
-4.201241	-2.338015
-4.000989	-2.299165
-3.795368	-2.237257
-3.605539	-2.179140
-3.397707	-2.081857
-3.209457	-2.058167
-2.997519	-1.989311
-2.802637	-1.946987
-2.598279	-1.873393
-2.404028	-1.792534
-2.205040	-1.742313
-2.002261	-1.673141
-1.802325	-1.631132
-1.602074	-1.550589
-1.405928	-1.488050
-1.194937	-1.375922
-1.004793	-1.335808
-0.798224	-1.254634
-0.604605	-1.163983
-0.402774	-1.030061
-0.203785	-0.849076
0.006890	-0.648509
0.188846	-0.422673
0.401128	-0.181676
0.594140	0.040059
0.791890	0.122192
1.006383	0.265609
1.190234	0.324681
1.403779	0.382806
1.586998	0.403655
1.795489	0.426715
1.980919	0.396073
2.208048	0.448828
2.388108	0.501266
2.598494	0.502214
2.805090	0.539490
2.992732	0.493369
3.192693	0.514534
3.393918	0.523063
3.595459	0.579292
3.800791	0.600773
4.006439	0.617832
4.182077	0.572975
4.400676	0.571395
4.591793	0.615305
4.794281	0.671218
4.994559	0.677536
5.206841	0.638365
5.391955	0.637101
5.599498	0.616252
5.789667	0.668691
5.988681	0.688276
6.206965	0.709757
6.390184	0.676588
6.604677	0.670270
6.791371	0.677852
6.991964	0.693015
7.193190	0.744506
7.397573	0.733133
7.594060	0.722077
7.799077	0.688908
8.002513	0.716391
8.186364	0.732186
8.396434	0.786520
8.588814	0.748612
8.795094	0.738188
8.993160	0.739135
9.193122	0.724604
9.385186	0.757457
9.593992	0.782097
9.790795	0.784940
9.995811	0.740715
9.797113	0.764091
9.588622	0.723341
9.400349	0.793785
9.180801	0.777359
9.002953	0.743558
8.793514	0.740715
8.595764	0.724604
8.386009	0.718602
8.199947	0.749244
7.980084	0.747349
7.799708	0.701228
7.603221	0.735029
7.389360	0.680379
7.198875	0.694910
6.991016	0.710705
6.799268	0.778938
6.590777	0.679115
6.405347	0.703755
6.183589	0.657634
6.003528	0.658898
5.797565	0.685433
5.584651	0.648158
5.396062	0.668375
5.193257	0.646262
4.993611	0.625097
4.801547	0.598878
4.592424	0.641840
4.388041	0.583399
4.203242	0.608987
3.993487	0.598878
3.801739	0.535699
3.595459	0.556864
3.396761	0.551178
3.189850	0.536331
2.997470	0.525590
2.796245	0.524959
2.591861	0.464623
2.405798	0.480733
2.191305	0.462727
1.993871	0.445353
1.791382	0.435244
1.590157	0.389124
1.398725	0.344898
1.200974	0.313941
0.995958	0.242232
0.794733	0.155045
0.601089	0.025844
0.395126	-0.192731
0.206536	-0.400563
-0.009535	-0.655773
-0.195889	-0.862974
-0.408775	-1.047749
-0.602078	-1.150401
-0.813701	-1.242631
-0.993106	-1.330755
-1.202202	-1.371184
-1.404033	-1.477311
-1.602074	-1.494051
-1.806747	-1.581227
-2.000050	-1.601758
-2.214515	-1.716413
-2.392973	-1.769161
-2.609965	-1.862969
-2.799162	-1.907189
-3.008574	-1.976045
-3.193349	-2.070486
-3.414131	-2.140290
-3.591010	-2.229045
-3.805159	-2.256840
-4.003200	-2.323169
-4.201241	-2.336435
-4.406546	-2.431508
-4.599533	-2.488677
-4.809577	-2.591646
-4.991509	-2.590383
-5.208501	-2.664608
-5.391381	-2.694930
-5.611847	-2.790318
-5.801360	-2.875283
-6.000664	-2.906237
-6.203127	-2.967829
-6.398009	-2.976673
-6.598893	-3.038580
-6.807988	-3.106805
-7.001291	-3.203456
-7.198385	-3.221144
-7.411586	-3.292527
-7.596993	-3.309899
-7.806721	-3.380335
-8.001919	-3.453613
-8.203750	-3.525944
-8.400527	-3.575533
-8.599199	-3.595116
-8.794082	-3.649443
-9.000650	-3.709455
-9.209431	-3.822215
-9.394205	-3.878437
-9.514230	-3.892019
-9.554660	-3.880017
-9.573295	-3.882859
-9.532550	-3.902442
-9.495279	-3.919814
-9.395153	-3.893914
-9.200903	-3.785260
-9.009495	-3.744199
-8.789344	-3.671237
-8.608675	-3.645968
-8.396421	-3.619121
-8.201539	-3.556897
-8.000024	-3.470037
-7.802930	-3.398654
-7.591939	-3.340537
-7.403690	-3.304846
-7.203754	-3.286210
-7.000344	-3.160816
-6.808620	-3.111542
-6.595418	-3.023735
-6.408748	-2.989938
-6.198705	-2.918240
-5.997821	-2.874652
-5.804518	-2.758733
-5.612795	-2.704090
-5.394223	-2.657028
-5.207869	-2.609650
-4.996562	-2.591330
-4.807682	-2.522474
-4.603008	-2.470042
-4.404335	-2.384445
-4.199661	-2.365178
-3.995304	-2.293795
-3.800737	-2.274844
-3.593537	-2.172191
-3.408762	-2.138079
-3.196192	-2.047113
-3.015207	-2.016159
-2.795688	-1.931826
-2.596384	-1.871813
-2.398343	-1.770424
-2.205040	-1.696514
-2.003840	-1.648820
-1.804852	-1.574910
-1.603969	-1.543009
-1.398031	-1.446041
-1.204413	-1.411929
-0.995633	-1.298221
-0.808331	-1.239473
-0.602078	-1.164931
-0.405301	-1.036694
-0.194626	-0.841496
-0.008903	-0.650720
0.205589	-0.412249
0.392283	-0.175043
0.590349	0.007206
0.802630	0.184424
0.992483	0.242548
1.200974	0.305727
1.395882	0.378067
1.594264	0.415975
1.789487	0.416291
2.000821	0.436508
2.191305	0.423872
2.396006	0.458621
2.603549	0.532224
2.797192	0.520536
3.002840	0.530645
3.192693	0.517061
3.400236	0.523379
3.591037	0.549282
3.802055	0.619727
3.995699	0.601405
4.199767	0.592876
4.396254	0.605196
4.590845	0.571711
4.802811	0.638049
4.993296	0.662373
5.198311	0.674693
5.390376	0.636470
5.596971	0.640260
5.784929	0.628256
6.008583	0.686697
6.187695	0.718286
6.400924	0.686697
6.588882	0.690488
6.796425	0.667111
6.990069	0.691751
7.199192	0.723341
7.393783	0.755562
7.591533	0.716075
7.803499	0.736608
7.981980	0.693331
8.203423	0.725236
8.382535	0.738820
8.610611	0.771041
8.788460	0.738188
8.997898	0.738188
9.188067	0.727763
9.391504	0.722709
9.588939	0.791258
9.795850	0.780834
9.992969	0.774516
9.790795	0.737556
9.598100	0.750508
9.391188	0.729659
9.193753	0.782413
8.994740	0.765039
8.795726	0.752087
8.589762	0.739451
8.400540	0.716391
8.187311	0.728395
8.001881	0.723972
7.800024	0.753035
7.591533	0.704703
7.401049	0.709441
7.192558	0.683538
6.991964	0.696805
6.792003	0.701860
6.602149	0.697121
6.393975	0.670902
6.207281	0.693015
5.993420	0.666480
5.790615	0.644683
5.603289	0.669007
5.383110	0.644999
5.199891	0.657634
4.994559	0.630152
4.792070	0.621622
4.585159	0.596983
4.412364	0.615305
4.185552	0.589717
3.997278	0.573606
3.800475	0.579292
3.592300	0.528749
3.392971	0.563182
3.197432	0.531908
2.992732	0.527802
2.796245	0.512323
2.604812	0.513902
2.384633	0.459252
2.203625	0.462095
1.994819	0.455777
1.793594	0.425767
1.589209	0.403655
1.405990	0.350584
1.186759	0.305727
1.002592	0.247287
0.796312	0.174315
0.587822	-0.004481
0.405866	-0.169989
0.187267	-0.409407
0.009102	-0.635559
-0.207260	-0.878767
-0.400247	-1.031008
-0.607448	-1.153560
-0.806752	-1.223048
-0.998160	-1.301380
-1.201570	-1.398979
-1.400874	-1.445726
-1.604600	-1.553432
-1.801378	-1.579648
-2.010158	-1.667771
-2.201566	-1.746103
-2.398659	-1.814328
-2.599858	-1.891396
-2.812428	-1.949198
-2.994992	-1.994365
-3.206299	-2.043954
-3.403708	-2.137131
-3.600169	-2.186720
-3.802316	-2.265368
-3.996251	-2.292532
-4.199346	-2.331066
-4.400861	-2.396448
-4.609009	-2.494047
-4.795047	-2.554691
-5.004143	-2.615335
-5.190813	-2.621020
-5.410648	-2.658291
-5.601740	-2.738834
-5.793148	-2.800426
-6.004455	-2.885706
-6.196810	-2.922662
-6.400536	-2.954563
-6.599524	-2.990886
-6.805778	-3.097013
-6.995606	-3.142496
-7.214177	-3.234726
-7.384423	-3.245465
-7.600783	-3.243254
-7.804193	-3.315269
-7.999708	-3.368648
-8.201539	-3.486778
-8.411582	-3.530997
-8.594778	-3.579639
-8.797240	-3.608698
-9.007600	-3.718931
-9.190164	-3.798842
-9.406208	-3.911602
-9.491488	-3.920446
-9.548343	-3.896757
-9.571084	-3.876858
-9.557818	-3.883491
-9.491804	-3.908128
-9.405577	-3.904337
-9.196796	-3.844325
-8.996229	-3.702190
-8.810506	-3.678185
-8.591303	-3.620700
-8.411266	-3.596695
-8.197433	-3.532892
-8.003498	-3.471617
-7.798193	-3.376860
-7.604889	-3.344327
-7.395478	-3.302634
-7.205965	-3.255572
-7.004134	-3.236937
-6.799460	-3.117544
-6.603946	-3.064480
-6.398957	-3.004468
-6.200284	-2.962143
-5.998769	-2.894550
-5.807993	-2.830748
-5.600161	-2.729358
-5.408121	-2.673768
-5.198393	-2.651974
-4.998774	-2.600174
-4.795679	-2.557534
-4.602060	-2.466252
-4.410968	-2.418242
-4.200925	-2.348754
-4.004463	-2.308640
-3.797894	-2.251155
-3.608382	-2.205672
-3.393601	-2.122286
-3.209773	-2.058799
-2.993413	-1.976677
-2.809901	-1.922982
-2.604596	-1.884763
-2.395500	-1.792850
-2.207567	-1.739470
-2.001630	-1.653874
-1.809274	-1.615339
-1.598599	-1.527532
-1.406244	-1.483628
-1.188936	-1.377817
-1.008267	-1.312119
-0.801698	-1.251159
-0.600815	-1.160509
-0.404669	-1.058804
-0.198100	-0.853498
0.007522	-0.638717
0.194848	-0.389824
0.400180	-0.199679
0.594771	0.048273
0.786520	0.152202
1.004487	0.252657
1.194340	0.303516
1.403147	0.365431
1.590157	0.407446
1.803386	0.445985
1.987869	0.427347
2.204257	0.436192
2.395374	0.468729
2.592808	0.469677
2.805090	0.556548
2.990520	0.537278
3.202170	0.537910
3.393602	0.519272
3.598619	0.565393
3.789419	0.572975
4.005491	0.628572
4.187131	0.620359
4.392147	0.579608
4.598742	0.606459
4.796493	0.588769
4.997086	0.669323
5.199575	0.671534
5.390376	0.662373
5.593181	0.638681
5.797881	0.651948
5.990892	0.647526
6.199383	0.681643
6.406295	0.716075
6.597727	0.686065
6.792318	0.696805
6.994175	0.671850
7.197928	0.702807
7.394414	0.730606
7.599431	0.750824
7.791811	0.713548
8.001881	0.730290
8.184784	0.704071
8.397382	0.727447
8.588498	0.775463
8.799200	0.757141
8.997267	0.744506
9.186488	0.729975
9.392451	0.737556
9.587043	0.739767
9.805642	0.803894
9.983175	0.772620
9.804695	0.781465
9.580409	0.742926
9.399085	0.739451
9.186804	0.760932
8.998846	0.763143
8.797621	0.744822
8.597028	0.742294
8.389800	0.748612
8.198051	0.693647
7.987666	0.746401
7.793390	0.708809
7.610171	0.719550
7.386517	0.719234
7.198560	0.698069
6.989437	0.669323
6.800216	0.702492
6.592041	0.689224
6.403451	0.692067
6.185800	0.694278
6.000685	0.641208
5.795037	0.675956
5.589390	0.658898
5.396062	0.662057
5.194521	0.640892
5.005300	0.650053
4.791754	0.596351
4.599374	0.627309
4.386145	0.597299
4.197872	0.588453
3.999805	0.599194
3.795421	0.576765
3.606832	0.541385
3.398657	0.534435
3.197116	0.547071
2.990520	0.526854
2.800035	0.530329
2.592176	0.482313
2.403271	0.473783
2.194780	0.463043
1.993555	0.423556
1.799911	0.427663
1.589525	0.385965
1.398409	0.372065
1.200342	0.294671
0.995958	0.252657
0.792522	0.144305
0.611514	0.011629
0.385017	-0.185466
0.208747	-0.403721
-0.008587	-0.651035
-0.197784	-0.868343
-0.406248	-1.037957
-0.600815	-1.160825
-0.806752	-1.216731
-1.003213	-1.317489
-1.194305	-1.368657
-1.405296	-1.484576
-1.597336	-1.513003
-1.812433	-1.606495
-1.999734	-1.624815
-2.211357	-1.712307
-2.399922	-1.789059
-2.608702	-1.871813
-2.797583	-1.949198
-3.008258	-1.983942
-3.203140	-2.040796
-3.405603	-2.092911
-3.601749	-2.205356
-3.800421	-2.234730
-4.003200	-2.329171
-4.202188	-2.336751
-4.407178	-2.408134
-4.598902	-2.471621
-4.808629	-2.561324
-4.991825	-2.606491
-5.213871	-2.667451
-5.391696	-2.701247
-5.604582	-2.741045
-5.814626	-2.840223
-5.996874	-2.889497
-6.201232	-2.946035
-6.398009	-2.982358
-6.603314	-3.030052
-6.795670	-3.077746
-7.011399	-3.187663
-7.195542	-3.241990
-7.409376	-3.301687
-7.595730	-3.356961
-7.797245	-3.361068
-8.006341	-3.450139
-8.201855	-3.536999
-8.406213	-3.602696
-8.598252	-3.631755
-8.800399	-3.672184
-8.993386	-3.691767
-9.210378	-3.777680
-9.392942	-3.880648
-9.502543	-3.907496
-9.534445	-3.905601
-9.560345	-3.899600
-9.537603	-3.897073
-9.506966	-3.901811
-9.396101	-3.897704
-9.199007	-3.816214
-9.012021	-3.748305
-8.781447	-3.670289
-8.604569	-3.593852
-8.399263	-3.565110
-8.211962	-3.548054
-7.996865	-3.479513
-7.806405	-3.405603
-7.594466	-3.336431
-7.398636	-3.265048
-7.208492	-3.265995
-6.995606	-3.179451
-6.811779	-3.134600
-6.593839	-3.036369
-6.403695	-2.997519
-6.193967	-2.920135
-6.005402	-2.900552
-5.797254	-2.840223
-5.608373	-2.772630
-5.394855	-2.713566
-5.204079	-2.629233
-4.997826	-2.614072
-4.801996	-2.536056
-4.605850	-2.490888
-4.398018	-2.392342
-4.198082	-2.342121
-3.997830	-2.259051
-3.806422	-2.239468
-3.596063	-2.169664
-3.411920	-2.122602
-3.195560	-2.035426
-3.009521	-1.972255
-2.803268	-1.939722
-2.599542	-1.868655
-2.398027	-1.822540
-2.200302	-1.731574
-2.007315	-1.662086
-1.800114	-1.581227
-1.608391	-1.535744
-1.395505	-1.443199
-1.206308	-1.399927
-0.998160	-1.308961
-0.803909	-1.225891
-0.603341	-1.166194
-0.404669	-1.049012
-0.201574	-0.871502
-0.001323	-0.625767
0.200218	-0.416987
0.396389	-0.165883
0.590665	0.007522
0.810844	0.168629
0.994379	0.276349
1.196236	0.290248
1.398725	0.357850
1.596475	0.399864
1.788539	0.443142
1.999557	0.449775
2.192885	0.467782
2.392531	0.427663
2.608603	0.493685
2.790243	0.524011
2.998102	0.548019
3.189534	0.541385
3.397077	0.540437
3.594196	0.528749
3.806162	0.579608
3.989381	0.609618
4.194081	0.608987
4.395622	0.641840
4.586107	0.584663
4.803442	0.619411
4.992980	0.610250
5.200523	0.680695
5.390060	0.662689
5.600762	0.667111
5.795037	0.635522
6.001949	0.651948
6.190854	0.691751
6.399029	0.681958
6.597095	0.722393
6.793898	0.684801
6.991964	0.691119
7.197296	0.681643
7.395046	0.727763
7.589006	0.738188
7.805394	0.751455
7.990193	0.713864
8.204054	0.729659
8.384746	0.715127
8.601450	0.738188
8.792883	0.770093
8.996319	0.751139
9.186488	0.746717
9.391504	0.740399
9.598100	0.742610
9.788268	0.765671
10.002130	0.798840
9.782267	0.752403
9.598731	0.771357
9.388660	0.750508
9.183961	0.722709
8.994740	0.770093
8.794147	0.760300
8.590394	0.753667
8.392327	0.733449
8.196472	0.724288
7.986718	0.695542
7.811080	0.739135
7.588690	0.725868
7.398521	0.700912
7.190346	0.716707
6.994807	0.676588
6.790423	0.683538
6.609731	0.692067
6.390184	0.689540
6.200963	0.671218
6.001633	0.704387
5.781454	0.628888
5.600762	0.648474
5.391007	0.650685
5.203682	0.639944
4.990137	0.644051
4.803442	0.650685
4.585475	0.588138
4.402887	0.599194
4.189342	0.614673
3.995067	0.561918
3.808057	0.593508
3.596091	0.562866
3.401500	0.530013
3.191746	0.521800
2.995259	0.537278
2.795613	0.497160
2.606392	0.526538
2.386845	0.487999
2.194464	0.428611
2.000505	0.458621
1.794541	0.405550
1.591421	0.403971
1.399988	0.367959
1.193709	0.307939
1.000065	0.235599
0.798524	0.169576
0.586242	-0.005429
0.403655	-0.181991
0.190110	-0.417619
-0.002270	-0.642192
-0.203154	-0.855393
-0.404669	-1.039537
-0.607132	-1.157982
-0.801382	-1.243894
-1.001950	-1.277059
-1.199675	-1.389188
-1.396452	-1.431196
-1.609338	-1.534481
-1.793481	-1.581859
-2.015843	-1.631448
-2.202197	-1.676299
-2.398027	-1.741681
-2.604912	-1.834858
-2.803900	-1.908768
-2.999730	-2.007947
-3.204404	-2.031952
-3.408446	-2.128287
-3.593852	-2.169980
-3.809897	-2.268527
-3.994040	-2.314641
-4.206295	-2.353807
-4.399282	-2.402449
-4.608377	-2.448564
-4.794732	-2.546479
-5.007301	-2.621020
-5.192708	-2.690824
-5.406542	-2.691140
-5.606478	-2.758101
-5.795043	-2.794109
-5.999401	-2.901815
-6.198389	-2.956458
-6.403063	-3.008258
-6.592576	-3.036053
-6.815569	-3.106489
-6.996553	-3.141865
-7.216388	-3.243886
-7.396741	-3.301371
-7.598257	-3.299792
-7.810827	-3.371807
-8.000655	-3.402445
-8.205329	-3.517100
-8.407160	-3.586588
-8.592566	-3.663656
-8.791239	-3.682923
-9.015180	-3.760624
-9.188900	-3.800737
-9.395469	-3.881280
-9.477592	-3.935923
-9.500964	-3.938766
-9.534129	-3.922341
-9.540762	-3.901811
-9.512967	-3.882228
-9.409367	-3.854432
-9.207220	-3.840535
-8.992438	-3.743567
-8.806085	-3.690188
-8.593199	-3.631439
-8.400527	-3.573006
-8.204065	-3.527839
-8.003182	-3.473828
-7.796929	-3.395496
-7.605837	-3.323797
-7.398952	-3.285894
-7.197753	-3.217354
-7.015505	-3.194296
-6.787774	-3.127651
-6.603946	-3.051214
-6.395483	-2.989307
-6.201863	-2.936875
-5.997190	-2.894866
-5.806098	-2.847172
-5.601740	-2.792213
-5.399277	-2.683560
-5.205027	-2.673452
-4.994983	-2.589119
-4.805470	-2.572379
-4.601429	-2.486466
-4.408757	-2.425190
-4.198398	-2.329487
-4.005727	-2.276739
-3.795368	-2.228729
-3.604591	-2.166190
-3.403076	-2.126076
-3.209457	-2.029741
-2.997203	-1.977940
-2.803584	-1.886027
-2.605859	-1.864549
-2.396764	-1.785585
-2.208514	-1.743576
-1.996892	-1.642819
-1.812749	-1.610917
-1.593230	-1.518688
-1.411613	-1.489313
-1.189252	-1.404033
-1.008583	-1.320647
-0.806752	-1.253370
-0.598288	-1.155139
-0.404037	-1.051539
-0.201890	-0.858236
-0.004165	-0.659879
0.197691	-0.378137
0.391651	-0.204733
0.599826	0.048589
0.791258	0.173051
1.000381	0.265924
1.196236	0.318995
1.399040	0.337949
1.593632	0.383753
1.798016	0.429558
1.987553	0.465254
2.196044	0.449144
2.400744	0.483260
2.590597	0.462095
2.802563	0.491790
2.991784	0.545176
3.198379	0.546755
3.391707	0.552126
3.598303	0.554021
3.797317	0.543280
4.002332	0.580872
4.194713	0.638681
4.388672	0.614673
4.597795	0.623518
4.790807	0.611514
5.002772	0.616884
5.199575	0.645630
5.394166	0.693647
5.589390	0.664584
5.800408	0.661425
5.994999	0.667743
6.192118	0.636470
6.405663	0.701860
6.592041	0.702807
6.800532	0.712284
6.995123	0.682590
7.201087	0.715759
7.387149	0.681011
7.601642	0.741031
7.790547	0.750192
7.997775	0.723657
8.186996	0.739135
8.404963	0.712916
8.590710	0.742610
8.795094	0.739451
8.997582	0.777043
9.183645	0.739135
9.395611	0.765039
9.586095	0.730606
9.806906	0.751455
9.983808	0.765039
9.804379	0.787152
9.581041	0.752719
9.395611	0.762512
9.189962	0.750824
8.995687	0.722709
8.798569	0.770409
8.591973	0.735661
8.393275	0.751139
8.191102	0.723657
7.998406	0.725868
7.786440	0.688276
7.601010	0.735977
7.397890	0.707862
7.196980	0.700596
6.992596	0.714496
6.798952	0.678484
6.594884	0.690488
6.404083	0.684801
6.195909	0.688908
5.991209	0.672797
5.801671	0.686697
5.586863	0.647842
5.400168	0.632995
5.198943	0.660478
4.995507	0.637733
4.791754	0.639628
4.600006	0.626361
4.389620	0.584663
4.192185	0.562866
4.006439	0.588769
3.790051	0.582451
3.597355	0.574554
3.387600	0.547071
3.196800	0.523063
2.986098	0.507268
2.812355	0.510427
2.592176	0.510743
2.399796	0.483260
2.201414	0.479154
1.987869	0.407446
1.801175	0.424188
1.587314	0.367959
1.396829	0.379647
1.200658	0.308254
1.001644	0.262450
0.787783	0.138619
0.603301	0.011945
0.388176	-0.184202
0.208747	-0.432464
-0.001954	-0.647561
-0.201259	-0.869607
-0.402142	-1.018690
-0.603026	-1.152928
-0.807383	-1.235051
-1.006372	-1.317804
-1.193358	-1.352548
-1.412561	-1.478890
-1.592282	-1.539219
-1.804220	-1.631132
-1.996260	-1.662402
-2.209778	-1.717676
-2.397395	-1.782426
-2.604596	-1.852862
-2.799794	-1.942565
-3.003204	-1.978572
-3.207562	-2.040480
-3.398023	-2.038584
-3.608066	-2.132709
-3.793473	-2.187984
-4.007938	-2.284319
-4.199977	-2.352860
-4.403704	-2.398659
-4.604587	-2.442247
-4.804207	-2.497837
-4.994351	-2.591646
-5.206922	-2.668083
-5.398329	-2.736939
-5.601424	-2.748626
-5.810520	-2.820640
-5.998769	-2.893919
-6.199337	-2.972251
-6.402431	-3.047740
-6.605525	-3.086590
-6.795354	-3.115017
-7.012662	-3.172503
-7.200912	-3.224303
-7.396110	-3.281156
-7.609312	-3.353803
-7.788717	-3.370227
-8.006972	-3.402445
-8.201539	-3.469406
-8.406528	-3.564162
-8.599516	-3.649759
-8.807032	-3.714509
-8.990859	-3.734724
-9.206588	-3.782102
-9.404313	-3.873068
-9.499069	-3.904337
-9.515493	-3.926131
-9.546448	-3.912865
-9.544552	-3.890440
-9.512967	-3.887913
-9.403049	-3.885070
-9.191743	-3.808002
-9.013285	-3.766309
-8.790923	-3.700611
-8.603306	-3.602696
-8.403054	-3.580586
-8.203118	-3.510151
-7.999392	-3.475091
-7.804193	-3.405919
-7.597625	-3.327903
-7.394530	-3.249887
-7.215125	-3.238200
-6.994658	-3.162395
-6.807988	-3.148813
-6.592576	-3.056268
-6.407169	-2.976357
-6.192072	-2.923293
-6.003823	-2.886338
-5.800097	-2.849383
-5.606478	-2.789371
-5.404015	-2.739150
-5.199025	-2.619757
-5.003195	-2.606807
-4.792836	-2.529738
-4.609009	-2.519947
-4.401176	-2.440351
-4.202188	-2.379076
-3.999094	-2.307061
-3.803580	-2.254313
-3.597959	-2.211673
-3.407182	-2.134604
-3.195876	-2.077750
-2.999414	-1.959937
-2.804216	-1.913506
-2.596384	-1.855389
-2.403397	-1.809274
-2.204092	-1.741050
-2.006367	-1.666508
-1.803273	-1.583754
-1.606495	-1.534481
-1.393610	-1.453622
-1.209466	-1.394557
-1.000371	-1.339283
-0.798224	-1.219890
-0.608079	-1.151349
-0.402458	-1.033851
-0.204733	-0.882873
0.001520	-0.650404
0.202114	-0.412249
0.399548	-0.165883
0.585294	0.007522
0.801683	0.169892
1.003540	0.283931
1.191813	0.312993
1.403147	0.362273
1.592684	0.357534
1.793909	0.425767
1.996082	0.441562
2.202994	0.482313
2.389688	0.455777
2.609235	0.483892
2.793718	0.497792
2.996838	0.512955
3.194273	0.570447
3.396446	0.554021
3.593564	0.559391
3.804266	0.560339
3.994435	0.579924
4.183972	0.583715
4.408257	0.649737
4.585791	0.622254
4.803442	0.628888
4.991716	0.618779
5.198943	0.632995
5.387848	0.659214
5.598235	0.678799
5.789983	0.668059
6.010162	0.637417
6.196540	0.687960
6.395554	0.649421
6.601202	0.724604
6.791055	0.703755
6.999862	0.702176
7.195401	0.707862
7.402312	0.710073
7.590901	0.703439
7.800972	0.739767
7.990509	0.756826
8.195209	0.719866
8.394539	0.756826
8.591658	0.720814
8.799832	0.735661
8.990633	0.753667
9.194386	0.756194
9.390241	0.743874
9.595888	0.765671
9.799641	0.737240
9.996759	0.759037
9.783846	0.771041
9.600626	0.760932
9.388345	0.774200
9.191226	0.751139
8.999478	0.733765
8.792566	0.737872
8.597028	0.744822
8.385694	0.730922
8.196472	0.752087
7.986402	0.724288
7.807290	0.706914
7.590270	0.717655
7.395046	0.704387
7.199192	0.715759
6.989437	0.704387
6.792003	0.713232
6.600254	0.662689
6.393343	0.681327
6.195592	0.664900
6.005424	0.705651
5.783033	0.681643
5.605816	0.655107
5.388480	0.646262
5.198311	0.633311
4.995507	0.630783
4.798072	0.639944
4.589581	0.626677
4.400992	0.580872
4.197556	0.583083
3.991592	0.559391
3.809005	0.574554
3.586930	0.578977
3.399605	0.574238
3.190166	0.518957
3.002208	0.507584
2.794665	0.495580
2.603865	0.502214
2.392847	0.504425
2.191621	0.457989
1.997030	0.450723
1.791382	0.382174
1.595527	0.397337
1.396829	0.361325
1.199079	0.331947
0.994695	0.246971
0.801051	0.162627
0.588138	0.004047
0.398285	-0.199048
0.205273	-0.405616
0.006575	-0.680094
-0.201574	-0.860131
-0.409407	-1.039852
-0.601130	-1.158298
-0.811805	-1.261898
-0.999739	-1.313698
-1.206624	-1.382870
-1.394557	-1.447937
-1.609022	-1.533217
-1.796008	-1.608075
-2.010789	-1.669035
-2.204408	-1.742313
-2.395184	-1.771687
-2.608070	-1.855705
-2.796635	-1.923613
-3.000046	-2.006052
-3.199666	-2.021213
-3.407182	-2.096702
-3.591326	-2.138710
-3.812424	-2.251786
-3.993408	-2.319695
-4.202820	-2.369916
-4.405283	-2.436877
-4.602060	-2.455197
-4.803891	-2.531002
-5.002564	-2.579012
-5.192392	-2.694930
-5.405910	-2.718619
-5.610268	-2.783685
-5.794411	-2.792845
-6.004455	-2.862649
-6.197442	-2.947930
-6.400852	-3.022471
-6.593839	-3.069850
-6.806725	-3.103330
-6.994974	-3.134600
-7.215441	-3.199034
-7.393267	-3.323481
-7.593519	-3.355066
-7.809879	-3.434030
-7.997497	-3.443190
-8.208488	-3.493726
-8.402738	-3.552475
-8.602674	-3.657971
-8.791871	-3.717983
-9.010758	-3.776732
-9.197112	-3.821899
-9.397996	-3.864540
-9.506650	-3.905917
-9.519916	-3.916972
-9.550553	-3.909075
-9.566978	-3.866435
-9.544552	-3.848431
-9.399891	-3.826321
-9.209115	-3.814635
-8.992754	-3.765361
-8.795977	-3.696821
-8.601094	-3.627017
-8.399579	-3.555002
-8.204698	-3.536051
-8.000024	-3.460878
-7.801667	-3.412552
-7.602994	-3.327271
-7.402742	-3.263469
-7.195226	-3.200613
-7.011399	-3.163658
-6.798197	-3.111227
-6.607737	-3.057531
-6.393271	-2.992465
-6.202179	-2.910027
-6.002875	-2.899604
-5.803255	-2.857280
-5.605530	-2.813060
-5.395487	-2.715777
-5.206922	-2.664924
-4.989298	-2.549953
-4.809261	-2.576169
-4.595427	-2.517104
-4.415074	-2.467199
-4.199346	-2.395500
-4.002568	-2.302323
-3.797894	-2.268842
-3.602381	-2.197144
-3.398023	-2.172191
-3.208826	-2.065432
-3.007310	-2.007947
-2.795372	-1.875604
-2.614388	-1.851599
-2.393921	-1.782111
-2.206935	-1.720519
-2.001314	-1.643450
-1.810853	-1.569225
-1.590703	-1.485523
-1.409402	-1.442567
-1.192094	-1.398979
-0.999423	-1.327912
-0.812437	-1.267899
-0.598604	-1.149770
-0.406564	-1.046170
-0.193994	-0.881293
-0.005745	-0.657668
0.201798	-0.398036
0.392283	-0.191467
0.603301	0.029635
0.791890	0.180317
0.994063	0.250762
1.200974	0.337317
1.394302	0.349005
1.594264	0.385649
1.796752	0.402707
1.997030	0.445353
2.195728	0.464623
2.401692	0.495896
2.595967	0.475363
2.802247	0.476627
2.996522	0.524327
3.189850	0.536647
3.400236	0.582136
3.593880	0.561602
3.794473	0.585926
3.998857	0.567288
4.194396	0.603301
4.386461	0.616884
4.603481	0.631415
4.788911	0.637733
4.999613	0.633626
5.191994	0.634890
5.393851	0.631731
5.593181	0.677220
5.794722	0.657634
5.997842	0.680063
6.194329	0.652896
6.403136	0.673429
6.591725	0.673429
6.805586	0.734081
6.987542	0.698701
7.202666	0.715443
7.390624	0.720182
7.598483	0.707546
7.800972	0.728079
7.992720	0.728079
8.194262	0.755246
8.393591	0.717655
8.591973	0.775779
8.794147	0.694278
9.001058	0.754614
9.182697	0.761248
9.396558	0.762828
9.584200	0.762196
9.799956	0.769461
9.988230	0.731870
9.803115	0.759984
9.585148	0.775463
9.397506	0.731554
9.196596	0.788099
8.993476	0.747980
8.794778	0.723972
8.592605	0.736608
8.397382	0.742926
8.188259	0.716075
8.003144	0.754298
7.796865	0.713232
7.595956	0.688908
7.399153	0.713232
7.191294	0.694278
6.995755	0.704071
6.793582	0.712284
6.596148	0.683538
6.404715	0.648158
6.197804	0.686065
5.989945	0.660793
5.801355	0.686065
5.592549	0.699649
5.390376	0.625729
5.205577	0.627309
4.991716	0.622570
4.796809	0.631415
4.598427	0.634258
4.390883	0.629204
4.188395	0.559075
4.009598	0.567604
3.785628	0.565393
3.607464	0.546439
3.392971	0.577397
3.196800	0.560655
2.990204	0.512323
2.799404	0.488631
2.595335	0.488946
2.396953	0.474415
2.198255	0.500319
1.982815	0.434928
1.807493	0.414395
1.584787	0.364168
1.404727	0.360061
1.193077	0.315836
0.996906	0.270979
0.791890	0.161679
0.597299	-0.003218
0.389755	-0.175674
0.197375	-0.433096
-0.007640	-0.650720
-0.202838	-0.891717
-0.400563	-1.015847
-0.609343	-1.157350
-0.798540	-1.228733
-1.004161	-1.319700
-1.196200	-1.365498
-1.410666	-1.432775
-1.592598	-1.510476
-1.809274	-1.595125
-1.998155	-1.654505
-2.205987	-1.709464
-2.404976	-1.787164
-2.598279	-1.844966
-2.802321	-1.932773
-3.002257	-2.002261
-3.211668	-2.078066
-3.399918	-2.095438
-3.608382	-2.165558
-3.787471	-2.201566
-4.005095	-2.265052
-4.205978	-2.360440
-4.398018	-2.395500
-4.607746	-2.448564
-4.797890	-2.494047
-5.000669	-2.567957
-5.202816	-2.646289
-5.405594	-2.742309
-5.592580	-2.765998
-5.812099	-2.808006
-5.998769	-2.869914
-6.195547	-2.914133
-6.406537	-3.018365
-6.600156	-3.072061
-6.801672	-3.129230
-7.008556	-3.149129
-7.204702	-3.221776
-7.391056	-3.267575
-7.608680	-3.375913
-7.794718	-3.416026
-8.007920	-3.429292
-8.203118	-3.480461
-8.407792	-3.517100
-8.592882	-3.581218
-8.806716	-3.671237
-8.988333	-3.731881
-9.202798	-3.747674
-9.408103	-3.855380
-9.506334	-3.886966
-9.531286	-3.914129
-9.518021	-3.930238
-9.526233	-3.918551
-9.513914	-3.886018
-9.407156	-3.856328
-9.201534	-3.808002
-9.004441	-3.759360
-8.797240	-3.726511
-8.599832	-3.615646
-8.406213	-3.575217
-8.204381	-3.502254
-8.002550	-3.494674
-7.797561	-3.428976
-7.605205	-3.380651
-7.396110	-3.280841
-7.210071	-3.240411
-6.995606	-3.183241
-6.815253	-3.127019
-6.594471	-3.069218
-6.407801	-3.000678
-6.200600	-2.935611
-5.996558	-2.859491
-5.806414	-2.843382
-5.602687	-2.796951
-5.403383	-2.753363
-5.199341	-2.655133
-5.006038	-2.597963
-4.790941	-2.509840
-4.614378	-2.471621
-4.397702	-2.423927
-4.203136	-2.343068
-4.004779	-2.298533
-3.804212	-2.238205
-3.597327	-2.199354
-3.404024	-2.143448
-3.207562	-2.100176
-3.002573	-1.979204
-2.804216	-1.943196
-2.593225	-1.854441
-2.402765	-1.770740
-2.211357	-1.764423
-2.004156	-1.672509
-1.803589	-1.603653
-1.603337	-1.507001
-1.397400	-1.459623
-1.202518	-1.385713
-0.996896	-1.363919
-0.796013	-1.234735
-0.614080	-1.140926
-0.399931	-1.025955
-0.206944	-0.867396
0.003732	-0.662406
0.195164	-0.418882
0.403971	-0.168410
0.581188	0.015104
0.799471	0.151255
1.005119	0.274454
1.186127	0.327840
1.409149	0.372381
1.585419	0.379331
1.800859	0.412816
1.993871	0.418818
2.197939	0.476942
2.389372	0.475679
2.612394	0.490210
2.794981	0.527170
2.996206	0.487051
3.198379	0.542649
3.390128	0.550546
3.593248	0.577397
3.795421	0.578977
3.999489	0.596983
4.186499	0.571711
4.400992	0.616884
4.587686	0.632047
4.799336	0.632363
4.992980	0.643419
5.203050	0.638049
5.389744	0.635206
5.592233	0.644683
5.798196	0.679115
5.997842	0.670270
6.198120	0.681011
6.396818	0.676904
6.605940	0.682906
6.782842	0.688592
6.999862	0.714496
7.191610	0.719866
7.396310	0.705019
7.598799	0.733765
7.797497	0.695226
7.991140	0.746401
8.192050	0.732818
8.393591	0.753035
8.596080	0.728079
8.803939	0.761248
8.984947	0.717655
9.195649	0.736924
9.394979	0.767566
9.592729	0.753667
9.795850	0.789679
9.994232	0.762512
9.789532	0.743558
9.595888	0.744506
9.392451	0.782413
9.180170	0.746401
9.002953	0.763143
8.788775	0.755562
8.594816	0.711653
8.387589	0.732186
8.199315	0.736608
7.985138	0.721129
7.806026	0.747665
7.600694	0.705019
7.387465	0.670270
7.205509	0.710073
6.988173	0.695226
6.794846	0.723025
6.595832	0.704071
6.400924	0.674061
6.192118	0.638049
6.008583	0.690488
5.787456	0.668691
5.593181	0.674061
5.396062	0.685433
5.190098	0.612146
4.998666	0.623518
4.796809	0.608987
4.604113	0.616252
4.392779	0.632995
4.198819	0.614673
3.987801	0.547387
3.804266	0.549598
3.592300	0.559075
3.395498	0.548019
3.192377	0.571711
2.997154	0.512955
2.800035	0.492737
2.598494	0.476627
2.398849	0.481997
2.191305	0.468729
1.998925	0.474415
1.785696	0.408709
1.601213	0.371749
1.390827	0.343635
1.201606	0.308254
0.997538	0.268136
0.794733	0.164838
0.595719	0.021106
0.389755	-0.198416
0.205589	-0.397404
-0.001638	-0.668407
-0.199048	-0.851919
-0.410038	-1.044274
-0.596393	-1.141558
-0.811805	-1.237893
-0.996896	-1.327912
-1.201886	-1.375922
-1.399927	-1.455517
-1.604600	-1.501000
-1.798535	-1.600178
-2.006052	-1.645346
-2.207883	-1.759369
-2.394237	-1.763791
-2.606807	-1.850967
-2.796004	-1.898661
-3.008574	-1.987416
-3.196823	-2.055641
-3.409709	-2.125760
-3.591326	-2.149134
-3.814003	-2.210725
-3.996883	-2.295058
-4.195555	-2.355387
-4.411284	-2.451091
-4.598902	-2.494678
-4.799153	-2.563535
-4.999405	-2.602701
-5.197762	-2.694299
-5.394855	-2.738518
-5.614374	-2.809901
-5.794411	-2.821904
-6.002875	-2.861386
-6.202811	-2.958669
-6.399272	-3.008890
-6.604894	-3.096697
-6.803882	-3.130178
-7.001291	-3.155762
-7.207229	-3.200298
-7.401163	-3.291895
-7.592255	-3.338642
-7.811142	-3.421712
-7.996233	-3.467826
-8.203434	-3.453297
-8.404001	-3.540789
-8.600779	-3.612804
-8.795661	-3.699032
-9.004126	-3.780838
-9.202166	-3.835165
-9.401155	-3.844957
-9.511703	-3.898020
-9.507281	-3.922025
-9.526548	-3.938134
-9.500964	-3.932764
-9.508861	-3.897704
-9.402734	-3.850958
-9.205324	-3.810213
-8.998755	-3.773258
-8.795345	-3.711350
-8.606464	-3.675975
-8.395473	-3.572058
-8.206593	-3.555002
-7.984862	-3.487409
-7.806405	-3.455824
-7.593834	-3.411288
-7.400532	-3.343696
-7.200595	-3.279261
-7.008872	-3.195560
-6.797249	-3.163027
-6.610895	-3.073008
-6.400536	-3.029420
-6.195862	-2.917924
-6.005086	-2.875599
-5.799149	-2.807059
-5.602372	-2.772315
-5.397382	-2.718303
-5.209764	-2.655133
-4.990561	-2.578696
-4.810524	-2.545847
-4.595111	-2.499100
-4.408757	-2.453617
-4.211664	-2.416662
-3.998146	-2.300744
-3.803264	-2.247365
-3.598590	-2.167137
-3.406235	-2.128603
-3.200613	-2.069854
-3.008574	-2.020897
-2.793477	-1.902767
-2.606491	-1.859495
-2.397395	-1.779584
-2.200618	-1.717676
-2.009842	-1.679774
-1.802325	-1.597336
-1.599547	-1.520583
-1.406560	-1.440672
-1.196516	-1.391083
-0.998160	-1.314646
-0.812753	-1.271690
-0.597656	-1.164299
-0.403090	-1.013321
-0.202522	-0.861395
0.008154	-0.656405
0.199271	-0.419198
0.393230	-0.181676
0.597614	0.015736
0.795997	0.174315
0.984902	0.240021
1.206344	0.326576
1.396513	0.374908
1.596475	0.399232
1.790750	0.419450
1.997030	0.424820
2.194464	0.449144
2.399480	0.487683
2.596599	0.502214
2.799088	0.481997
3.004104	0.539174
3.191114	0.497792
3.403079	0.554653
3.587562	0.570447
3.805846	0.591296
3.990328	0.583715
4.195660	0.608987
4.392147	0.594140
4.594320	0.610250
4.794598	0.656055
4.998666	0.611198
5.196416	0.666480
5.391639	0.631099
5.602026	0.638365
5.789667	0.667743
6.002264	0.681643
6.188327	0.661425
6.403136	0.695542
6.590146	0.681958
6.804638	0.675009
6.984383	0.696490
7.205194	0.711337
7.394099	0.733449
7.595008	0.719550
7.801288	0.727763
7.984507	0.702492
8.195209	0.750192
8.391064	0.715443
8.603346	0.758721
8.785301	0.757457
9.003901	0.744506
9.190279	0.740083
9.392451	0.746085
9.595256	0.766302
9.796481	0.763775
9.987914	0.789047
9.798061	0.737556
9.593677	0.751139
9.386765	0.735029
9.203862	0.775779
8.991264	0.781150
8.795409	0.750824
8.597343	0.730290
8.390116	0.716391
8.192366	0.722709
7.994299	0.722393
7.794970	0.748928
7.597219	0.706598
7.401049	0.696805
7.188451	0.666480
6.995123	0.684486
6.788844	0.709441
6.604677	0.714812
6.391448	0.693015
6.200331	0.663005
5.991524	0.649737
5.797881	0.647526
5.599498	0.688908
5.381846	0.668691
5.209052	0.660478
4.991084	0.600142
4.802495	0.617200
4.590529	0.599510
4.397202	0.631099
4.187447	0.607407
4.006123	0.574238
3.791630	0.551178
3.598934	0.515166
3.401816	0.561602
3.193641	0.552757
2.992100	0.558443
2.798772	0.497476
2.599442	0.480733
2.393794	0.453566
2.206152	0.470625
1.981551	0.460200
1.811284	0.437771
1.584471	0.380279
1.405042	0.341108
1.189918	0.304464
1.000381	0.252025
0.795681	0.176210
0.596035	0.008154
0.393546	-0.175359
0.202745	-0.424884
0.004047	-0.637454
-0.206628	-0.889190
-0.395193	-1.015847
-0.615344	-1.135872
-0.802962	-1.229681
-0.992474	-1.298853
-1.204097	-1.367710
-1.404349	-1.424247
-1.598915	-1.499105
-1.806116	-1.582491
-2.002261	-1.679458
-2.202197	-1.725257
-2.407187	-1.815591
-2.597331	-1.861074
-2.803584	-1.914770
-3.005731	-2.004156
-3.206931	-2.069538
-3.399918	-2.138395
-3.604907	-2.174402
-3.791893	-2.215779
-4.001936	-2.246417
-4.209453	-2.345595
-4.392333	-2.408450
-4.611536	-2.467515
-4.794415	-2.534160
-5.001300	-2.583118
-5.199973	-2.637129
-5.407174	-2.741045
-5.596686	-2.807374
-5.809256	-2.844014
-6.005086	-2.922346
-6.193336	-2.931505
-6.410012	-3.026578
-6.599524	-3.074903
-6.803251	-3.155762
-6.996238	-3.180083
-7.206597	-3.214827
-7.391056	-3.254625
-7.608680	-3.343696
-7.795981	-3.421396
-8.006341	-3.460562
-8.202802	-3.529418
-8.404001	-3.540473
-8.603306	-3.644389
-8.801031	-3.691452
-8.994650	-3.774205
-9.200271	-3.797579
-9.408103	-3.857275
-9.517073	-3.869909
-9.543921	-3.894230
-9.529707	-3.921078
-9.516441	-3.929290
-9.491173	-3.916340
-9.401786	-3.860118
-9.200586	-3.796631
-9.004757	-3.747989
-8.794714	-3.736303
-8.594461	-3.635861
-8.410003	-3.598906
-8.195538	-3.489305
-8.009183	-3.480777
-7.795350	-3.438452
-7.604889	-3.397707
-7.395478	-3.348749
-7.206597	-3.248939
-7.001923	-3.191770
-6.804198	-3.135547
-6.602683	-3.096697
-6.398641	-3.012680
-6.207549	-2.983621
-5.992452	-2.881284
-5.809888	-2.824747
-5.601740	-2.804532
-5.399909	-2.754627
-5.199341	-2.689245
-5.004775	-2.618494
-4.792521	-2.535108
-4.609957	-2.480781
-4.407494	-2.468147
-4.196503	-2.382234
-4.012991	-2.347490
-3.796631	-2.260946
-3.603012	-2.177876
-3.406235	-2.135236
-3.205983	-2.106177
-2.995624	-2.031636
-2.810217	-1.953936
-2.594805	-1.888238
-2.398343	-1.779584
-2.211357	-1.756842
-1.999103	-1.663349
-1.807695	-1.618498
-1.596072	-1.526268
-1.399295	-1.444778
-1.199675	-1.360761
-1.008899	-1.345916
-0.794118	-1.258424
-0.610290	-1.170616
-0.405301	-1.063542
-0.201890	-0.830757
0.001836	-0.662090
0.197375	-0.409407
0.398600	-0.187361
0.594455	0.027108
0.798840	0.139566
1.004171	0.270347
1.188970	0.312993
1.404727	0.372065
1.587630	0.391967
1.803070	0.410604
1.990712	0.435244
2.200782	0.439035
2.390951	0.490842
2.601022	0.496844
2.801299	0.515166
2.989257	0.506321
3.196484	0.544228
3.391075	0.530013
3.607779	0.570132
3.799212	0.578977
4.000753	0.598246
4.191870	0.603301
4.396885	0.606459
4.590213	0.612146
4.794281	0.628256
5.000877	0.658266
5.195468	0.632363
5.396694	0.667427
5.590653	0.634890
5.800408	0.647526
5.994367	0.679431
6.200963	0.671850
6.396502	0.679115
6.602781	0.710705
6.785685	0.678484
7.001757	0.678799
7.192242	0.735029
7.391888	0.696805
7.602590	0.737556
7.798445	0.736292
7.996827	0.720182
8.187943	0.715127
8.399909	0.747665
8.584707	0.719234
8.806150	0.768198
8.990949	0.759669
9.186488	0.710073
9.398454	0.754614
9.588939	0.744190
9.791427	0.762196
9.993916	0.773252
9.794586	0.790310
9.592729	0.707546
9.395294	0.772936
9.180801	0.738504
8.999794	0.750508
8.795409	0.789047
8.594816	0.727763
8.390748	0.722709
8.198684	0.710705
7.986402	0.713864
7.800656	0.724288
7.597851	0.761880
7.387465	0.685433
7.204246	0.687645
6.995439	0.675956
6.802743	0.682274
6.592357	0.717339
6.400609	0.720182
6.192433	0.659846
6.000369	0.648158
5.790299	0.653844
5.598866	0.633942
5.400800	0.700596
5.189150	0.658582
5.002141	0.626045
4.793966	0.592560
4.599374	0.588453
4.391515	0.603932
4.195028	0.622886
3.996962	0.605828
3.796685	0.552757
3.598934	0.538226
3.392655	0.518325
3.198695	0.558443
2.992100	0.536647
2.803510	0.533804
2.594388	0.478206
2.398217	0.445985
2.190042	0.455777
1.998925	0.454198
1.792330	0.451355
1.596475	0.407130
1.392407	0.346162
1.200658	0.277929
1.001013	0.265293
0.789363	0.156941
0.607091	0.014472
0.393546	-0.194941
0.204325	-0.384138
-0.012378	-0.641876
-0.195573	-0.854762
-0.412249	-1.048380
-0.596077	-1.138715
-0.806752	-1.218626
-1.006372	-1.335492
-1.197464	-1.375290
-1.405928	-1.460887
-1.601126	-1.491840
