# Configuration automatically generated by WRITE_CONFIG()
connection eth
ip 192.168.0.10
samplehz 1000.000000
settleus 10.000000
nsample 128

# Analog Inputs
aichannel 0
ainegative 199
airange 10.000000
airesolution 0

aichannel 1
ainegative 199
airange 10.000000
airesolution 0

# Analog Outputs
aochannel 0
aosignal triangle
aofrequency 5.000000
aoamplitude 2.000000
aooffset 2.500000
aoduty 0.500000

# Meta Parameters
int:periods 10
flt:tip_T_C 321.432744
flt:plate_T_C 398.439374
flt:plate_Q_kW 1.596567
flt:cool_Thigh_C 51.981388
flt:cool_Tlow_C 8.702355
flt:air_psig 20.000000
flt:water_gph 8.000000
flt:standoff_in 0.228000
flt:oxygen_scfh 19.414062
flt:fuel_scfh 10.652000
flt:flow_scfh 30.066062
flt:ratio_fto 0.548674

## End Configuration ##
#: Wed Mar 22 17:30:38 2017
-7.402427	-3.701875
-9.233120	-4.243249
-9.223329	-4.230299
-9.215116	-4.239459
-9.184162	-4.243249
-9.154788	-4.231247
-8.998124	-4.136175
-8.803242	-4.094482
-8.589408	-4.000357
-8.412530	-3.998778
-8.201222	-3.907812
-7.998444	-3.874963
-7.805457	-3.783365
-7.596677	-3.692715
-7.399268	-3.675975
-7.204070	-3.604907
-7.002239	-3.599538
-6.791880	-3.487725
-6.603946	-3.440347
-6.401168	-3.329798
-6.194283	-3.281156
-6.005086	-3.245149
-5.802308	-3.172503
-5.603003	-3.115649
-5.399909	-3.022787
-5.194603	-2.973198
-4.996878	-2.882864
-4.793784	-2.853173
-4.613747	-2.806743
-4.395175	-2.726200
-4.208505	-2.667767
-3.994988	-2.579328
-3.803264	-2.526896
-3.600485	-2.461514
-3.406867	-2.393289
-3.199350	-2.310220
-3.001625	-2.227150
-2.805480	-2.162084
-2.594805	-2.087858
-2.406239	-2.054061
-2.195880	-1.955831
-2.012053	-1.889501
-1.797272	-1.797588
-1.607127	-1.742945
-1.391399	-1.673773
-1.202518	-1.587228
-1.003845	-1.520267
-0.798855	-1.423616
-0.613449	-1.349390
-0.390455	-1.236314
-0.212945	-1.131450
0.009418	-0.904983
0.198007	-0.652615
0.395442	-0.326653
0.598878	-0.042384
0.802630	0.207168
0.998485	0.397021
1.194024	0.493053
1.407570	0.589401
1.585734	0.642472
1.800543	0.725868
1.991028	0.732502
2.196676	0.789047
2.403271	0.790310
2.597862	0.826638
2.802563	0.871811
2.998418	0.904033
3.194588	0.929304
3.394550	0.937202
3.601461	0.956471
3.800159	0.965632
3.997910	1.025968
4.194713	1.037656
4.394674	1.070509
4.595268	1.062612
4.798072	1.094833
4.998350	1.090411
5.192626	1.141270
5.397641	1.167173
5.590337	1.159908
5.791563	1.172544
6.006055	1.144745
6.195277	1.212031
6.397134	1.205397
6.597727	1.258467
6.799584	1.242356
6.993228	1.243620
7.198875	1.270787
7.391888	1.268892
7.596588	1.321014
7.802867	1.322278
7.987666	1.327964
8.197420	1.293847
8.387905	1.318803
8.598607	1.355131
8.790671	1.358290
9.005480	1.392407
9.187435	1.357658
9.397190	1.369030
9.588306	1.365871
9.792059	1.408517
9.996443	1.412308
9.793323	1.396197
9.598100	1.401252
9.390556	1.341232
9.198808	1.380403
8.991581	1.369030
8.797621	1.381666
8.594501	1.330807
8.400540	1.334598
8.189523	1.310274
7.992720	1.320382
7.803499	1.332386
7.591849	1.286898
7.399153	1.287529
7.190662	1.221191
7.005232	1.250570
6.786001	1.226878
6.602149	1.263837
6.395870	1.211715
6.197804	1.208556
5.995631	1.165594
5.792194	1.151379
5.597287	1.170332
5.393219	1.129266
5.204313	1.169385
4.992664	1.086304
4.795229	1.094202
4.599058	1.056294
4.386145	1.070825
4.196608	1.047133
3.992856	1.015228
3.805846	0.972898
3.595459	0.946994
3.398657	0.946994
3.196168	0.909087
2.985150	0.902137
2.807301	0.864546
2.589017	0.817477
2.402323	0.808001
2.192253	0.777043
1.995135	0.752403
1.798964	0.703755
1.599318	0.654160
1.397461	0.575502
1.198131	0.500951
1.000697	0.379015
0.788415	0.198007
0.605828	-0.032592
0.385965	-0.344657
0.206852	-0.649140
0.001520	-0.923302
-0.197784	-1.117237
-0.406248	-1.268531
-0.603657	-1.360129
-0.801698	-1.446989
-1.005740	-1.521847
-1.195885	-1.579016
-1.405928	-1.658296
-1.597336	-1.720835
-1.814644	-1.823803
-1.995312	-1.879394
-2.212305	-1.984889
-2.401186	-2.021213
-2.598279	-2.107441
-2.805164	-2.173455
-2.996887	-2.263789
-3.205667	-2.323801
-3.398654	-2.373390
-3.606487	-2.445089
-3.795052	-2.494047
-4.004148	-2.595752
-4.202504	-2.645341
-4.401808	-2.746099
-4.602376	-2.768840
-4.799153	-2.850331
-5.002564	-2.909395
-5.199341	-2.993729
-5.402120	-3.073640
-5.603003	-3.101751
-5.800412	-3.169344
-6.005718	-3.208194
-6.200916	-3.312110
-6.396114	-3.356961
-6.604578	-3.469406
-6.799776	-3.497517
-6.998765	-3.554371
-7.209124	-3.612488
-7.398321	-3.665236
-7.597309	-3.760624
-7.804510	-3.802316
-8.001919	-3.878121
-8.200907	-3.885386
-8.401475	-3.983933
-8.603937	-4.058475
-8.784922	-4.121961
-9.009179	-4.183869
-9.154156	-4.221771
-9.211641	-4.214822
-9.220801	-4.227141
-9.213536	-4.253673
-9.212905	-4.268202
-9.200903	-4.258094
-9.220170	-4.237248
-9.209115	-4.212296
-9.175002	-4.209137
-8.992438	-4.169024
-8.803873	-4.108696
-8.593514	-4.055000
-8.407475	-3.974773
-8.201539	-3.908443
-7.998128	-3.865487
-7.808616	-3.837376
-7.594151	-3.751148
-7.404006	-3.703138
-7.193647	-3.593537
-7.006029	-3.556581
-6.794406	-3.480777
-6.608052	-3.445401
-6.395483	-3.364858
-6.200284	-3.303266
-6.000664	-3.212932
-5.797885	-3.152920
-5.611216	-3.131757
-5.393908	-3.044266
-5.210080	-3.007310
-4.988666	-2.890760
-4.806102	-2.844645
-4.602692	-2.754943
-4.398966	-2.725884
-4.205663	-2.663345
-3.996883	-2.591646
-3.804843	-2.513630
-3.591957	-2.428981
-3.407182	-2.380971
-3.200929	-2.295690
-3.004468	-2.260946
-2.804848	-2.161768
-2.596068	-2.094807
-2.405292	-2.016791
-2.200934	-1.956462
-2.006999	-1.892976
-1.802325	-1.816539
-1.606180	-1.743261
-1.400242	-1.657664
-1.191778	-1.595125
-1.005108	-1.508581
-0.797276	-1.442251
-0.609974	-1.350022
-0.399299	-1.262214
-0.202206	-1.114394
0.001520	-0.930251
0.200218	-0.639033
0.396705	-0.332338
0.596983	-0.049333
0.795049	0.208432
1.002908	0.388808
1.191497	0.514850
1.405358	0.584347
1.588893	0.660793
1.801175	0.698069
1.989764	0.729659
2.204889	0.804526
2.394742	0.820005
2.592808	0.851594
2.803510	0.854753
2.988941	0.877497
3.200591	0.914141
3.389496	0.958051
3.612202	0.995642
3.798264	0.978584
3.999805	1.029759
4.192817	1.007962
4.397833	1.055662
4.590845	1.095465
4.795861	1.105258
4.997086	1.114419
5.198943	1.108101
5.397641	1.142849
5.594444	1.150115
5.796617	1.196867
5.992788	1.178861
6.201594	1.211715
6.392711	1.180441
6.602781	1.231616
6.792318	1.254676
6.996071	1.283107
7.201403	1.283739
7.391256	1.265417
7.597535	1.296690
7.795918	1.277105
8.000934	1.368399
8.183837	1.316592
8.400540	1.370294
8.596080	1.314696
8.790987	1.337441
9.001689	1.376612
9.184909	1.381034
9.400349	1.401252
9.588939	1.386405
9.797745	1.408201
9.989809	1.376296
9.792375	1.413256
9.599362	1.406306
9.390241	1.384193
9.200387	1.387984
8.996319	1.348181
8.796041	1.343127
8.591658	1.351024
8.392643	1.361449
8.193314	1.324805
7.988614	1.305851
7.804131	1.289425
7.591849	1.277105
7.397573	1.304272
7.187187	1.272367
6.999230	1.247095
6.790107	1.228457
6.601834	1.206028
6.397766	1.210451
6.196224	1.214242
5.997211	1.202554
5.796933	1.159276
5.601078	1.159276
5.384374	1.123580
5.203998	1.124212
4.986030	1.126739
4.805654	1.108101
4.589898	1.055978
4.394990	1.053451
4.195976	1.007330
3.992540	1.025337
3.805846	1.003224
3.585983	0.963105
3.406238	0.947310
3.189850	0.885079
3.001261	0.904349
2.797508	0.851278
2.602285	0.843381
2.401376	0.807369
2.193201	0.775147
1.999241	0.724604
1.787276	0.693015
1.600582	0.670270
1.390827	0.575186
1.195604	0.512639
1.001960	0.369538
0.790310	0.197691
0.598246	-0.044911
0.395126	-0.333286
0.199271	-0.657668
-0.001323	-0.919196
-0.197468	-1.132398
-0.407512	-1.260003
-0.604921	-1.338967
-0.803277	-1.432460
-1.002582	-1.493420
-1.200307	-1.604916
-1.399927	-1.649136
-1.604600	-1.740734
-1.803905	-1.786533
-2.000682	-1.883816
-2.211673	-1.972255
-2.395500	-2.039216
-2.601437	-2.124181
-2.802953	-2.162715
-3.000046	-2.263473
-3.202509	-2.303902
-3.396443	-2.406239
-3.605855	-2.450459
-3.789998	-2.512366
-4.008254	-2.584065
-4.198714	-2.619441
-4.403704	-2.726200
-4.600797	-2.785581
-4.798206	-2.868650
-5.003195	-2.896446
-5.192708	-2.965302
-5.411595	-3.044266
-5.597002	-3.096697
-5.806414	-3.207246
-5.993083	-3.248939
-6.204706	-3.315900
-6.398325	-3.368332
-6.605210	-3.447927
-6.799144	-3.526575
-7.003187	-3.594484
-7.204386	-3.663340
-7.393583	-3.682607
-7.596993	-3.742304
-7.797561	-3.792841
-8.009500	-3.894230
-8.193010	-3.943187
-8.413161	-4.011412
-8.594146	-4.032259
-8.797556	-4.103642
-9.004441	-4.176920
-9.136152	-4.246724
-9.170581	-4.263148
-9.192690	-4.253357
-9.231541	-4.244197
-9.232172	-4.237880
-9.219853	-4.247355
-9.193322	-4.254304
-9.176581	-4.249567
-9.161421	-4.226193
-8.994333	-4.137754
-8.801978	-4.107116
-8.593830	-4.042997
-8.404634	-4.017097
-8.193327	-3.920130
-8.002550	-3.856328
-7.807668	-3.766625
-7.587202	-3.719563
-7.406533	-3.690820
-7.197121	-3.627333
-7.004450	-3.573322
-6.799144	-3.482356
-6.600156	-3.427713
-6.403063	-3.357593
-6.194283	-3.310847
-6.003823	-3.260310
-5.797254	-3.173134
-5.609636	-3.084063
-5.395171	-3.029736
-5.204079	-2.960880
-4.994036	-2.917924
-4.802944	-2.857911
-4.602060	-2.773578
-4.403704	-2.714513
-4.193976	-2.648816
-3.994672	-2.591330
-3.808634	-2.528791
-3.593221	-2.467199
-3.410973	-2.378128
-3.195244	-2.310535
-3.009837	-2.257156
-2.792529	-2.179140
-2.608386	-2.134920
-2.398343	-2.033531
-2.199039	-1.980467
-2.005736	-1.883184
-1.797272	-1.816223
-1.606180	-1.757158
-1.391083	-1.665876
-1.204728	-1.617866
-0.997528	-1.491524
-0.803909	-1.449832
-0.602394	-1.354759
-0.404669	-1.277375
-0.203470	-1.122290
-0.001954	-0.927092
0.195480	-0.654510
0.397337	-0.320652
0.597299	-0.049964
0.794101	0.216961
1.000065	0.367643
1.198447	0.514218
1.397145	0.578345
1.596475	0.665216
1.794541	0.698069
1.996398	0.739767
2.199835	0.781781
2.399164	0.797576
2.600074	0.840222
2.799088	0.863598
2.998418	0.916353
3.190798	0.893292
3.397077	0.949522
3.595144	0.951733
3.790051	1.002592
4.007387	1.026916
4.189026	1.035445
4.393411	1.051872
4.596531	1.102099
4.802811	1.111260
4.996139	1.116314
5.194837	1.152326
5.404275	1.148536
5.583388	1.136532
5.802619	1.176334
5.994999	1.169385
6.199699	1.235723
6.394607	1.217401
6.599938	1.232564
6.794846	1.216769
6.989437	1.234143
7.202666	1.513079
7.390940	1.291320
7.606696	1.325753
7.788652	1.313433
8.000617	1.314696
8.183837	1.324173
8.395802	1.362713
8.593553	1.363344
8.796673	1.360185
9.000742	1.381982
9.189331	1.362713
9.395926	1.383878
9.585464	1.525714
9.802484	1.417046
9.984755	1.399988
9.809433	1.396197
9.592097	1.350393
9.391188	1.384509
9.192806	1.385141
8.994108	1.381666
8.802991	1.349445
8.587234	1.317539
8.402436	1.332386
8.188575	1.317539
7.998722	1.346286
7.798129	1.294479
7.590586	1.305535
7.400417	1.256888
7.193190	1.249306
6.996387	1.261942
6.794846	1.245515
6.602149	1.253413
6.395554	1.199711
6.195592	1.188970
6.001317	1.176966
5.788088	1.189602
5.598235	1.167173
5.391007	1.158644
5.200523	1.108417
4.999298	1.102415
4.798388	1.085357
4.594952	1.075880
4.391200	1.061980
4.197240	1.033550
3.995383	0.983954
3.798896	0.965316
3.604305	0.963105
3.397393	0.945731
3.192377	0.942572
2.998734	0.894556
2.793718	0.845276
2.601022	0.836747
2.395374	0.804842
2.194780	0.793469
2.001768	0.732818
1.794541	0.718602
1.597107	0.632363
1.389564	0.578029
1.204765	0.513586
0.989640	0.371118
0.801999	0.218540
0.589401	-0.055018
0.396705	-0.339603
0.205904	-0.641876
-0.006692	-0.919196
-0.198732	-1.120080
-0.406880	-1.275480
-0.602394	-1.338967
-0.807068	-1.457096
-0.996896	-1.488050
-1.198727	-1.606180
-1.394557	-1.668719
-1.605864	-1.744208
-1.804852	-1.814960
-2.003209	-1.882552
-2.209778	-1.950777
-2.399291	-2.010158
-2.603333	-2.111231
-2.799162	-2.157346
-3.014575	-2.262525
-3.190190	-2.306429
-3.405919	-2.389499
-3.600801	-2.431192
-3.796631	-2.519947
-4.001936	-2.594489
-4.201241	-2.659239
-4.404967	-2.722094
-4.599217	-2.762523
-4.806734	-2.861386
-4.995615	-2.909080
-5.204079	-3.014891
-5.406226	-3.049003
-5.587842	-3.118807
-5.798833	-3.184821
-5.986766	-3.240411
-6.204706	-3.328851
-6.393903	-3.386020
-6.609000	-3.450139
-6.796618	-3.468774
-6.996238	-3.560056
-7.215756	-3.627017
-7.386002	-3.680081
-7.608364	-3.761571
-7.796613	-3.791893
-8.002234	-3.834218
-8.196485	-3.881912
-8.403054	-3.989302
-8.597620	-4.050578
-8.798188	-4.108379
-9.007600	-4.169339
-9.165211	-4.197134
-9.204377	-4.226193
-9.196165	-4.247671
-9.216063	-4.253673
-9.223012	-4.252093
-9.239120	-4.228088
-9.232488	-4.217033
-9.202482	-4.222719
-9.154788	-4.227141
-8.994650	-4.182605
-8.802294	-4.109011
-8.592251	-4.040787
-8.410003	-3.964350
-8.199327	-3.927395
-8.009815	-3.891387
-7.795034	-3.804527
-7.603626	-3.759360
-7.397689	-3.639967
-7.205965	-3.609961
-7.009503	-3.550264
-6.799144	-3.498148
-6.609632	-3.431187
-6.392955	-3.328535
-6.206601	-3.290000
-5.998137	-3.211668
-5.799781	-3.197455
-5.604898	-3.102383
-5.401172	-3.061637
-5.199025	-2.960248
-4.996878	-2.898972
-4.795363	-2.847804
-4.600797	-2.766314
-4.400229	-2.728095
-4.205978	-2.645025
-3.996251	-2.581854
-3.799474	-2.484255
-3.605223	-2.470042
-3.404340	-2.383498
-3.202824	-2.346227
-3.008258	-2.260630
-2.806111	-2.171875
-2.602701	-2.103966
-2.400870	-2.032268
-2.203461	-1.983626
-2.004156	-1.887290
-1.805484	-1.830121
-1.600494	-1.711991
-1.402453	-1.675036
-1.208519	-1.593230
-0.997528	-1.513003
-0.811490	-1.457412
-0.596077	-1.347179
-0.404985	-1.260951
-0.199363	-1.114394
0.001204	-0.937831
0.197375	-0.633032
0.401444	-0.330443
0.586874	-0.059440
0.807685	0.222963
0.991536	0.377751
1.204765	0.515166
1.393038	0.575818
1.598054	0.652580
1.795173	0.696174
1.991344	0.746401
2.203310	0.794417
2.389056	0.786520
2.609551	0.841801
2.792770	0.841486
2.998102	0.898663
3.188902	0.915405
3.398341	0.954576
3.592616	0.964369
3.798580	0.978584
4.003596	1.002908
4.191238	1.033866
4.397202	1.083461
4.595583	1.055346
4.801863	1.120737
4.990137	1.083461
5.204629	1.128318
5.388480	1.136216
5.594444	1.181705
5.797881	1.172228
5.993104	1.182336
6.201910	1.178861
6.391763	1.199711
6.605309	1.256256
6.788844	1.229089
6.994175	1.286266
7.196664	1.245515
7.395994	1.257519
7.600694	1.304588
7.792758	1.328596
7.998406	1.338073
8.189838	1.330175
8.400540	1.334598
8.591341	1.321014
8.799517	1.371558
9.001689	1.381034
9.181749	1.390195
9.402876	1.372505
9.586095	1.372821
9.796165	1.372821
9.997391	1.416099
9.796798	1.415151
9.598731	1.402515
9.386133	1.375664
9.193122	1.376928
8.991897	1.351972
8.798884	1.352920
8.588814	1.369662
8.401173	1.324173
8.187943	1.326069
7.999038	1.297638
7.790863	1.294163
7.601010	1.310906
7.391888	1.281211
7.196980	1.278368
6.989121	1.234775
6.792003	1.243304
6.608468	1.213610
6.385761	1.226562
6.207281	1.225614
5.984259	1.169069
5.797565	1.192129
5.591917	1.127055
5.396062	1.165278
5.196732	1.123896
4.998666	1.124212
4.803127	1.092306
4.586739	1.044290
4.400360	1.066403
4.189342	1.025968
4.001069	1.043342
3.795421	0.982059
3.596723	0.968475
3.399605	0.906560
3.194904	0.917300
2.999365	0.907823
2.799404	0.866757
2.589017	0.854437
2.399480	0.793469
2.198887	0.771989
1.989448	0.728079
1.797700	0.720814
1.592368	0.641524
1.396829	0.599826
1.200658	0.490210
0.991852	0.372065
0.798840	0.204957
0.594455	-0.045858
0.396705	-0.335813
0.197375	-0.645034
0.002468	-0.910036
-0.203154	-1.139663
-0.406564	-1.237262
-0.597972	-1.344336
-0.814016	-1.446673
-0.991843	-1.524058
-1.202202	-1.594493
-1.395505	-1.660823
-1.605232	-1.740102
-1.801694	-1.801694
-2.000050	-1.906557
-2.216727	-1.980151
-2.386656	-2.018686
-2.611545	-2.118812
-2.793793	-2.156398
-3.006995	-2.262841
-3.197455	-2.327907
-3.409393	-2.412241
-3.600485	-2.461198
-3.802001	-2.517736
-4.010465	-2.587540
-4.200925	-2.647552
-4.409705	-2.742940
-4.596375	-2.790003
-4.805470	-2.851594
-4.998142	-2.897709
-5.205342	-2.983621
-5.396119	-3.062585
-5.601740	-3.138074
-5.806729	-3.189874
-5.997506	-3.247992
-6.203127	-3.305161
-6.397062	-3.368016
-6.607737	-3.456772
-6.794091	-3.509519
-7.015505	-3.588483
-7.200912	-3.603328
-7.399900	-3.687977
-7.599520	-3.732197
-7.801035	-3.826953
-8.001919	-3.882544
-8.202486	-3.929290
-8.410634	-3.967824
-8.589408	-4.017413
-8.803873	-4.127331
-8.998124	-4.171235
-9.144049	-4.239775
-9.193007	-4.241038
-9.220486	-4.229036
-9.236279	-4.227141
-9.227750	-4.242933
-9.216695	-4.253041
-9.202166	-4.249567
-9.198376	-4.228088
-9.165526	-4.205347
-8.996229	-4.159864
-8.800714	-4.105853
-8.601411	-4.090376
-8.404317	-3.992777
-8.201539	-3.916024
-8.006024	-3.821899
-7.797561	-3.774521
-7.600783	-3.738830
-7.404638	-3.692083
-7.202175	-3.632071
-7.002555	-3.533208
-6.803882	-3.509519
-6.599208	-3.428660
-6.391060	-3.386968
-6.205970	-3.324744
-5.990557	-3.219565
-5.811152	-3.158289
-5.598266	-3.084063
-5.403699	-3.048687
-5.197130	-2.971619
-5.000669	-2.923293
-4.802628	-2.826957
-4.595111	-2.756838
-4.412863	-2.716408
-4.194923	-2.640287
-4.000989	-2.618494
-3.792525	-2.490257
-3.604276	-2.458987
-3.406235	-2.350017
-3.200613	-2.318116
-3.006047	-2.258419
-2.800426	-2.177245
-2.606175	-2.128919
-2.391710	-2.010158
-2.211673	-1.974782
-1.996260	-1.868023
-1.808958	-1.831384
-1.597652	-1.747998
-1.403401	-1.675668
-1.199675	-1.576489
-0.999739	-1.504790
-0.804857	-1.440356
-0.602710	-1.351917
-0.407512	-1.265373
-0.194310	-1.109972
-0.012378	-0.934357
0.205273	-0.627978
0.395126	-0.349710
0.595719	-0.025012
0.801367	0.216961
0.993747	0.384701
1.200342	0.511691
1.395882	0.595403
1.598054	0.658898
1.793278	0.682906
2.003980	0.735345
2.202678	0.770725
2.388108	0.820320
2.605128	0.841486
2.793718	0.874970
3.000945	0.870548
3.190166	0.908139
3.403395	0.943204
3.591669	0.976373
3.795421	1.007015
4.006123	1.020914
4.183024	1.010173
4.402256	1.038604
4.596847	1.076196
4.801231	1.097676
4.994559	1.112839
5.200839	1.132741
5.393219	1.120421
5.593181	1.142849
5.799460	1.184232
5.993420	1.189286
6.202858	1.213926
6.393659	1.218664
6.600254	1.200027
6.787264	1.237302
6.998598	1.276157
7.189083	1.274894
7.398837	1.308378
7.591849	1.301429
7.798129	1.307431
7.993036	1.303008
8.191102	1.356079
8.399277	1.347550
8.585971	1.351024
8.801412	1.366503
8.994108	1.321014
9.201651	1.385773
9.388977	1.399040
9.597467	1.410729
9.794271	1.382930
9.990125	1.387352
9.797745	1.372821
9.590518	1.380403
9.391504	1.400620
9.194069	1.369978
8.997267	1.394934
8.796357	1.295743
8.597975	1.342179
8.391379	1.336493
8.193629	1.344075
7.993036	1.327964
7.794338	1.294479
7.593112	1.279316
7.397258	1.266680
7.194769	1.294479
6.991964	1.256888
6.797688	1.259731
6.593305	1.195288
6.397449	1.200658
6.200331	1.190550
5.988365	1.202554
5.797881	1.193709
5.590022	1.165910
5.399853	1.130214
5.197996	1.109049
4.999613	1.120421
4.795861	1.086936
4.589581	1.082198
4.400676	1.061033
4.184288	0.999433
4.015284	0.988693
3.793526	0.994695
3.601777	0.978268
3.392655	0.935622
3.196800	0.922355
3.002208	0.864546
2.794349	0.849067
2.604496	0.855385
2.386213	0.804842
2.214050	0.771989
1.985342	0.737240
1.801807	0.691751
1.588893	0.636785
1.398093	0.600142
1.200974	0.502846
0.994063	0.376488
0.805789	0.206852
0.591612	-0.051544
0.402391	-0.331707
0.193269	-0.653878
0.007206	-0.927724
-0.206628	-1.136188
-0.396141	-1.246421
-0.607448	-1.350653
-0.806120	-1.421405
-0.990263	-1.509844
-1.202202	-1.586597
-1.396768	-1.668087
-1.607443	-1.748946
-1.795692	-1.792218
-2.009210	-1.888870
-2.200934	-1.940354
-2.402765	-2.064169
-2.596384	-2.116601
-2.800742	-2.187036
-3.004152	-2.238205
-3.200929	-2.314641
-3.408130	-2.396764
-3.595747	-2.447932
-3.799790	-2.548690
-4.005095	-2.580275
-4.196503	-2.641551
-4.406546	-2.674084
-4.602060	-2.798531
-4.793784	-2.832011
-4.995299	-2.925188
-5.204710	-2.976041
-5.397698	-3.030368
-5.601740	-3.102699
-5.807677	-3.175661
-5.995610	-3.259678
-6.205338	-3.305793
-6.401168	-3.369596
-6.601104	-3.393601
-6.797881	-3.480777
-7.000976	-3.550264
-7.203754	-3.621332
-7.398952	-3.689872
-7.597625	-3.726511
-7.801667	-3.789051
-8.002866	-3.856959
-8.204065	-3.960244
-8.402738	-3.994988
-8.588777	-4.051842
-8.811138	-4.104589
-8.993071	-4.127646
-9.165526	-4.215454
-9.183214	-4.238196
-9.199324	-4.253988
-9.205009	-4.257147
-9.234383	-4.245776
-9.223644	-4.242618
-9.182899	-4.259990
-9.176266	-4.268517
-9.131414	-4.252409
-9.005704	-4.209137
-8.792187	-4.086270
-8.603306	-4.049314
-8.399263	-3.995304
-8.204698	-3.957085
-8.001603	-3.887913
-7.796613	-3.781154
-7.603942	-3.729986
-7.396110	-3.653233
-7.210071	-3.644389
-6.993711	-3.560688
-6.809884	-3.524049
-6.596366	-3.419501
-6.398009	-3.374018
-6.203759	-3.296317
-5.996242	-3.246412
-5.807993	-3.193349
-5.603951	-3.095434
-5.404331	-3.022787
-5.198709	-2.938138
-5.005091	-2.910343
-4.793784	-2.826326
-4.608693	-2.792213
-4.406230	-2.690192
-4.192713	-2.631759
-4.009517	-2.553743
-3.795368	-2.513314
-3.599854	-2.462146
-3.403076	-2.372127
-3.210405	-2.319695
-3.003836	-2.227150
-2.799162	-2.186404
-2.612492	-2.115653
-2.389183	-2.050271
-2.211673	-1.979204
-1.997839	-1.897713
-1.811169	-1.811169
-1.598283	-1.747682
-1.402769	-1.692092
-1.201254	-1.606811
-0.992474	-1.526268
-0.814964	-1.450148
-0.594182	-1.350653
-0.410670	-1.266952
-0.196521	-1.127660
-0.001638	-0.920459
0.203377	-0.641244
0.392283	-0.339919
0.594455	-0.030065
0.796944	0.208747
0.992799	0.383437
1.209187	0.492737
1.391775	0.590981
1.598054	0.652264
1.788223	0.714812
2.002084	0.758089
2.190989	0.763775
2.401376	0.808632
2.595651	0.811791
2.807301	0.863598
2.999049	0.892029
3.194904	0.933727
3.403395	0.931516
3.585351	0.940361
3.803950	0.996906
3.993171	0.993115
4.199135	1.066719
4.392779	1.031023
4.596215	1.083461
4.794913	1.063244
4.998666	1.109049
5.199891	1.149483
5.387533	1.152958
5.602973	1.164646
5.805462	1.147904
5.992156	1.185495
6.197488	1.282475
6.395554	1.250254
6.594884	1.272051
6.792318	1.261310
7.000177	1.232880
7.194137	1.240777
7.400101	1.289425
7.601010	1.313433
7.793706	1.332386
7.993352	1.311853
8.192681	1.316276
8.392643	1.316592
8.594185	1.369346
8.802044	1.379771
8.989054	1.376928
9.195333	1.375664
9.387713	1.357658
9.595572	1.377875
9.791743	1.410413
9.995811	1.426523
9.797429	1.382930
9.580409	1.386721
9.397821	1.365240
9.182697	1.356710
9.007059	1.394934
8.786880	1.366819
8.603029	1.360817
8.385062	1.316908
8.193629	1.321330
7.996195	1.314065
7.789599	1.310274
7.604169	1.321014
7.388097	1.257835
7.204877	1.259731
6.986594	1.224982
6.800216	1.264153
6.593620	1.236986
6.399977	1.228457
6.194645	1.197815
5.997211	1.160856
5.801987	1.167489
5.585283	1.149799
5.404907	1.156749
5.189466	1.122000
5.004352	1.109365
4.790807	1.065455
4.598742	1.068614
4.390252	1.054083
4.194396	1.044290
3.994751	1.003224
3.799212	0.967212
3.601777	0.962473
3.389812	0.928673
3.201854	0.945731
2.989257	0.886343
2.800983	0.872759
2.596599	0.907192
2.393794	0.807369
2.193517	0.768830
2.001137	0.751455
1.796752	0.713548
1.587314	0.670902
1.401883	0.587506
1.201606	0.476311
0.990904	0.391019
0.804210	0.202430
0.591612	-0.042068
0.398600	-0.351605
0.200218	-0.639349
0.002784	-0.927092
-0.206312	-1.111551
-0.400879	-1.246737
-0.602710	-1.359813
-0.811174	-1.435618
-0.996896	-1.515213
-1.204728	-1.576805
-1.398663	-1.672193
-1.605232	-1.735364
-1.798851	-1.838964
-2.006367	-1.902451
-2.200934	-1.942565
-2.403713	-2.036374
-2.601753	-2.103019
-2.801689	-2.185457
-3.005100	-2.259367
-3.201561	-2.336751
-3.406235	-2.385393
-3.589115	-2.440983
-3.803264	-2.531002
-3.995935	-2.570484
-4.208189	-2.667135
-4.396123	-2.708512
-4.607746	-2.784949
-4.795679	-2.815271
-4.997826	-2.917292
-5.206922	-2.991518
-5.394223	-3.055320
-5.614374	-3.138390
-5.797254	-3.144707
-6.008876	-3.255256
-6.187650	-3.288737
-6.406537	-3.390442
-6.600788	-3.443821
-6.803566	-3.513941
-7.004766	-3.547422
-7.199016	-3.601749
-7.401795	-3.696189
-7.598888	-3.754307
-7.802299	-3.853485
-7.989916	-3.865803
-8.204698	-3.920130
-8.398948	-3.961191
-8.597304	-4.068582
-8.804189	-4.125751
-8.994966	-4.185132
-9.164264	-4.217033
-9.212589	-4.211032
-9.223644	-4.225877
-9.214800	-4.243881
-9.228382	-4.251778
-9.215432	-4.243881
-9.226171	-4.223982
-9.213853	-4.212296
-9.152261	-4.219876
-9.003493	-4.178815
-8.798188	-4.136490
-8.601411	-4.055948
-8.401791	-3.963718
-8.203434	-3.924236
-8.006972	-3.846220
-7.795666	-3.807370
-7.609627	-3.758097
-7.390740	-3.670605
-7.214493	-3.591957
-6.992764	-3.535735
-6.805461	-3.482987
-6.595734	-3.425818
-6.403063	-3.386968
-6.206917	-3.295370
-5.989925	-3.216090
-5.813363	-3.170607
-5.590685	-3.109332
-5.413806	-3.061006
-5.193340	-2.986148
-5.006354	-2.905921
-4.795679	-2.819693
-4.599217	-2.791266
-4.402756	-2.719251
-4.199346	-2.656396
-4.004779	-2.601437
-3.795368	-2.512051
-3.604907	-2.438772
-3.397075	-2.379392
-3.213879	-2.325065
-2.993097	-2.240416
-2.807059	-2.185141
-2.601437	-2.072381
-2.403081	-2.023739
-2.204408	-1.952988
-2.003209	-1.887922
-1.801694	-1.818750
-1.598599	-1.729679
-1.406244	-1.663981
-1.195253	-1.564803
-0.999739	-1.537007
-0.805173	-1.433407
-0.607763	-1.380975
-0.400879	-1.246421
-0.204417	-1.121975
-0.001954	-0.909089
0.203377	-0.638717
0.390387	-0.339919
0.595719	-0.029118
0.801683	0.196428
0.995642	0.405550
1.195920	0.491790
1.400936	0.612462
1.592368	0.647526
1.792646	0.702492
1.998609	0.741347
2.190358	0.776727
2.396953	0.823164
2.600706	0.847172
2.799720	0.858544
2.995890	0.871811
3.196168	0.914457
3.396446	0.943204
3.601461	0.978900
3.802687	0.992483
3.995699	0.996906
4.192817	1.026284
4.392147	1.049029
4.597795	1.098940
4.792070	1.097045
4.997718	1.119473
5.196416	1.101783
5.386269	1.132741
5.599183	1.174123
5.785561	1.167173
6.008266	1.199711
6.192118	1.188970
6.407242	1.204133
6.592988	1.210451
6.797373	1.252781
6.995755	1.264785
7.189399	1.267944
7.405787	1.279000
7.586479	1.257519
7.813292	1.316908
7.980716	1.331755
8.203423	1.347550
8.389169	1.330807
8.594816	1.340284
8.795094	1.341232
8.989369	1.359238
9.193122	1.397461
9.387713	1.381982
9.595572	1.410729
9.785425	1.358290
10.001497	1.447057
9.792059	1.393354
9.595888	1.418310
9.393084	1.382930
9.186804	1.367767
8.997267	1.330491
8.794778	1.351656
8.597975	1.357974
8.389169	1.351024
8.198999	1.356079
7.985455	1.287214
7.796865	1.305535
7.602590	1.285634
7.387149	1.314381
7.198244	1.267944
6.988805	1.268892
6.795794	1.210135
6.598675	1.206028
6.398397	1.230668
6.197488	1.208556
5.994683	1.207292
5.802619	1.171280
5.586546	1.158644
5.397957	1.114419
5.190414	1.152958
5.005300	1.115051
4.790491	1.101467
4.597795	1.074932
4.395622	1.034181
4.187763	1.021546
4.003596	1.033234
3.793842	0.991852
3.600514	0.958998
3.396761	0.938465
3.199959	0.891081
2.986729	0.898978
2.805090	0.884763
2.597231	0.831061
2.396322	0.815266
2.197623	0.764723
1.994187	0.736608
1.792962	0.691751
1.588578	0.665532
1.405674	0.594140
1.194340	0.488946
1.003856	0.399548
0.785256	0.178737
0.601089	-0.024696
0.390703	-0.349079
0.203061	-0.645982
-0.001638	-0.935305
-0.206312	-1.123554
-0.395825	-1.257160
-0.615976	-1.367078
-0.790959	-1.422668
-0.995949	-1.549010
-1.195253	-1.574910
-1.408139	-1.691460
-1.597967	-1.730626
-1.806116	-1.815591
-2.005104	-1.887606
-2.204408	-1.963411
-2.399606	-2.053114
-2.599542	-2.112179
-2.808322	-2.183562
-2.995624	-2.222096
-3.211984	-2.343068
-3.398338	-2.390131
-3.599538	-2.489625
-3.805791	-2.521210
-3.997830	-2.588171
-4.202820	-2.666188
-4.401493	-2.732201
-4.604271	-2.806743
-4.799153	-2.858543
-5.003827	-2.931505
-5.200604	-2.956774
-5.398329	-3.053109
-5.612795	-3.117544
-5.798833	-3.197771
-6.004455	-3.256520
-6.199653	-3.295370
-6.402431	-3.347486
-6.595734	-3.428029
-6.800092	-3.516152
-7.004766	-3.552475
-7.201227	-3.617857
-7.411902	-3.668078
-7.588465	-3.707244
-7.810195	-3.802632
-7.997812	-3.879701
-8.211015	-3.935923
-8.395158	-3.989302
-8.599832	-4.043629
-8.799767	-4.072372
-8.987385	-4.163023
-9.158578	-4.233774
-9.179740	-4.241038
-9.224908	-4.231247
-9.243858	-4.213875
-9.259020	-4.221456
-9.216063	-4.242302
-9.208167	-4.246724
-9.188269	-4.239459
-9.163316	-4.211348
-9.002546	-4.142176
-8.793135	-4.096061
-8.602042	-4.050578
-8.397368	-3.989302
-8.209751	-3.936239
-7.995917	-3.847484
-7.804825	-3.799158
-7.602994	-3.735355
-7.401163	-3.718299
-7.198385	-3.646916
-7.002871	-3.593221
-6.805778	-3.476039
-6.593839	-3.421712
-6.409380	-3.377176
-6.194599	-3.300739
-5.999401	-3.267890
-5.807045	-3.151024
-5.603319	-3.107121
-5.392960	-3.022156
-5.203131	-2.993097
-4.999405	-2.912238
-4.795363	-2.857911
-4.605850	-2.784633
-4.403704	-2.677874
-4.200293	-2.643762
-4.005411	-2.567957
-3.799790	-2.536371
-3.596063	-2.435614
-3.404340	-2.396764
-3.206615	-2.288110
-2.993729	-2.234098
-2.808954	-2.181983
-2.601121	-2.105546
-2.396132	-2.039532
-2.210093	-1.950777
-1.996260	-1.889501
-1.802325	-1.794745
-1.598915	-1.763791
-1.406560	-1.672825
-1.193989	-1.593861
-1.003213	-1.527848
-0.802014	-1.433407
-0.606184	-1.365183
-0.407196	-1.266004
-0.196521	-1.140926
0.003416	-0.914142
0.202745	-0.647877
0.390387	-0.334549
0.604880	-0.033856
0.789679	0.190426
1.007962	0.391651
1.188022	0.487683
1.405042	0.606144
1.589209	0.655107
1.794541	0.717655
2.001452	0.729659
2.189410	0.769461
2.407694	0.810212
2.590597	0.822848
2.810776	0.890449
2.984202	0.874339
3.206908	0.912878
3.389180	0.907192
3.596407	0.974477
3.800159	0.991852
4.001700	1.013964
4.200399	1.041763
4.389304	1.037656
4.602533	1.074932
4.783857	1.076512
5.004036	1.135268
5.194521	1.123896
5.390692	1.164330
5.601710	1.132741
5.797881	1.155169
5.995947	1.201606
6.195592	1.215189
6.401872	1.227509
6.593936	1.381034
6.795794	1.246779
6.996703	1.222455
7.194769	1.284371
7.402628	1.297638
7.593112	1.316276
7.799392	1.286266
7.993036	1.302061
8.195209	1.311538
8.389800	1.353867
8.597343	1.365871
8.798884	1.370294
8.991581	1.355131
9.200704	1.352604
9.384554	1.392722
9.593992	1.397461
9.791427	1.419258
9.998022	1.393354
9.788268	1.367135
9.599047	1.374401
9.389293	1.373137
9.186804	1.393038
9.003268	1.374717
8.785933	1.361133
8.607452	1.348813
8.384114	1.346602
8.198684	1.338073
7.984823	1.325753
7.801603	1.326700
7.590901	1.291004
7.399469	1.255940
7.197928	1.267312
6.990385	1.266049
6.797057	1.254045
6.594252	1.245515
6.399977	1.212346
6.193065	1.164646
6.004476	1.197499
5.786192	1.163067
5.599814	1.185179
5.387533	1.139375
5.196732	1.120105
4.996770	1.082513
4.798388	1.095149
4.595900	1.104310
4.389620	1.045870
4.199135	1.051872
3.994751	0.971634
3.803950	0.995010
3.591353	0.934359
3.405607	0.954576
3.188902	0.911930
2.982939	0.887606
2.804458	0.860439
2.596283	0.821900
2.403271	0.827270
2.194149	0.775779
2.000505	0.766934
1.784117	0.675325
1.596475	0.653528
1.399988	0.575818
1.187707	0.507900
1.000697	0.388492
0.792522	0.199587
0.604248	-0.035119
0.392914	-0.341182
0.201482	-0.637454
-0.000059	-0.940042
-0.202838	-1.114710
-0.393614	-1.269479
-0.608079	-1.370236
-0.798224	-1.425195
-1.005108	-1.496578
-1.195253	-1.579332
-1.399927	-1.660191
-1.592282	-1.740418
-1.808327	-1.819381
-2.005420	-1.878762
-2.199039	-1.950461
-2.411293	-2.038269
-2.591962	-2.108073
-2.810849	-2.195880
-3.000678	-2.265368
-3.213248	-2.317168
-3.392337	-2.378444
-3.595116	-2.447932
-3.803580	-2.505102
-3.994040	-2.586592
-4.206926	-2.671241
-4.393912	-2.682612
-4.614694	-2.768840
-4.787783	-2.837065
-5.011408	-2.920135
-5.192708	-2.975409
-5.410648	-3.067007
-5.603951	-3.091959
-5.803571	-3.163027
-6.001927	-3.255256
-6.190177	-3.309583
-6.404642	-3.389179
-6.592891	-3.415395
-6.807357	-3.471301
-6.996238	-3.521206
-7.205965	-3.628596
-7.395478	-3.678501
-7.600468	-3.760939
-7.798508	-3.784313
-8.002866	-3.857275
-8.203750	-3.917919
-8.398632	-4.006042
-8.603937	-4.081848
-8.795977	-4.109011
-8.995597	-4.170918
-9.169633	-4.199030
-9.204693	-4.219876
-9.199324	-4.246092
-9.202798	-4.262516
-9.213853	-4.264411
-9.221433	-4.242618
-9.221117	-4.236932
-9.177845	-4.250514
-9.140574	-4.254936
-8.999071	-4.194608
-8.795977	-4.140597
-8.595725	-4.020256
-8.405896	-4.004463
-8.205329	-3.930238
-7.994022	-3.881596
-7.806721	-3.828217
-7.596677	-3.723669
-7.396425	-3.659550
-7.209124	-3.595432
-6.996870	-3.573006
-6.803882	-3.508256
-6.596050	-3.457087
-6.401799	-3.360436
-6.193336	-3.284315
-6.004455	-3.254941
-5.802939	-3.178819
-5.605530	-3.132705
-5.398329	-3.056900
-5.202184	-2.982674
-4.999089	-2.910343
-4.793468	-2.869282
-4.610272	-2.794740
-4.394544	-2.722726
-4.215138	-2.683560
-3.992777	-2.565746
-3.808002	-2.521842
-3.596379	-2.442878
-3.411920	-2.393289
-3.200298	-2.323169
-2.997519	-2.257472
-2.803268	-2.164926
-2.591962	-2.070486
-2.407503	-2.043954
-2.193038	-1.952040
-2.016791	-1.910348
-1.791902	-1.796956
-1.609022	-1.742629
-1.398979	-1.644398
-1.199359	-1.594493
-0.995001	-1.523426
-0.798540	-1.432144
-0.609659	-1.350969
-0.396773	-1.229365
-0.209787	-1.136820
0.008154	-0.907825
0.199902	-0.661459
0.399232	-0.328548
0.604880	-0.043963
0.791890	0.216329
1.001644	0.389124
1.198447	0.497160
1.399356	0.586242
1.589841	0.639313
1.797068	0.703439
1.999557	0.740715
2.189094	0.804842
2.403587	0.807369
2.592808	0.836431
2.803195	0.848435
2.992732	0.907192
3.196800	0.916669
3.393602	0.948890
3.601777	0.971318
3.797001	0.950153
3.997594	1.001013
4.200399	1.039236
4.383618	1.061980
4.601902	1.064507
4.794598	1.095149
4.999613	1.088516
5.192941	1.117894
5.397326	1.163699
5.595392	1.155801
5.793458	1.182020
5.996579	1.176334
6.190854	1.183284
6.403768	1.197499
6.595832	1.242356
6.802427	1.272682
6.983751	1.240777
7.201087	1.267944
7.391572	1.255308
7.598483	1.311538
7.799077	1.369030
7.991457	1.338073
8.205317	1.326700
8.390748	1.324805
8.596395	1.331755
8.792251	1.353236
8.996951	1.401568
9.188383	1.369030
9.401612	1.393038
9.583252	1.341863
9.799008	1.389564
9.992652	1.415467
9.796481	1.420521
9.594940	1.404727
9.394031	1.364924
9.198492	1.362397
8.991581	1.358290
8.802675	1.393670
8.581864	1.339968
8.399909	1.364292
8.190154	1.296375
7.986402	1.310590
7.805710	1.308694
7.599115	1.314696
7.395362	1.300165
7.192873	1.251517
6.999546	1.253413
6.789159	1.202554
6.600254	1.253413
6.402504	1.217085
6.193381	1.196552
6.003844	1.183916
5.791879	1.156433
5.595076	1.152642
5.391955	1.145061
5.201155	1.148536
4.995191	1.109365
4.791754	1.097992
4.596847	1.043658
4.391200	1.043342
4.201978	1.049976
3.990328	1.017755
3.803003	0.990904
3.594828	0.956787
3.399605	0.922355
3.192693	0.908455
2.996522	0.902137
2.800667	0.866757
2.591545	0.840538
2.406114	0.890765
2.183724	0.761880
2.003032	0.750192
1.787276	0.711337
1.599002	0.658266
1.392722	0.575502
1.202870	0.497476
1.003224	0.370802
0.794417	0.200850
0.598562	-0.034172
0.385333	-0.349394
0.213170	-0.639981
-0.010482	-0.932146
-0.193678	-1.109656
-0.407512	-1.266320
-0.605868	-1.335808
-0.802014	-1.447305
-1.006372	-1.522794
-1.192094	-1.603021
-1.406560	-1.665876
-1.596704	-1.732522
-1.803589	-1.844966
-2.003525	-1.885079
-2.205987	-1.985521
-2.406239	-2.030056
-2.599226	-2.106177
-2.801373	-2.155451
-3.006995	-2.254313
-3.196823	-2.318432
-3.408762	-2.383498
-3.603012	-2.429612
-3.799474	-2.485519
-3.998778	-2.579959
-4.204399	-2.640919
-4.402124	-2.752732
-4.603640	-2.768840
-4.802944	-2.851594
-4.995615	-2.868019
-5.199973	-2.970671
-5.407174	-3.044266
-5.591949	-3.117544
-5.808309	-3.189243
-5.996874	-3.206615
-6.197757	-3.306741
-6.398641	-3.343380
-6.601419	-3.457403
-6.805461	-3.500675
-6.992447	-3.559740
-7.212282	-3.620700
-7.392951	-3.643757
-7.601099	-3.734092
-7.801351	-3.796631
-7.999708	-3.877490
-8.197117	-3.918235
-8.396421	-3.966245
-8.605832	-4.030364
-8.787765	-4.111854
-9.012338	-4.199346
-9.151945	-4.227457
-9.210062	-4.220508
-9.231541	-4.214191
-9.236279	-4.228088
-9.226803	-4.244513
-9.217643	-4.250198
-9.210694	-4.245776
-9.202798	-4.222719
-9.172476	-4.192081
-8.993071	-4.115328
-8.805768	-4.119119
-8.588777	-4.042997
-8.410003	-3.994672
-8.199643	-3.900863
-8.005709	-3.846536
-7.802930	-3.789682
-7.596361	-3.744199
-7.402427	-3.709139
-7.190804	-3.616910
-7.013294	-3.549001
-6.790300	-3.463720
-6.612474	-3.452034
-6.394851	-3.359804
-6.198389	-3.327271
-6.006033	-3.226829
-5.799149	-3.149761
-5.604898	-3.111227
-5.397382	-3.036685
-5.206290	-2.993729
-4.992140	-2.900552
-4.802944	-2.847488
-4.597954	-2.746099
-4.396755	-2.702195
-4.209769	-2.648184
-3.994356	-2.594805
-3.807054	-2.523737
-3.598274	-2.447932
-3.405603	-2.367705
-3.202193	-2.312746
-3.001625	-2.269158
-2.806427	-2.181035
-2.593857	-2.100492
-2.406239	-2.022792
-2.199354	-1.962148
-2.007947	-1.881921
-1.801378	-1.836753
-1.601758	-1.747998
-1.392030	-1.666824
-1.207887	-1.578700
-1.000686	-1.500368
-0.800119	-1.442883
-0.608079	-1.360445
-0.396141	-1.266636
-0.204733	-1.114710
0.003100	-0.923934
0.193900	-0.641244
0.404918	-0.327285
0.595403	-0.048385
0.796312	0.224226
0.995326	0.382806
1.194972	0.517377
1.404095	0.599194
1.586998	0.658582
1.801807	0.703755
1.986921	0.716707
2.201414	0.793469
2.400428	0.795365
2.605760	0.867389
2.801615	0.852226
2.996206	0.882868
3.196800	0.893292
3.396446	0.941624
3.603041	0.983638
3.789419	0.985218
4.003596	1.019334
4.190606	1.000697
4.397517	1.063876
4.589266	1.053135
4.799968	1.128318
4.991716	1.110628
5.200523	1.129266
5.393535	1.121684
5.592549	1.139375
5.798196	1.185495
5.995315	1.185179
6.202542	1.218032
6.387025	1.187391
6.605940	1.223403
6.792318	1.202870
6.991648	1.273314
7.198875	1.281527
7.394414	1.268260
7.602590	1.292584
7.789916	1.274262
7.996195	1.333018
8.189838	1.326069
8.393275	1.385141
8.598923	1.346918
8.785617	1.344075
9.011166	1.339652
9.183645	1.373453
9.396874	1.394934
9.589254	1.399988
9.796481	1.406622
9.991705	1.386405
9.797113	1.384509
9.600310	1.398725
9.388345	1.401252
9.201966	1.398725
8.983051	1.356395
8.800148	1.341863
8.589446	1.335546
8.398330	1.346286
8.192998	1.339020
7.994299	1.335861
7.794970	1.293531
7.594060	1.263521
7.402628	1.277105
7.185608	1.277421
7.001125	1.263837
6.786001	1.236354
6.609415	1.211083
6.387025	1.195604
6.201279	1.211083
5.993735	1.194024
5.792826	1.190866
5.597919	1.161803
5.392903	1.120105
5.203998	1.120421
4.985398	1.114419
4.806917	1.112524
4.587054	1.059769
4.392463	1.070825
4.199767	1.006383
3.993803	1.000065
3.803950	0.982375
3.596407	0.987429
3.396446	0.949838
3.192377	0.896767
2.995574	0.895188
2.798140	0.852858
2.594704	0.855385
2.402323	0.800419
2.199203	0.788099
1.993555	0.723972
1.798648	0.700280
1.592052	0.642472
1.396197	0.596035
1.197499	0.508532
1.001328	0.374592
0.790942	0.203061
0.598562	-0.051859
0.390387	-0.333602
0.198639	-0.663354
0.001204	-0.910036
-0.195889	-1.132082
-0.411302	-1.259055
-0.600499	-1.362656
-0.809594	-1.448884
-0.998160	-1.509212
-1.199359	-1.614076
-1.403401	-1.659875
-1.602389	-1.763475
-1.806747	-1.800746
-1.996260	-1.873708
-2.212620	-1.976045
-2.391078	-2.039216
-2.604912	-2.126708
-2.797583	-2.170928
-3.005100	-2.248628
-3.203456	-2.297901
-3.400234	-2.393605
-3.602696	-2.457408
-3.791893	-2.512998
-4.011728	-2.605228
-4.198714	-2.623863
-4.406862	-2.725568
-4.591637	-2.797899
-4.807050	-2.852858
-4.997510	-2.924872
-5.199657	-2.986464
-5.406226	-3.036685
-5.599529	-3.109647
-5.805150	-3.209141
-5.993083	-3.252729
-6.211339	-3.336747
-6.391376	-3.361068
-6.610895	-3.432767
-6.796302	-3.476986
-7.003502	-3.586272
-7.204070	-3.627965
-7.394530	-3.688609
-7.601099	-3.731249
-7.796613	-3.749569
-8.008552	-3.850642
-8.195222	-3.906549
-8.411898	-4.004463
-8.590672	-4.027836
-8.798820	-4.092587
-9.008862	-4.130173
-9.155735	-4.211664
-9.188900	-4.245776
-9.189531	-4.256831
-9.216379	-4.249882
-9.244806	-4.228404
-9.241332	-4.221771
-9.216695	-4.236617
-9.179109	-4.241354
-9.162052	-4.227773
-8.994333	-4.151020
-8.802926	-4.078373
-8.593830	-4.037312
-8.406528	-3.982038
-8.199960	-3.933080
-8.002866	-3.881912
-7.805141	-3.794420
-7.595730	-3.730302
-7.400532	-3.687661
-7.198385	-3.625438
-7.011399	-3.569532
-6.801355	-3.515521
-6.602683	-3.404971
-6.394535	-3.346538
-6.206601	-3.305793
-5.997190	-3.234410
-5.805782	-3.187663
-5.604582	-3.099856
-5.396750	-3.029736
-5.203763	-2.951404
-4.989930	-2.916660
-4.806418	-2.845277
-4.598270	-2.765050
-4.407494	-2.724621
-4.199661	-2.617546
-4.003831	-2.584381
-3.798526	-2.507313
-3.599854	-2.463725
-3.406235	-2.391710
-3.197771	-2.309904
-3.006995	-2.246417
-2.794740	-2.154187
-2.603017	-2.128603
-2.395500	-2.026898
-2.206935	-1.979836
-2.001945	-1.871182
-1.803905	-1.807379
-1.599547	-1.734417
-1.400874	-1.667771
-1.202202	-1.595441
-0.999739	-1.501000
-0.807699	-1.440356
-0.597024	-1.321911
-0.405301	-1.274217
-0.196521	-1.113131
-0.002586	-0.934357
0.201166	-0.630189
0.396389	-0.341182
0.592560	-0.030381
0.798208	0.215381
0.995958	0.387544
1.200027	0.506637
1.393986	0.570132
1.599002	0.669323
1.791066	0.689540
1.994503	0.754930
2.202046	0.774200
2.387476	0.789363
2.611130	0.820636
2.793086	0.871495
2.998102	0.902137
3.188586	0.916037
3.398657	0.963105
3.599250	0.941940
3.789735	0.981743
4.011493	1.028180
4.185552	1.026600
4.401624	1.065139
4.588950	1.062612
4.803442	1.074616
4.996139	1.097992
5.197996	1.150431
5.397009	1.152958
5.588442	1.157065
5.801987	1.173175
5.988681	1.162435
6.204438	1.208240
6.388920	1.225930
6.608783	1.233195
6.791687	1.250254
6.994175	1.228773
7.188451	1.239197
7.394414	1.298902
7.596903	1.305220
7.792442	1.313749
7.999986	1.325121
8.188259	1.296375
8.400857	1.344391
8.589762	1.335230
8.800780	1.401883
8.992528	1.357974
9.190279	1.379455
9.395926	1.341547
9.593992	1.376296
9.795850	1.427155
9.984755	1.418942
9.801220	1.421469
9.587358	1.362081
9.393399	1.375348
9.194069	1.358922
8.993160	1.389248
8.799832	1.363028
8.595448	1.349129
8.392643	1.317855
8.191102	1.306483
7.993352	1.326700
7.795918	1.309642
7.599115	1.308694
7.399469	1.273946
7.194453	1.252781
6.995439	1.218980
6.796109	1.254360
6.598043	1.233827
6.389236	1.222455
6.192433	1.196552
6.000053	1.146956
5.796617	1.168121
5.595392	1.174755
5.393219	1.170016
5.195785	1.123896
4.998981	1.118841
4.793334	1.064823
4.585159	1.069562
4.402887	1.071773
4.188079	1.016176
4.004859	1.030391
3.795421	0.961526
3.595459	0.958998
3.395814	0.930884
3.192693	0.946994
3.006947	0.895819
2.789927	0.848435
2.609551	0.838011
2.387476	0.786204
2.204257	0.791890
1.992292	0.729343
1.800859	0.716391
1.592052	0.654791
1.395250	0.576449
1.204133	0.509164
0.989640	0.372065
0.800103	0.222647
0.587506	-0.061967
0.399864	-0.329811
0.197691	-0.647245
0.003416	-0.904983
-0.204101	-1.137767
-0.404353	-1.249580
-0.606184	-1.356970
-0.806436	-1.445726
-0.996580	-1.508896
-1.204728	-1.594809
-1.394241	-1.651663
-1.610602	-1.760001
-1.794113	-1.811169
-2.003840	-1.933405
-2.203145	-1.951409
-2.394868	-2.015527
-2.609334	-2.092596
-2.799794	-2.177561
-3.006995	-2.261578
-3.202824	-2.319379
-3.404655	-2.392342
-3.591326	-2.409398
-3.802632	-2.520263
-4.010780	-2.586276
-4.192081	-2.655764
-4.410652	-2.715777
-4.597954	-2.774526
-4.803259	-2.828221
-4.996562	-2.903079
-5.206922	-2.992781
-5.404963	-3.042370
-5.596686	-3.118807
-5.804518	-3.169976
-5.986135	-3.216722
-6.204074	-3.291579
-6.397377	-3.385072
-6.602683	-3.443821
-6.799144	-3.507940
-6.999080	-3.547106
-7.204386	-3.612488
-7.395162	-3.681660
-7.601415	-3.752411
-7.798508	-3.826321
-8.005709	-3.855380
-8.197117	-3.923920
-8.413793	-3.958664
-8.592566	-4.057527
-8.801031	-4.148809
-8.994018	-4.179447
-9.156683	-4.225562
-9.205956	-4.217981
-9.213221	-4.234089
-9.214800	-4.249567
-9.214169	-4.256831
-9.225539	-4.247671
-9.215432	-4.228720
-9.209431	-4.222403
-9.154156	-4.217981
-8.998755	-4.199661
-8.792187	-4.121961
-8.602358	-4.073004
-8.404317	-3.979511
-8.197748	-3.921710
-8.009815	-3.892019
-7.795981	-3.811160
-7.597940	-3.787471
-7.400216	-3.668394
-7.207544	-3.621964
-6.994027	-3.536051
-6.804198	-3.516468
-6.600788	-3.429608
-6.402431	-3.373702
-6.200916	-3.295370
-5.995295	-3.216722
-5.802623	-3.181031
-5.603635	-3.108700
-5.403699	-3.071745
-5.195867	-2.982042
-4.999721	-2.934032
-4.789046	-2.824115
-4.602376	-2.784949
-4.408125	-2.720830
-4.196503	-2.656080
-4.006359	-2.593541
-3.795999	-2.509840
-3.604591	-2.458039
-3.395496	-2.385077
-3.203456	-2.358229
-3.005100	-2.247365
-2.791582	-2.187036
-2.616598	-2.111863
-2.389183	-2.016791
-2.210725	-1.979204
-1.998471	-1.895187
-1.807379	-1.823803
-1.599231	-1.733153
-1.399927	-1.658612
-1.204728	-1.586281
-0.994369	-1.509212
-0.814332	-1.468151
-0.591339	-1.353812
-0.413197	-1.262846
-0.195889	-1.118500
-0.004165	-0.919828
0.198007	-0.637454
0.395126	-0.338024
0.594455	-0.037962
0.796944	0.212222
0.991852	0.390071
1.202870	0.520536
1.392722	0.593192
1.600897	0.651317
1.784748	0.689540
2.006823	0.755562
2.194780	0.774516
2.397269	0.821584
2.601022	0.823795
2.797192	0.856648
2.997786	0.874023
3.199327	0.904349
3.408449	0.949522
3.589773	0.969107
3.803634	1.007015
3.996330	0.985534
4.193765	1.031654
4.402887	1.048397
4.593688	1.096729
4.794913	1.098624
4.994559	1.107469
5.198943	1.113787
5.390692	1.118841
5.594760	1.176650
5.799776	1.170964
5.997842	1.195288
6.195909	1.170016
6.399977	1.199711
6.597095	1.203501
6.795794	1.252149
6.999546	1.284371
7.195401	1.274894
7.390308	1.263206
7.600062	1.273946
7.794338	1.324805
7.990193	1.322910
8.194893	1.351024
8.394539	1.315960
8.589762	1.333650
8.800148	1.324489
8.996003	1.376612
9.193122	1.400304
9.391188	1.388300
9.590202	1.395566
9.792059	1.357342
9.995496	1.399988
9.796481	1.404411
9.579145	1.416731
9.400033	1.405042
9.180801	1.342811
9.002637	1.361133
8.795726	1.321646
8.597659	1.379139
8.390748	1.345022
8.192366	1.344075
7.994616	1.299218
7.790231	1.268260
7.607012	1.306167
7.383674	1.275841
7.206773	1.286266
6.980276	1.250886
6.800532	1.229405
6.593936	1.194972
6.401556	1.223403
6.193381	1.224350
5.992472	1.197183
5.799460	1.177914
5.589390	1.134320
5.400485	1.142218
5.187887	1.130530
5.003088	1.136532
4.792386	1.079039
4.591161	1.085988
4.395306	1.028180
4.194713	1.012385
4.000437	1.016491
3.793842	0.993747
3.603673	0.964685
3.389496	0.930884
3.203434	0.919827
2.992100	0.866125
2.798140	0.888238
2.602601	0.829481
2.394742	0.808316
2.201098	0.759669
1.992292	0.735029
1.797384	0.706914
1.587946	0.649105
1.399356	0.606144
1.204133	0.490842
0.989640	0.377751
0.806737	0.199587
0.589085	-0.043647
0.399864	-0.346868
0.197691	-0.634927
0.001204	-0.928988
-0.204733	-1.127028
-0.401510	-1.245790
-0.608711	-1.345916
-0.805804	-1.440988
-0.993422	-1.508265
-1.205044	-1.596388
-1.398031	-1.678510
-1.607127	-1.726520
-1.798535	-1.811169
-2.011737	-1.889501
-2.200934	-1.962464
-2.407187	-2.052482
-2.601121	-2.103019
-2.803268	-2.171875
-2.996887	-2.236625
-3.205667	-2.328223
-3.409077	-2.394553
-3.594800	-2.465936
-3.809581	-2.538266
-3.995619	-2.570168
-4.207242	-2.675979
-4.395807	-2.727148
-4.610588	-2.822851
-4.793152	-2.865808
-4.998142	-2.929294
-5.204395	-2.961196
-5.392960	-3.031631
-5.607741	-3.152920
-5.801044	-3.186400
-6.000664	-3.294738
-6.193967	-3.300739
-6.406853	-3.383178
-6.594787	-3.434978
-6.803566	-3.522469
-6.997185	-3.579955
-7.196489	-3.625438
-7.397057	-3.669342
-7.596361	-3.708192
-7.801983	-3.821899
-8.000655	-3.856012
-8.206277	-3.962139
-8.399263	-3.988986
-8.600147	-4.052789
-8.800399	-4.084059
-8.999703	-4.180079
-9.152893	-4.238827
-9.174371	-4.250198
-9.209115	-4.243881
-9.228698	-4.230299
-9.238173	-4.234721
-9.213221	-4.249882
-9.199007	-4.248935
-9.193638	-4.240407
-9.159526	-4.204715
-9.011074	-4.142807
-8.794082	-4.091007
-8.604569	-4.062896
-8.395789	-4.013307
-8.204065	-3.930553
-8.003814	-3.827901
-7.795350	-3.769152
-7.609943	-3.738198
-7.386634	-3.666499
-7.217652	-3.630176
-6.994974	-3.551528
-6.807988	-3.472564
-6.598577	-3.398970
-6.395483	-3.364858
-6.201232	-3.303266
-5.996242	-3.236305
-5.809256	-3.178504
-5.597318	-3.086274
-5.409384	-3.032579
-5.189866	-2.986464
-5.006986	-2.918871
-4.792204	-2.851278
-4.602060	-2.789687
-4.389490	-2.692404
-4.202820	-2.648500
-4.003200	-2.585645
-3.795683	-2.526896
-3.605539	-2.443826
-3.397075	-2.371495
-3.215143	-2.296954
-2.993729	-2.221780
-2.808322	-2.193985
-2.596384	-2.084068
-2.399291	-2.054693
-2.204092	-1.937827
-2.004788	-1.888870
-1.806116	-1.805484
-1.593545	-1.747367
-1.406875	-1.688618
-1.198096	-1.560381
-1.001318	-1.521847
-0.806120	-1.420141
-0.604605	-1.374658
-0.402458	-1.244210
-0.204417	-1.144400
-0.001638	-0.909720
0.205273	-0.642507
0.395757	-0.345288
0.594455	-0.025012
0.798524	0.200850
0.992799	0.383122
1.200342	0.488631
1.399356	0.618148
1.591736	0.650685
1.797384	0.710705
2.000821	0.742294
2.188778	0.775147
2.398217	0.808001
2.597231	0.846540
2.793402	0.882868
2.993363	0.886974
3.194904	0.922986
3.392339	0.910982
3.591037	0.973530
3.802687	0.996906
3.988117	1.008910
4.200715	1.053135
4.389620	1.029759
4.602533	1.060717
4.792070	1.101783
4.995191	1.130845
5.198943	1.134636
5.386901	1.138427
5.606764	1.145377
5.784613	1.136847
6.012689	1.207292
6.191170	1.210135
6.404715	1.229089
6.596464	1.220876
6.796425	1.221823
6.995123	1.245199
7.192242	1.276473
7.399153	1.306167
7.592797	1.289741
7.805079	1.311538
7.983559	1.268576
8.198999	1.325753
8.386957	1.343443
8.599238	1.374085
8.799200	1.358290
9.001689	1.360185
9.189015	1.349445
9.392451	1.377244
9.597152	1.408517
9.787952	1.401883
10.003077	1.420521
9.785741	1.353236
9.601574	1.382298
9.390872	1.390511
9.185225	1.405358
8.999162	1.375348
8.793830	1.370926
8.596395	1.325437
8.391696	1.316592
8.198999	1.356710
7.988297	1.310274
7.796233	1.323226
7.605117	1.262890
7.386201	1.263837
7.198560	1.253413
6.998282	1.253413
6.795794	1.247727
6.596779	1.226878
6.396818	1.203817
6.197172	1.175071
5.989313	1.185179
5.802303	1.191813
5.587178	1.165594
5.397326	1.135584
5.199891	1.129582
4.998666	1.081566
4.790175	1.092938
4.599058	1.081566
4.389936	1.054399
4.193765	1.033866
4.001069	0.984586
3.794158	0.978584
3.598934	0.966580
3.389496	0.959946
3.203749	0.912878
2.988309	0.890765
2.805722	0.862335
2.587754	0.815898
2.402955	0.833588
2.188462	0.775147
1.997662	0.756826
1.799595	0.682274
1.591736	0.649737
1.405358	0.584663
1.190866	0.479786
1.003224	0.403023
0.792838	0.180001
0.603301	-0.031645
0.387228	-0.358870
0.204009	-0.631453
-0.004797	-0.941306
-0.200311	-1.120395
-0.397720	-1.248948
-0.611554	-1.374027
-0.804541	-1.425195
-1.001002	-1.518056
-1.199991	-1.571120
-1.406560	-1.688302
-1.602389	-1.729679
