# Configuration automatically generated by WRITE_CONFIG()
connection eth
ip 192.168.0.10
samplehz 1000.000000
settleus 10.000000
nsample 128

# Analog Inputs
aichannel 0
ainegative 199
airange 10.000000
airesolution 0

aichannel 1
ainegative 199
airange 10.000000
airesolution 0

# Analog Outputs
aochannel 0
aosignal triangle
aofrequency 5.000000
aoamplitude 2.000000
aooffset 2.500000
aoduty 0.500000

# Meta Parameters
int:periods 10
flt:tip_T_C 378.540053
flt:plate_T_C 309.033514
flt:plate_Q_kW 0.812744
flt:cool_Thigh_C 48.869017
flt:cool_Tlow_C 13.214103
flt:air_psig 20.000000
flt:water_gph 4.800000
flt:standoff_in 0.228000
flt:oxygen_scfh 11.250000
flt:fuel_scfh 6.198875
flt:flow_scfh 17.448875
flt:ratio_fto 0.551011

## End Configuration ##
#: Wed Apr 19 16:54:07 2017
-6.799460	-3.570163
-9.122254	-4.348745
-9.124150	-4.328846
-9.094775	-4.341796
-9.101092	-4.329793
-9.071403	-4.327582
-8.993702	-4.325372
-8.806716	-4.225877
-8.597304	-4.178815
-8.415372	-4.114381
-8.193010	-4.016466
-8.005077	-4.016782
-7.806405	-3.904653
-7.600468	-3.833586
-7.405585	-3.791577
-7.210387	-3.701243
-7.010135	-3.655444
-6.805146	-3.576796
-6.599208	-3.512994
-6.412539	-3.455192
-6.195230	-3.369911
-6.007297	-3.328219
-5.805150	-3.243254
-5.606478	-3.211668
-5.405910	-3.103962
-5.198709	-3.050898
-5.007933	-2.994045
-4.802628	-2.886970
-4.598270	-2.844014
-4.419812	-2.760628
-4.194608	-2.678506
-4.013939	-2.632391
-3.798210	-2.533529
-3.605223	-2.478254
-3.409077	-2.399606
-3.200613	-2.314010
-3.009206	-2.263157
-2.801689	-2.183878
-2.600174	-2.104598
-2.406871	-2.025635
-2.204092	-1.952988
-2.007315	-1.868655
-1.797272	-1.798535
-1.596704	-1.713254
-1.404980	-1.632711
-1.192094	-1.517109
-1.004793	-1.428985
-0.803593	-1.247685
-0.601762	-1.076176
-0.404037	-0.805488
-0.203785	-0.608395
-0.007956	-0.365187
0.202430	-0.149143
0.397969	-0.005113
0.587822	0.113347
0.806105	0.216013
0.984270	0.252657
1.207924	0.315520
1.381666	0.320258
1.598054	0.380594
1.799911	0.360061
1.991660	0.403655
2.201098	0.422293
2.399796	0.420081
2.596599	0.455777
2.801931	0.440930
2.990836	0.468097
3.201538	0.471256
3.388864	0.473468
3.601777	0.499687
3.797001	0.498423
4.000753	0.489262
4.193133	0.529697
4.394042	0.515482
4.599374	0.535067
4.796493	0.523695
4.996770	0.537594
5.197680	0.545176
5.392271	0.555916
5.594760	0.553073
5.799144	0.566341
5.994683	0.564761
6.204122	0.577713
6.392395	0.569500
6.605309	0.610250
6.801479	0.561286
6.990701	0.593508
7.205509	0.598878
7.399153	0.570447
7.604169	0.622254
7.800656	0.605196
7.989245	0.625097
8.202790	0.613409
8.386009	0.595087
8.600502	0.650369
8.800148	0.617200
8.989685	0.632047
9.198808	0.636470
9.391188	0.623518
9.598415	0.633942
9.793638	0.651948
9.995496	0.650053
9.803115	0.645315
9.591149	0.621938
9.399717	0.631415
9.192806	0.612146
9.003585	0.646578
8.798253	0.608355
8.600186	0.625413
8.398645	0.614357
8.200263	0.598878
7.984823	0.630468
7.803499	0.619727
7.589006	0.593508
7.404839	0.622254
7.195401	0.565077
6.999230	0.601089
6.794530	0.615305
6.593620	0.578661
6.402504	0.592244
6.203174	0.555916
5.988997	0.558128
5.804830	0.567920
5.587810	0.547387
5.399537	0.543912
5.195468	0.542965
5.000561	0.525590
4.804074	0.524959
4.584527	0.524327
4.396885	0.531276
4.188395	0.498423
4.002964	0.524327
3.794158	0.468097
3.598934	0.517377
3.398025	0.464938
3.190798	0.457357
3.001893	0.458621
2.804458	0.438087
2.593124	0.424504
2.403903	0.445669
2.185303	0.385965
2.004927	0.396073
1.793278	0.345214
1.595843	0.361957
1.401252	0.348057
1.193709	0.304780
0.995326	0.273822
0.800103	0.211591
0.588769	0.120929
0.401128	0.006259
0.187898	-0.164935
0.004995	-0.355711
-0.208839	-0.616607
-0.407827	-0.833915
-0.601130	-1.068279
-0.808647	-1.284640
-1.000686	-1.404033
-1.203465	-1.544904
-1.400558	-1.613444
-1.602389	-1.722730
-1.815275	-1.802325
-1.999419	-1.866760
-2.211357	-1.963411
-2.402449	-2.023423
-2.600806	-2.103019
-2.808638	-2.171243
-3.003836	-2.241363
-3.214827	-2.336751
-3.404340	-2.384761
-3.597643	-2.491836
-3.811476	-2.551848
-3.996883	-2.612492
-4.209453	-2.715461
-4.400545	-2.759996
-4.608061	-2.848120
-4.801680	-2.908764
-4.996247	-2.965618
-5.205658	-3.079325
-5.406857	-3.112490
-5.603319	-3.178504
-5.814942	-3.258415
-5.999401	-3.315584
-6.205338	-3.385388
-6.402747	-3.457403
-6.600788	-3.509519
-6.811779	-3.592589
-6.995606	-3.654812
-7.209440	-3.723669
-7.404006	-3.779891
-7.606469	-3.871804
-7.801983	-3.895809
-8.003498	-3.990882
-8.211330	-4.046788
-8.407475	-4.099220
-8.600779	-4.177552
-8.812402	-4.229036
-8.996861	-4.284942
-9.071718	-4.335163
-9.102356	-4.316528
-9.110568	-4.336111
-9.110252	-4.343375
-9.130467	-4.334531
-9.110884	-4.346534
-9.108673	-4.335795
-9.094775	-4.324108
-9.069823	-4.340533
-8.992123	-4.290627
-8.807980	-4.237880
-8.596673	-4.186080
-8.404949	-4.113117
-8.210067	-4.054368
-8.006657	-3.972878
-7.800719	-3.903074
-7.599836	-3.848431
-7.396110	-3.793788
-7.199332	-3.699664
-7.001291	-3.668078
-6.803251	-3.562267
-6.601104	-3.501623
-6.406221	-3.467826
-6.203127	-3.374965
-5.991820	-3.320006
-5.809256	-3.272628
-5.603319	-3.155446
-5.411911	-3.135547
-5.199025	-3.018997
-5.000669	-2.970356
-4.807050	-2.896446
-4.603323	-2.811165
-4.397702	-2.753047
-4.204083	-2.691772
-4.003831	-2.603017
-3.809897	-2.535424
-3.599538	-2.471937
-3.420132	-2.395500
-3.197771	-2.303902
-3.004152	-2.261578
-2.809270	-2.162400
-2.594173	-2.105546
-2.403397	-2.025003
-2.203145	-1.940038
-2.006683	-1.899293
-1.802009	-1.779584
-1.601442	-1.703147
-1.404980	-1.622604
-1.197148	-1.497210
-1.000686	-1.410350
-0.803593	-1.243263
-0.605868	-1.044906
-0.405932	-0.837074
-0.200627	-0.587549
-0.003218	-0.375610
0.194216	-0.157355
0.396073	0.012892
0.592560	0.111136
0.799156	0.221383
0.997222	0.255816
1.193709	0.300041
1.401252	0.335421
1.586682	0.340160
1.796121	0.396705
1.998294	0.383122
2.187831	0.403023
2.406430	0.435244
2.585859	0.424504
2.806037	0.446617
2.988941	0.458936
3.195852	0.481049
3.401500	0.474415
3.590721	0.467466
3.803634	0.510427
3.997594	0.500635
4.194713	0.541701
4.397833	0.491474
4.596847	0.542649
4.799652	0.515482
4.991084	0.530013
5.200207	0.560971
5.393535	0.548019
5.588126	0.547071
5.803883	0.587190
5.989629	0.547387
6.201910	0.588769
6.392079	0.582451
6.602781	0.588138
6.790423	0.595719
6.996387	0.594771
7.185292	0.585610
7.403575	0.613093
7.590901	0.593192
7.808553	0.600773
7.988297	0.605828
8.198368	0.601405
8.394223	0.614357
8.593868	0.629204
8.798884	0.626361
8.994740	0.621622
9.190279	0.647210
9.400981	0.595719
9.601574	0.665848
9.799641	0.642472
9.990441	0.654791
9.800272	0.666164
9.594309	0.608039
9.388345	0.632363
9.194069	0.644999
8.989369	0.606459
8.807097	0.643103
8.581549	0.600457
8.402121	0.623202
8.191418	0.615620
7.986402	0.608671
7.801603	0.612462
7.601642	0.607723
7.397258	0.598878
7.198875	0.599194
6.989753	0.605828
6.804638	0.580872
6.593620	0.582767
6.402188	0.587506
6.199699	0.555916
5.993735	0.575818
5.796933	0.563498
5.594444	0.548019
5.394798	0.559075
5.201155	0.520852
4.990137	0.534119
4.804390	0.557812
4.592424	0.503794
4.394990	0.525906
4.201978	0.496844
3.999173	0.489894
3.808689	0.499055
3.598303	0.472520
3.400552	0.495580
3.200591	0.478838
2.980727	0.450091
2.812039	0.465254
2.592492	0.424504
2.401692	0.435876
2.193833	0.385333
1.995450	0.393230
1.798648	0.358166
1.586682	0.345530
1.398725	0.348689
1.198447	0.292776
0.984270	0.267504
0.808632	0.197375
0.587822	0.119033
0.399864	-0.012693
0.195796	-0.165251
-0.004797	-0.367714
-0.200311	-0.590391
-0.404669	-0.844654
-0.604605	-1.064173
-0.802962	-1.283060
-1.002582	-1.399611
-1.201570	-1.550273
-1.406560	-1.624183
-1.601442	-1.716413
-1.804852	-1.802325
-2.010158	-1.879078
-2.199039	-1.950145
-2.406555	-2.049324
-2.597647	-2.083436
-2.808954	-2.206303
-2.999730	-2.241995
-3.208826	-2.339278
-3.409393	-2.410345
-3.598274	-2.469726
-3.799474	-2.553112
-4.009517	-2.620389
-4.196503	-2.686718
-4.415706	-2.775157
-4.595743	-2.850962
-4.811788	-2.911291
-4.999089	-2.974146
-5.202816	-3.061006
-5.412543	-3.116280
-5.600792	-3.190822
-5.806414	-3.265995
-6.003191	-3.310847
-6.203443	-3.413815
-6.404326	-3.428976
-6.603314	-3.527523
-6.812410	-3.599854
-7.000976	-3.633966
-7.206597	-3.736303
-7.406217	-3.802316
-7.600152	-3.837060
-7.811774	-3.942556
-8.003182	-3.978247
-8.212277	-4.063528
-8.407792	-4.127963
-8.586249	-4.169339
-8.799452	-4.260622
-8.996861	-4.317791
-9.081510	-4.320002
-9.093828	-4.333899
-9.095091	-4.346218
-9.132047	-4.331373
-9.108989	-4.349377
-9.116254	-4.344639
-9.125730	-4.322213
-9.082773	-4.339269
-9.083089	-4.322529
-8.995597	-4.285574
-8.805452	-4.262832
-8.604569	-4.149125
-8.398000	-4.134595
-8.215120	-4.071109
-7.997497	-3.940977
-7.805141	-3.935607
-7.605837	-3.834849
-7.403690	-3.778311
-7.209755	-3.725564
-7.003187	-3.650074
-6.809567	-3.589115
-6.602999	-3.520890
-6.397377	-3.446348
-6.209444	-3.395180
-5.995610	-3.312426
-5.811783	-3.261889
-5.602687	-3.177556
-5.410332	-3.123229
-5.203763	-3.045213
-5.000985	-2.976989
-4.794100	-2.902763
-4.611852	-2.823167
-4.395175	-2.758733
-4.211348	-2.695246
-3.996567	-2.611861
-3.807686	-2.549637
-3.601433	-2.462461
-3.405603	-2.399291
-3.212300	-2.338331
-2.999730	-2.238205
-2.802953	-2.192722
-2.606807	-2.094491
-2.395816	-2.040164
-2.207883	-1.948882
-1.995312	-1.893923
-1.807379	-1.794745
-1.591650	-1.718940
-1.394241	-1.625131
-1.201886	-1.542377
-0.996265	-1.382555
-0.810226	-1.264741
-0.599551	-1.041116
-0.409723	-0.853498
-0.199048	-0.578705
-0.000691	-0.376874
0.195796	-0.163040
0.398916	0.004679
0.600142	0.117138
0.789679	0.197059
1.005119	0.264661
1.184864	0.304780
1.407570	0.331631
1.589525	0.344582
1.794541	0.391335
1.997662	0.379647
2.192569	0.406814
2.398849	0.415027
2.598810	0.421977
2.800983	0.471256
2.995259	0.457041
3.189218	0.476627
3.401816	0.488946
3.592616	0.467150
3.799844	0.497792
4.003596	0.514850
4.192502	0.499055
4.397833	0.537278
4.591793	0.501898
4.803127	0.534435
5.001193	0.531908
5.188835	0.542333
5.403327	0.563498
5.590022	0.540753
5.796617	0.567288
6.000685	0.567288
6.191486	0.596667
6.411033	0.574554
6.597727	0.572659
6.806218	0.591928
7.002389	0.560655
7.188767	0.611514
7.410525	0.602353
7.592165	0.599510
7.800024	0.612146
7.995247	0.590033
8.192366	0.614673
8.398645	0.631099
8.591658	0.594140
8.800148	0.644999
8.999478	0.615305
9.190910	0.628256
9.392136	0.632679
9.593045	0.641840
9.797113	0.649105
9.998022	0.633626
9.794902	0.622254
9.604733	0.643735
9.390241	0.631731
9.197860	0.636154
8.991581	0.615305
8.798884	0.627309
8.597343	0.588138
8.388221	0.623834
8.198999	0.625413
7.996511	0.599194
7.788020	0.607723
7.609855	0.606459
7.386201	0.588453
7.208353	0.618464
6.986278	0.585610
6.798952	0.597614
6.598359	0.578661
6.394290	0.561918
6.201279	0.585926
6.001317	0.556548
5.792194	0.577397
5.597603	0.544860
5.392271	0.552441
5.200839	0.531908
4.996770	0.544860
4.798704	0.537910
4.598427	0.524327
4.391515	0.506005
4.197556	0.509164
3.995699	0.497476
3.800791	0.524327
3.591669	0.469361
3.394234	0.502846
3.197747	0.476311
2.990836	0.442194
2.800667	0.443773
2.601022	0.433665
2.391899	0.403655
2.204889	0.409341
1.985974	0.367959
1.796752	0.387228
1.588578	0.343319
1.393354	0.332578
1.202554	0.313309
0.993115	0.257395
0.795049	0.213486
0.598246	0.113979
0.389439	0.006890
0.207168	-0.174095
-0.014589	-0.373083
-0.194310	-0.575862
-0.402142	-0.864553
-0.608711	-1.074596
-0.804541	-1.271058
-1.006688	-1.423932
-1.196516	-1.522794
-1.404664	-1.647241
-1.596704	-1.702831
-1.799167	-1.796640
-2.011737	-1.878762
-2.203145	-1.937511
-2.398343	-2.035426
-2.599858	-2.096070
-2.804848	-2.180719
-3.005731	-2.255893
-3.204720	-2.323485
-3.410657	-2.415083
-3.605223	-2.462461
-3.797263	-2.551217
-4.010780	-2.630812
-4.200293	-2.690192
-4.406546	-2.778316
-4.608377	-2.827589
-4.798522	-2.920766
-5.006354	-2.998151
-5.197446	-3.023735
-5.404015	-3.136811
-5.614058	-3.178188
-5.800412	-3.248623
-6.010771	-3.322217
-6.197757	-3.382546
-6.406537	-3.457087
-6.604894	-3.526259
-6.802303	-3.591957
-7.019611	-3.681344
-7.203123	-3.717983
-7.404322	-3.815266
-7.595098	-3.846852
-7.811774	-3.944767
-8.001603	-3.956453
-8.208803	-4.070161
-8.411582	-4.113433
-8.606464	-4.158916
-8.796925	-4.264728
-9.007283	-4.305157
-9.066032	-4.322845
-9.088774	-4.344323
-9.113095	-4.324740
-9.122571	-4.336426
-9.120675	-4.343060
-9.127309	-4.327582
-9.101725	-4.344323
-9.097934	-4.329162
-9.078982	-4.317791
-9.001283	-4.319055
-8.801662	-4.244513
-8.606780	-4.166181
-8.398316	-4.130173
-8.208803	-4.060054
-8.002866	-3.989934
-7.799772	-3.923604
-7.604574	-3.847800
-7.399268	-3.775469
-7.208808	-3.738830
-7.003187	-3.609329
-6.808620	-3.602381
-6.612159	-3.502254
-6.399272	-3.446980
-6.203443	-3.398654
-6.005402	-3.308636
-5.804834	-3.242938
-5.610899	-3.194612
-5.393592	-3.107121
-5.213239	-3.073956
-4.993088	-2.954879
-4.797890	-2.920450
-4.606166	-2.845593
-4.395491	-2.763787
-4.209453	-2.703143
-3.996883	-2.633970
-3.796315	-2.557218
-3.600801	-2.468147
-3.399918	-2.406555
-3.208194	-2.335804
-2.998782	-2.247365
-2.801057	-2.182614
-2.602385	-2.104282
-2.398975	-2.034478
-2.207883	-1.952040
-2.006052	-1.849072
-1.798851	-1.794745
-1.611865	-1.698409
-1.394873	-1.613444
-1.209466	-1.548062
-1.000686	-1.390135
-0.808015	-1.265057
-0.605868	-1.059120
-0.401195	-0.831388
-0.208839	-0.605552
0.001836	-0.352869
0.202114	-0.171884
0.383122	-0.005113
0.599826	0.130405
0.789363	0.174631
1.003540	0.273822
1.194340	0.287089
1.399040	0.342371
1.594580	0.356271
1.783485	0.369222
1.998925	0.407446
2.202046	0.384701
2.385265	0.423872
2.601969	0.430190
2.799404	0.458936
3.001893	0.451671
3.196800	0.466834
3.400868	0.478206
3.602409	0.496844
3.791946	0.505373
4.001069	0.521168
4.191870	0.499687
4.398149	0.531276
4.594320	0.498739
4.796809	0.549914
4.997718	0.536647
5.192309	0.535699
5.391955	0.555916
5.602341	0.556232
5.789351	0.549282
6.007635	0.603616
6.187063	0.569184
6.407558	0.601089
6.602466	0.571395
6.797373	0.575502
7.007443	0.600142
7.201719	0.598246
7.396626	0.600457
7.603537	0.607091
7.792127	0.614041
7.999986	0.597614
8.186048	0.630468
8.402121	0.617200
8.597343	0.609303
8.788144	0.629520
9.003901	0.622886
9.189331	0.622254
9.396558	0.657634
9.589886	0.611830
9.796798	0.659214
9.997075	0.620991
9.792690	0.620043
9.599362	0.663321
9.390872	0.620359
9.188699	0.624150
9.003268	0.623834
8.799832	0.581188
8.604609	0.634258
8.393275	0.608355
8.190471	0.626045
8.001881	0.609934
7.789599	0.589717
7.600062	0.605828
7.398837	0.605196
7.195085	0.600142
6.996703	0.595719
6.787264	0.584347
6.604361	0.588453
6.395554	0.571079
6.193381	0.585610
6.003528	0.563498
5.791879	0.562234
5.596655	0.546755
5.390376	0.533804
5.203366	0.562234
5.001825	0.521800
4.786700	0.518009
4.603481	0.544544
4.391515	0.480417
4.200715	0.523695
3.998542	0.500319
3.802371	0.498739
3.598934	0.491474
3.392971	0.481997
3.198379	0.479154
3.000313	0.460516
2.790559	0.438719
2.608603	0.431769
2.388740	0.407761
2.202046	0.401128
1.988817	0.383437
1.796121	0.377120
1.596159	0.347425
1.396197	0.327840
1.194972	0.311729
1.000065	0.258975
0.787783	0.219804
0.593824	0.115558
0.387860	0.002152
0.207168	-0.171252
0.004047	-0.370872
-0.202838	-0.600499
-0.402142	-0.834863
-0.604921	-1.085335
-0.808331	-1.251791
-1.001318	-1.434355
-1.199359	-1.513318
-1.403085	-1.645030
-1.607759	-1.705990
-1.799483	-1.785901
-2.002261	-1.888238
-2.212305	-1.952988
-2.391710	-2.012053
-2.612176	-2.122286
-2.794109	-2.155451
-3.014575	-2.266632
-3.199034	-2.311799
-3.405287	-2.412872
-3.597643	-2.485203
-3.795999	-2.544584
-3.997830	-2.643762
-4.204083	-2.704090
-4.399282	-2.784633
-4.607114	-2.843698
-4.784624	-2.930242
-5.009829	-2.971303
-5.204710	-3.032579
-5.407805	-3.111227
-5.607741	-3.172187
-5.805782	-3.259047
-6.002559	-3.319059
-6.201548	-3.361699
-6.402431	-3.470037
-6.608368	-3.493411
-6.797565	-3.582798
-7.014241	-3.665236
-7.205649	-3.696189
-7.403374	-3.790946
-7.606469	-3.850642
-7.796613	-3.897073
-8.013289	-4.015203
-8.199643	-4.035101
-8.415689	-4.129542
-8.613097	-4.169655
-8.797240	-4.222403
-9.004441	-4.310211
-9.060031	-4.336742
-9.105515	-4.320950
-9.105199	-4.336426
-9.109304	-4.344007
-9.139627	-4.329478
-9.097618	-4.350640
-9.094460	-4.346218
-9.095091	-4.333584
-9.053082	-4.345586
-9.004126	-4.303894
-8.803242	-4.253988
-8.602674	-4.210716
-8.404949	-4.114697
-8.203434	-4.048999
-8.010762	-4.007938
-7.800719	-3.893914
-7.606153	-3.870541
-7.400532	-3.757781
-7.207229	-3.704717
-7.003818	-3.649759
-6.802619	-3.572690
-6.600788	-3.518679
-6.404958	-3.462141
-6.188913	-3.377176
-6.002559	-3.338010
-5.801360	-3.242306
-5.609952	-3.177556
-5.400856	-3.115017
-5.205342	-3.056584
-5.003827	-2.967829
-4.805470	-2.901183
-4.602376	-2.847172
-4.408757	-2.759681
-4.195871	-2.698720
-4.012676	-2.612176
-3.796947	-2.542372
-3.609329	-2.469726
-3.405603	-2.391394
-3.206299	-2.342121
-3.009521	-2.265368
-2.799794	-2.169664
-2.604280	-2.125445
-2.402765	-2.010789
-2.210093	-1.976993
-2.004472	-1.861706
-1.804852	-1.801062
-1.605548	-1.707569
-1.395820	-1.626394
-1.198411	-1.530375
-1.001002	-1.415719
-0.797276	-1.260319
-0.606500	-1.078071
-0.398036	-0.818754
-0.214209	-0.592287
-0.000059	-0.335181
0.201482	-0.163040
0.389755	-0.004797
0.597614	0.129458
0.801051	0.211906
0.990588	0.257711
1.205081	0.298778
1.388616	0.335421
1.600582	0.362904
1.786012	0.360693
1.993555	0.400180
2.202678	0.393546
2.390319	0.415027
2.601022	0.447248
2.799088	0.428926
2.992100	0.483260
3.196168	0.451355
3.385073	0.481049
3.607464	0.509480
3.797948	0.467466
4.001069	0.512323
4.202926	0.495264
4.391200	0.503478
4.601585	0.539174
4.792386	0.525274
5.000877	0.549598
5.201470	0.542649
5.382794	0.542017
5.603605	0.567920
5.791879	0.572343
6.001317	0.574870
6.197172	0.579292
6.405663	0.569500
6.603729	0.594455
6.795477	0.591612
6.997650	0.614357
7.200771	0.600773
7.389360	0.605828
7.603537	0.591928
7.797813	0.592244
7.995879	0.627940
8.196157	0.604564
8.389169	0.608987
8.604293	0.632679
8.794147	0.597930
8.995687	0.658898
9.191543	0.624150
9.391188	0.654476
9.598415	0.629836
9.789216	0.638049
10.001813	0.652264
9.795534	0.652580
9.583568	0.642472
9.405403	0.654160
9.183961	0.610250
9.008639	0.626993
8.787512	0.609618
8.603029	0.640260
8.392643	0.595719
8.193629	0.609934
8.001881	0.601089
7.803183	0.593508
7.591849	0.629204
7.405471	0.593824
7.189714	0.602985
6.999546	0.590981
6.790107	0.578029
6.600886	0.592560
6.399977	0.585610
6.198120	0.562866
5.994051	0.574870
5.798828	0.542965
5.588442	0.563182
5.395114	0.543912
5.200207	0.550230
4.999298	0.536331
4.804390	0.517061
4.593688	0.511059
4.398149	0.539490
4.188711	0.517693
4.007387	0.516113
3.785312	0.488315
3.605884	0.508216
3.391075	0.450723
3.191746	0.490526
2.994627	0.457041
2.796561	0.423872
2.597231	0.434613
2.396006	0.397337
2.194464	0.397337
2.009350	0.380910
1.789803	0.351848
1.607847	0.368590
1.395566	0.310466
1.195920	0.307623
0.997222	0.267188
0.792838	0.199902
0.597299	0.121876
0.392914	-0.015220
0.196743	-0.151354
0.000573	-0.375926
-0.210734	-0.619766
-0.401510	-0.831704
-0.605237	-1.081861
-0.805488	-1.263162
-1.001002	-1.413508
-1.202833	-1.542061
-1.401822	-1.616287
-1.604916	-1.720203
-1.807695	-1.793481
-1.997208	-1.868339
-2.209146	-1.973518
-2.397395	-2.017107
-2.605859	-2.107441
-2.808638	-2.175665
-3.001941	-2.256208
-3.217038	-2.328855
-3.400234	-2.398659
-3.603960	-2.494047
-3.812108	-2.542688
-3.994356	-2.623231
-4.211980	-2.702195
-4.391701	-2.766629
-4.609957	-2.856648
-4.793152	-2.893603
-4.991825	-2.997519
-5.202184	-3.059111
-5.396750	-3.097013
-5.609636	-3.198402
-5.806098	-3.230936
-6.003191	-3.332325
-6.201863	-3.382546
-6.403063	-3.454245
-6.609632	-3.519311
-6.805461	-3.595747
-7.006345	-3.646916
-7.215756	-3.733776
-7.395478	-3.786208
-7.612470	-3.856643
-7.797561	-3.924868
-8.008236	-4.013307
-8.205645	-4.034785
-8.403686	-4.126699
-8.604569	-4.180079
-8.808927	-4.237248
-8.988964	-4.322845
-9.081825	-4.324424
-9.087827	-4.331688
-9.109304	-4.343060
-9.121307	-4.326951
-9.127309	-4.343060
-9.111832	-4.345586
-9.107725	-4.334531
-9.083089	-4.345270
-9.066032	-4.335479
-8.998124	-4.310526
-8.794082	-4.256515
-8.595725	-4.207242
-8.406213	-4.119434
-8.193958	-4.060054
-8.006341	-3.985512
-7.803562	-3.912234
-7.598888	-3.833586
-7.408428	-3.772626
-7.200912	-3.708823
-7.012031	-3.662077
-6.802303	-3.555634
-6.604578	-3.544895
-6.408748	-3.445401
-6.200284	-3.372438
-6.007297	-3.332957
-5.806414	-3.238832
-5.607741	-3.189874
-5.408437	-3.122913
-5.197446	-3.035422
-5.012039	-2.998151
-4.792521	-2.900552
-4.600165	-2.843698
-4.411284	-2.782106
-4.200293	-2.690824
-4.006042	-2.626390
-3.804527	-2.544899
-3.601433	-2.481729
-3.412552	-2.410029
-3.198402	-2.329171
-3.008890	-2.284319
-2.800426	-2.178508
-2.601753	-2.119443
-2.404660	-2.023423
-2.207883	-1.965306
-2.011421	-1.886027
-1.803905	-1.775478
-1.597967	-1.732837
-1.409086	-1.622920
-1.194305	-1.512687
-1.011425	-1.435302
-0.799803	-1.242631
-0.611238	-1.089126
-0.394877	-0.826019
-0.195257	-0.603026
-0.000691	-0.376558
0.203377	-0.139667
0.399548	-0.002902
0.589085	0.120297
0.808948	0.211275
0.987429	0.276033
1.201606	0.321206
1.394302	0.324049
1.595211	0.363852
1.793594	0.382174
1.993555	0.372381
2.195412	0.416922
2.400112	0.415343
2.598494	0.438719
2.800035	0.438087
2.993047	0.460832
3.199959	0.462095
3.394550	0.485156
3.593564	0.471256
3.804582	0.505373
3.994435	0.479470
4.200083	0.514534
4.387724	0.499371
4.600638	0.543596
4.793334	0.509480
4.994243	0.546439
5.203366	0.544228
5.392903	0.534435
5.590969	0.569184
5.805462	0.561602
5.988997	0.571395
6.206649	0.578977
6.390184	0.565393
6.609099	0.607091
6.790107	0.589085
6.997334	0.590981
7.202982	0.609618
7.395046	0.592560
7.598483	0.607091
7.792127	0.604880
7.994616	0.615936
8.197736	0.600773
8.391696	0.614989
8.604293	0.613725
8.794778	0.624781
8.996951	0.647842
9.190279	0.633942
9.391820	0.624466
9.602522	0.642472
9.795218	0.614357
9.992969	0.664268
9.810697	0.627940
9.593361	0.623202
9.395611	0.646262
9.194701	0.607091
8.992528	0.643103
8.802675	0.622886
8.587234	0.608987
8.404963	0.632995
8.192998	0.581820
7.992720	0.608355
7.806974	0.622254
7.589954	0.600457
7.403260	0.605828
7.190346	0.582767
6.995439	0.588769
6.798636	0.593192
6.592673	0.599510
6.408822	0.600773
6.196224	0.560655
5.995315	0.589401
5.793142	0.535699
5.593181	0.573922
5.396378	0.543280
5.196732	0.534435
4.997402	0.548335
4.798072	0.523063
4.588634	0.516745
4.395938	0.540753
4.189026	0.494001
4.000753	0.519588
3.793210	0.485156
3.599250	0.483260
3.396446	0.483892
3.195536	0.463675
2.993047	0.445353
2.809196	0.444721
2.589649	0.414395
2.402955	0.423556
2.188462	0.406814
1.997662	0.388492
1.791698	0.366379
1.593316	0.347425
1.401568	0.338580
1.199079	0.293407
0.998169	0.271295
0.802630	0.192005
0.594455	0.138935
0.395126	0.001520
0.192953	-0.151354
0.003100	-0.362976
-0.204101	-0.611238
-0.409091	-0.848445
-0.601130	-1.055645
-0.811805	-1.279270
-0.994685	-1.403717
-1.208519	-1.550905
-1.398663	-1.608075
-1.605548	-1.733153
-1.807063	-1.787480
-2.001630	-1.875288
-2.206303	-1.974150
-2.396764	-2.037321
-2.592593	-2.113126
-2.809270	-2.182298
-2.997203	-2.254945
-3.213248	-2.345911
-3.402445	-2.396132
-3.603012	-2.480465
-3.804212	-2.557849
-4.004148	-2.627969
-4.200293	-2.711039
-4.413495	-2.782422
-4.602376	-2.849067
-4.808945	-2.912554
-4.989614	-2.986464
-5.205974	-3.058479
-5.406857	-3.113754
-5.604267	-3.184505
-5.812415	-3.245465
-5.997506	-3.309583
-6.211023	-3.395496
-6.399272	-3.423923
-6.609000	-3.543947
-6.813674	-3.568268
-7.000976	-3.642178
-7.214809	-3.736934
-7.396741	-3.759992
-7.606469	-3.872436
-7.807984	-3.919814
-8.000655	-3.986775
-8.212594	-4.071109
-8.402422	-4.097956
-8.601411	-4.182605
-8.808927	-4.252093
-8.996861	-4.287785
-9.081510	-4.320318
-9.084352	-4.338953
-9.118149	-4.326635
-9.110568	-4.345270
-9.110884	-4.354746
-9.121939	-4.338006
-9.095723	-4.347797
-9.087827	-4.340848
-9.074244	-4.323792
-8.993386	-4.324740
-8.804189	-4.241670
-8.604885	-4.178499
-8.408423	-4.135859
-8.217332	-4.028468
-8.000024	-3.969088
-7.807036	-3.938766
-7.602363	-3.807370
-7.405585	-3.796947
-7.204070	-3.700927
-7.006977	-3.658918
-6.807357	-3.593852
-6.599840	-3.512362
-6.401484	-3.458035
-6.205654	-3.388863
-5.987398	-3.304530
-5.816205	-3.265364
-5.588158	-3.197139
-5.411280	-3.117544
-5.192077	-3.049319
-5.009512	-2.990886
-4.803576	-2.901499
-4.604903	-2.845277
-4.403072	-2.777368
-4.203452	-2.688297
-4.001936	-2.642498
-3.806422	-2.531002
-3.599854	-2.483308
-3.413499	-2.412241
-3.205351	-2.318432
-3.002257	-2.262841
-2.802637	-2.197459
-2.601437	-2.094807
-2.403713	-2.057852
-2.202197	-1.939090
-2.012685	-1.896134
-1.802009	-1.793797
-1.595756	-1.721151
-1.407191	-1.626078
-1.201570	-1.526584
-0.999739	-1.401190
-0.812437	-1.272321
-0.601130	-1.057856
-0.409407	-0.835495
-0.194310	-0.581863
-0.006376	-0.380664
0.195164	-0.146616
0.398600	0.009418
0.588769	0.118717
0.797260	0.222647
0.996906	0.268452
1.195920	0.314572
1.397145	0.319943
1.588893	0.350900
1.806861	0.378699
1.990712	0.371433
2.195096	0.421977
2.395690	0.413448
2.595651	0.437456
2.798772	0.445669
2.990836	0.443458
3.196800	0.489578
3.399605	0.465570
3.587562	0.479786
3.802055	0.515482
3.995383	0.469993
4.194713	0.522115
4.394990	0.517061
4.594004	0.518009
4.806917	0.535699
5.000245	0.512955
5.202418	0.544860
5.407434	0.563182
5.584335	0.553389
5.804198	0.569816
5.992472	0.569816
6.200647	0.572027
6.400292	0.572975
6.594252	0.591928
6.803691	0.586242
6.991964	0.574870
7.192873	0.610882
7.403575	0.578977
7.589006	0.622570
7.803183	0.598562
7.990509	0.611198
8.198368	0.618148
8.396750	0.599510
8.588498	0.620991
8.803307	0.654476
8.990001	0.598878
9.199123	0.659530
9.389293	0.612777
9.600943	0.643735
9.793323	0.644367
9.997075	0.649421
9.797745	0.639313
9.593045	0.641840
9.384554	0.610882
9.201651	0.629836
8.987158	0.627624
8.811204	0.610882
8.589446	0.610566
8.400225	0.617200
8.194577	0.590981
7.991772	0.616568
7.798760	0.621307
7.599115	0.596983
7.392519	0.608355
7.198875	0.580240
6.990069	0.596983
6.804323	0.604564
6.592357	0.582767
6.398713	0.599194
6.202226	0.574238
5.996263	0.547387
5.798512	0.584663
5.591285	0.533488
5.399853	0.563182
5.193889	0.520852
4.995191	0.532540
4.806285	0.528433
4.587370	0.520852
4.394042	0.523695
4.196292	0.515798
3.994119	0.505057
3.801423	0.490842
3.589773	0.485472
3.401184	0.495896
3.192693	0.444089
2.987045	0.463043
2.809196	0.434297
2.595651	0.412816
2.399796	0.420713
2.203310	0.383753
1.995135	0.388492
1.806861	0.364168
1.582891	0.344582
1.399988	0.362273
1.200974	0.300673
0.993747	0.264977
0.798524	0.209695
0.591296	0.122824
0.394810	0.005311
0.198007	-0.175674
-0.007324	-0.362029
-0.195889	-0.594182
-0.410670	-0.858552
-0.604921	-1.043327
-0.805804	-1.283692
-1.003213	-1.411929
-1.199043	-1.536060
-1.410666	-1.631764
-1.598283	-1.699988
-1.800746	-1.816223
-2.015527	-1.880657
-2.195248	-1.937195
-2.417294	-2.047113
-2.595436	-2.096702
-2.804216	-2.190826
-2.999730	-2.252102
-3.203456	-2.343384
-3.410341	-2.406555
-3.591957	-2.470042
-3.797263	-2.568273
-4.000673	-2.620389
-4.192397	-2.728727
-4.408757	-2.748626
-4.603323	-2.844645
-4.801048	-2.916660
-4.999089	-2.964986
-5.201552	-3.049319
-5.399909	-3.133337
-5.601424	-3.153551
-5.809888	-3.262521
-6.000348	-3.295686
-6.205338	-3.384125
-6.403378	-3.444453
-6.605210	-3.512362
-6.807357	-3.587851
-7.008872	-3.664288
-7.199648	-3.704401
-7.412218	-3.803896
-7.590992	-3.837060
-7.815565	-3.917603
-7.997497	-3.972246
-8.212594	-4.074583
-8.407475	-4.094482
-8.599832	-4.190502
-8.800399	-4.245776
-9.005704	-4.299471
-9.064769	-4.332636
-9.105830	-4.328214
-9.104567	-4.333268
-9.116254	-4.345586
-9.127940	-4.330425
-9.114358	-4.343691
-9.108673	-4.338006
-9.097302	-4.324740
-9.058136	-4.345586
-8.994966	-4.301367
-8.812402	-4.265675
-8.597937	-4.175025
-8.408108	-4.134595
-8.207540	-4.045208
-7.996865	-3.982353
-7.811458	-3.904969
-7.601415	-3.843062
-7.399268	-3.794736
-7.211650	-3.709771
-7.000659	-3.646284
-6.811463	-3.598274
-6.601419	-3.492779
-6.401484	-3.464984
-6.205338	-3.394548
-5.999401	-3.308004
-5.806098	-3.257783
-5.607110	-3.171239
-5.401488	-3.118491
-5.207553	-3.061006
-4.999405	-2.948877
-4.799153	-2.933085
-4.607114	-2.827273
-4.401808	-2.757469
-4.202820	-2.709775
-3.994356	-2.619757
-3.801369	-2.554691
-3.599854	-2.459934
-3.404655	-2.399606
-3.215775	-2.321274
-2.992149	-2.244522
-2.807059	-2.192406
-2.596699	-2.092911
-2.405607	-2.056273
-2.204092	-1.936248
-2.005420	-1.886974
-1.809590	-1.795692
-1.603021	-1.698725
-1.397716	-1.635554
-1.210414	-1.535744
-0.985525	-1.402453
-0.814648	-1.274217
-0.593866	-1.042379
-0.406564	-0.843391
-0.202838	-0.582495
-0.001954	-0.352869
0.196428	-0.161777
0.390387	0.006259
0.596035	0.115558
0.789363	0.220120
1.004171	0.256132
1.190866	0.306991
1.404727	0.331631
1.590157	0.346794
1.788223	0.378383
1.998609	0.404918
2.195096	0.378383
2.398217	0.439667
2.597547	0.413132
2.801931	0.454198
2.993995	0.449775
3.190482	0.480101
3.402132	0.477574
3.596091	0.488946
3.794473	0.483260
4.011809	0.505689
4.193133	0.505057
4.403519	0.535067
4.586107	0.520536
4.809444	0.542649
4.994243	0.502214
5.195785	0.566025
5.399537	0.549282
5.591917	0.549282
5.796617	0.577081
6.001001	0.553389
6.194645	0.591928
6.405031	0.579924
6.590461	0.583399
6.801164	0.607407
6.990701	0.587190
7.194769	0.585926
7.396942	0.603616
7.601010	0.586242
7.796865	0.609303
7.993984	0.596035
8.191102	0.615620
8.403384	0.609934
8.588498	0.625413
8.796989	0.634890
9.000110	0.626361
9.190910	0.632363
9.398769	0.629204
9.583568	0.640576
9.804695	0.652580
10.000866	0.620675
9.796798	0.650369
9.604733	0.642156
9.388660	0.615936
9.200704	0.662057
8.995687	0.616568
8.800148	0.634890
8.597975	0.604564
8.385378	0.603932
8.200895	0.632995
7.991140	0.583399
7.794338	0.613409
7.603853	0.610250
7.392835	0.596351
7.207089	0.596983
6.992280	0.614357
6.798636	0.607407
6.601202	0.586874
6.391448	0.575818
6.206017	0.573290
5.995631	0.550230
5.797249	0.588453
5.591917	0.539490
5.395114	0.555284
5.200207	0.536015
4.996770	0.519272
4.797757	0.540753
4.601902	0.525590
4.385197	0.503478
4.200715	0.533172
3.987170	0.475995
3.803003	0.516113
3.592300	0.484208
3.394550	0.479470
3.199643	0.469361
2.995259	0.440299
2.794665	0.437456
2.607339	0.434613
2.388424	0.415343
2.204889	0.399548
1.985974	0.396073
1.801491	0.370802
1.588578	0.343003
1.396197	0.342371
1.199395	0.307623
0.993431	0.247918
0.794417	0.218224
0.594455	0.096921
0.403023	0.019842
0.194532	-0.180728
-0.003218	-0.363924
-0.199995	-0.599867
-0.407827	-0.826966
-0.603973	-1.067648
-0.799171	-1.266004
-1.004793	-1.413193
-1.194621	-1.522478
-1.412561	-1.633659
-1.599863	-1.699988
-1.804536	-1.820961
-2.006367	-1.876867
-2.205987	-1.956778
-2.400554	-2.036690
-2.605228	-2.100176
-2.801689	-2.175665
-3.011101	-2.257788
-3.196192	-2.321274
-3.413815	-2.421400
-3.601117	-2.462461
-3.801053	-2.544584
-4.008885	-2.627653
-4.198714	-2.691140
-4.406230	-2.780527
-4.602060	-2.828221
-4.798838	-2.922977
-5.005091	-2.981411
-5.191129	-3.047108
-5.410964	-3.113438
-5.602372	-3.173766
-5.806098	-3.269470
-6.006350	-3.302319
-6.202495	-3.387599
-6.411591	-3.444453
-6.599524	-3.499728
-6.804830	-3.608698
-7.012662	-3.640599
-7.202491	-3.713877
-7.410323	-3.809897
-7.602047	-3.832639
-7.806721	-3.933712
-8.008236	-3.983301
-8.199327	-4.038891
-8.410003	-4.129858
-8.601411	-4.155757
-8.800399	-4.242302
-9.001598	-4.318423
-9.074561	-4.321897
-9.096670	-4.331057
-9.092880	-4.348429
-9.120675	-4.332952
-9.112463	-4.351903
-9.106462	-4.350956
-9.119096	-4.326951
-9.073298	-4.349692
-9.062874	-4.339901
-8.998124	-4.304209
-8.802926	-4.290944
-8.601411	-4.172182
-8.399263	-4.111854
-8.210067	-4.074899
-8.007604	-3.971614
-7.799140	-3.902127
-7.611207	-3.880017
-7.390108	-3.756517
-7.217968	-3.740093
-6.996238	-3.638072
-6.814305	-3.586904
-6.607737	-3.517731
-6.402747	-3.449191
-6.204391	-3.394548
-6.004770	-3.322217
-5.804518	-3.247360
-5.611531	-3.180083
-5.402751	-3.140917
-5.207869	-3.033526
-4.994036	-2.988675
-4.806418	-2.916660
-4.607114	-2.825694
-4.405599	-2.768840
-4.205347	-2.701879
-4.000673	-2.609650
-3.805475	-2.567957
-3.598906	-2.461830
-3.404655	-2.417926
-3.210405	-2.349070
-2.997519	-2.255577
-2.799162	-2.191458
-2.606491	-2.118180
-2.390131	-2.022792
-2.213252	-1.985837
-1.994997	-1.866444
-1.804220	-1.814960
-1.603969	-1.703779
-1.390451	-1.613760
-1.207255	-1.525005
-0.995949	-1.404980
-0.806436	-1.257792
-0.609343	-1.054698
-0.397088	-0.846549
-0.213577	-0.601130
0.007522	-0.351289
0.193900	-0.178517
0.391335	0.013208
0.598562	0.117138
0.784308	0.197375
1.002276	0.267188
1.197815	0.301305
1.403147	0.350584
1.593948	0.346162
1.783485	0.385017
2.001452	0.403971
2.193517	0.391335
2.395374	0.436508
2.594704	0.417870
2.800667	0.460200
2.991468	0.456409
3.191746	0.464307
3.397077	0.496844
3.598934	0.473468
3.790051	0.483892
4.007703	0.518325
4.186499	0.492105
4.399097	0.524327
4.595268	0.517377
4.803759	0.507268
5.008459	0.548335
5.199259	0.536015
5.391007	0.560339
5.606132	0.563182
5.786824	0.555284
6.007003	0.562550
6.189590	0.593824
6.405663	0.583083
6.597411	0.587506
6.792318	0.593824
7.003652	0.591612
7.194453	0.587190
7.398205	0.621307
7.598483	0.578345
7.799392	0.634890
7.992088	0.581820
8.196472	0.604880
8.405595	0.643103
8.600186	0.604880
8.794778	0.622886
9.004532	0.644051
9.187435	0.606459
9.399402	0.648789
9.586411	0.634574
9.805959	0.651001
9.995811	0.651632
9.795218	0.648789
9.594309	0.636785
9.396558	0.641840
9.183329	0.618464
9.002953	0.624781
8.792883	0.621307
8.601134	0.606775
8.389169	0.611514
8.197104	0.624781
7.997458	0.666480
7.799077	0.623834
7.598483	0.610882
7.397890	0.583399
7.194453	0.622254
7.003652	0.570447
6.786316	0.603932
6.607520	0.603616
6.390500	0.557496
6.199068	0.590033
6.004160	0.565393
5.788720	0.557180
5.603289	0.570132
5.384374	0.533804
5.211263	0.556232
4.996139	0.517377
4.793966	0.536015
4.601902	0.533172
4.385197	0.515166
4.194396	0.516113
3.996962	0.500951
3.797948	0.514218
3.598619	0.471888
3.395182	0.471256
3.206277	0.470940
2.997154	0.423872
2.800667	0.454198
2.600074	0.439035
2.395690	0.415659
2.197939	0.403655
1.994187	0.373961
1.794225	0.373329
1.598686	0.361957
1.394934	0.322154
1.196236	0.320258
0.997222	0.252341
0.796628	0.213170
0.593508	0.119349
0.392914	-0.002586
0.201482	-0.161145
-0.000375	-0.382559
-0.207892	-0.595761
-0.396141	-0.828862
-0.612817	-1.094495
-0.798855	-1.245158
-1.005740	-1.439408
-1.196832	-1.521847
-1.404980	-1.627342
-1.603021	-1.720835
-1.793166	-1.791586
-2.000682	-1.889817
-2.209146	-1.962464
-2.387920	-2.035110
-2.606175	-2.108704
-2.794109	-2.195248
-3.003836	-2.257156
-3.200298	-2.328855
-3.410973	-2.416347
-3.602696	-2.472253
-3.800105	-2.544584
-4.004463	-2.630180
-4.201557	-2.682928
-4.410020	-2.795372
-4.602692	-2.825378
-4.801048	-2.917292
-4.998774	-2.979515
-5.207553	-3.043002
-5.403383	-3.125440
-5.607110	-3.199982
-5.805466	-3.229040
-6.007613	-3.334852
-6.194915	-3.368648
-6.408432	-3.467510
-6.604578	-3.525312
-6.804830	-3.585640
-7.010451	-3.652917
-7.212914	-3.729038
-7.398636	-3.776732
-7.608680	-3.862961
-7.795981	-3.933712
-8.013921	-3.967192
-8.198380	-4.044893
-8.414425	-4.129542
-8.605832	-4.144703
-8.798820	-4.247355
-8.999388	-4.313053
-9.076772	-4.318738
-9.082773	-4.349377
-9.107094	-4.339585
-9.113727	-4.344323
-9.114990	-4.355694
-9.118780	-4.331688
-9.106146	-4.342743
-9.089090	-4.338953
-9.073613	-4.324740
-8.994966	-4.321265
-8.793450	-4.252725
-8.604569	-4.183237
-8.401791	-4.121329
-8.206908	-4.067950
-8.009183	-3.983617
-7.788401	-3.933712
-7.612154	-3.844009
-7.400532	-3.788103
-7.206597	-3.729986
-7.010451	-3.647864
-6.801672	-3.593221
-6.609316	-3.537946
-6.403063	-3.433714
-6.197757	-3.404024
-6.009824	-3.320954
-5.801044	-3.252098
-5.613742	-3.215143
-5.401172	-3.109016
-5.204710	-3.069534
-5.006986	-2.976041
-4.791889	-2.892655
-4.611536	-2.868966
-4.404335	-2.745467
-4.204083	-2.707880
-4.003200	-2.607754
-3.800421	-2.559745
-3.605855	-2.470674
-3.402445	-2.415083
-3.207878	-2.337699
-3.009521	-2.259051
-2.798531	-2.173455
-2.611861	-2.117548
-2.393289	-2.020897
-2.216095	-1.971308
-2.000682	-1.862338
-1.806747	-1.805800
-1.606495	-1.693671
-1.400558	-1.623868
-1.193674	-1.540482
-1.000055	-1.406244
-0.792854	-1.260319
-0.608395	-1.059435
-0.402142	-0.826966
-0.204417	-0.595761
-0.001638	-0.359502
0.197059	-0.160513
0.390703	-0.006692
0.593192	0.122192
0.797576	0.186319
0.996906	0.277929
1.197183	0.280456
1.399672	0.334474
1.597423	0.359114
1.794225	0.366379
1.989448	0.398600
2.203941	0.415027
2.392847	0.392914
2.611130	0.445669
2.789927	0.424504
3.007263	0.470309
3.190798	0.462727
3.395498	0.483892
3.604936	0.487367
3.789419	0.492737
4.001385	0.501898
4.197556	0.507584
4.391200	0.526222
4.601902	0.506953
4.785437	0.542965
5.008459	0.554653
5.190098	0.526222
5.395746	0.566973
5.596655	0.544860
5.792826	0.568552
6.000685	0.594140
6.196540	0.570763
6.399661	0.592560
6.600886	0.592244
6.788528	0.564130
7.003336	0.599826
7.191926	0.590665
7.394731	0.606775
7.597219	0.598562
7.793706	0.600773
7.999670	0.608987
8.191102	0.619727
8.394223	0.636154
8.600186	0.632679
8.789408	0.621622
9.002637	0.630152
9.188699	0.625413
9.397190	0.641208
9.595572	0.634258
9.792690	0.652264
10.004972	0.654476
9.793954	0.607723
9.588939	0.661109
9.405403	0.623834
9.185856	0.622570
9.002953	0.630783
8.794462	0.598246
8.604293	0.618148
8.399593	0.603301
8.189523	0.609618
8.001565	0.630783
7.795286	0.585610
7.600694	0.615305
7.389044	0.593192
7.200455	0.610250
6.995123	0.581820
6.790107	0.608671
6.604045	0.570132
6.396502	0.568868
6.202226	0.568868
6.004476	0.564130
5.788720	0.553073
5.602341	0.567604
5.383110	0.522431
5.202734	0.555284
4.992664	0.529065
4.793018	0.528117
4.592109	0.533172
4.400360	0.507268
4.192502	0.494633
4.011493	0.514218
3.790683	0.505689
3.605884	0.499687
3.388864	0.471888
3.197116	0.465254
2.995259	0.463991
2.796876	0.431454
2.598494	0.439983
2.397585	0.402391
2.198887	0.415027
1.994503	0.364484
1.792330	0.386281
1.604372	0.347110
1.391143	0.327840
1.200342	0.313941
0.998801	0.259922
0.790626	0.202114
0.599826	0.129458
0.386281	-0.020274
0.206536	-0.156091
-0.005113	-0.384454
-0.210734	-0.600815
-0.398668	-0.848129
-0.610606	-1.074281
-0.809279	-1.265373
-1.000055	-1.422668
-1.201570	-1.536060
-1.398979	-1.625447
-1.607443	-1.724625
-1.799167	-1.785269
-2.004788	-1.894871
-2.208830	-1.960253
-2.397395	-2.027214
-2.609334	-2.120391
-2.804216	-2.166821
-3.006047	-2.264105
-3.207562	-2.332961
-3.395496	-2.393289
-3.604591	-2.502891
-3.799790	-2.544899
-3.995304	-2.635234
-4.202504	-2.706301
-4.398650	-2.772630
-4.606482	-2.845909
-4.792204	-2.905921
-4.996878	-2.995308
-5.210080	-3.054057
-5.394223	-3.121018
-5.615953	-3.193349
-5.798517	-3.239779
-6.010771	-3.326639
-6.198705	-3.357909
-6.407169	-3.471933
-6.608052	-3.518679
-6.800408	-3.572058
-7.005397	-3.676606
-7.214177	-3.707876
-7.395478	-3.795368
-7.609627	-3.865487
-7.799140	-3.922341
-8.009815	-3.988671
-8.203434	-4.042997
-8.406213	-4.105221
-8.603306	-4.200293
-8.803557	-4.218928
-8.999703	-4.284310
-9.068244	-4.328530
-9.103304	-4.325372
-9.108041	-4.334216
-9.104251	-4.353483
-9.132994	-4.337374
-9.115622	-4.339269
-9.098882	-4.346534
-9.097302	-4.332636
-9.050556	-4.344007
-9.007283	-4.326635
-8.794714	-4.216718
-8.603937	-4.222719
-8.408108	-4.097324
-8.202486	-4.048051
-8.010447	-4.008254
-7.810195	-3.895494
-7.595098	-3.848747
-7.410323	-3.788103
-7.199016	-3.713877
-7.017084	-3.663972
-6.792196	-3.581850
-6.604262	-3.527839
-6.400852	-3.452034
-6.198073	-3.380651
-5.996558	-3.338326
-5.803255	-3.270417
-5.601424	-3.201877
-5.402120	-3.110595
-5.200604	-3.072061
-5.003195	-2.979831
-4.792836	-2.901499
-4.609009	-2.843382
-4.403072	-2.747046
-4.201241	-2.689245
-4.005095	-2.618494
-3.797263	-2.534476
-3.606487	-2.495626
-3.405287	-2.394868
-3.200929	-2.334224
-3.012048	-2.273580
-2.800426	-2.171559
-2.603648	-2.117864
-2.401186	-2.038584
-2.201566	-1.948882
-2.012053	-1.886974
-1.797272	-1.777373
-1.603653	-1.727468
-1.407823	-1.612497
-1.190831	-1.520267
-1.013005	-1.415088
-0.800435	-1.257160
-0.608079	-1.066700
-0.403721	-0.826651
-0.201259	-0.601446
-0.007640	-0.365187
0.208116	-0.147247
0.391335	-0.028486
0.592560	0.133249
0.798840	0.192953
0.990588	0.273190
1.197499	0.295619
1.400304	0.334158
1.593948	0.361009
1.789803	0.373645
1.985658	0.390387
2.206152	0.409341
2.385897	0.407446
2.610183	0.442826
2.794034	0.433033
2.996838	0.483892
3.193009	0.462411
3.394866	0.462095
3.596407	0.496212
3.802687	0.492737
3.991908	0.494633
4.204821	0.525906
4.386777	0.502214
4.597479	0.522747
4.792702	0.532540
4.996770	0.542333
5.202734	0.563498
5.392903	0.538542
5.587178	0.560655
5.802619	0.565393
5.997842	0.581504
6.207912	0.561918
6.395554	0.598878
6.605309	0.587506
6.794530	0.583083
6.993860	0.597614
7.204562	0.601405
7.389992	0.588769
7.607328	0.622886
7.790863	0.571395
8.001565	0.632363
8.194577	0.596983
8.392643	0.629836
8.601450	0.637417
8.796673	0.603932
8.996634	0.624781
9.197860	0.640576
9.387081	0.636154
9.605680	0.649421
9.789216	0.639313
10.004972	0.644683
9.797113	0.639313
9.592413	0.640576
9.395611	0.638681
9.190595	0.648158
8.995687	0.618779
8.797305	0.605828
8.592605	0.630468
8.402436	0.621622
8.185416	0.611198
7.996511	0.624781
7.805394	0.587822
7.593744	0.599826
7.407682	0.597299
7.195085	0.588769
7.001757	0.638049
6.792950	0.563182
6.594252	0.586242
6.411981	0.594455
6.188011	0.559707
6.003528	0.586242
5.793458	0.555916
5.596339	0.554021
5.395430	0.547703
5.195785	0.540753
4.997718	0.554653
4.797125	0.521168
4.586107	0.525906
4.402256	0.516745
4.187447	0.507584
4.003912	0.504425
3.795105	0.498739
3.595775	0.498107
3.396761	0.466202
3.190482	0.452619
2.996838	0.467466
2.798140	0.426399
2.597231	0.444089
2.399480	0.400496
2.194149	0.396705
1.996398	0.384701
1.794857	0.362904
1.593948	0.359114
1.403463	0.343635
1.192761	0.288037
1.001328	0.285194
0.792206	0.185371
0.601721	0.126299
0.390071	-0.013957
0.197059	-0.154512
-0.000375	-0.373399
-0.202522	-0.620082
-0.409407	-0.845286
-0.596393	-1.069543
-0.815596	-1.286535
-0.992158	-1.403085
-1.211993	-1.540798
-1.396136	-1.616603
-1.606180	-1.721467
-1.801062	-1.790955
-2.000682	-1.868023
-2.206935	-1.955831
-2.398975	-2.017422
-2.597647	-2.112494
-2.801057	-2.157346
-3.003836	-2.272317
-3.210405	-2.304850
-3.406867	-2.399606
-3.605539	-2.478570
-3.805475	-2.541741
-4.002884	-2.630812
-4.207558	-2.711987
-4.401808	-2.747362
-4.610588	-2.862333
-4.803891	-2.889181
-5.000669	-2.997203
-5.211975	-3.064164
-5.401804	-3.106173
-5.602372	-3.184505
-5.812415	-3.253677
-5.994979	-3.308952
-6.213234	-3.400549
-6.396746	-3.438452
-6.611527	-3.524049
-6.806093	-3.571427
-7.005082	-3.642810
-7.212914	-3.736934
-7.401163	-3.809581
-7.604258	-3.861065
-7.805457	-3.914761
-8.002550	-4.011728
-8.216384	-4.047420
-8.394842	-4.120382
-8.608991	-4.209769
-8.801662	-4.213243
-8.988964	-4.298840
-9.083405	-4.320318
-9.089722	-4.331373
-9.088458	-4.357273
-9.114358	-4.336742
-9.124466	-4.336426
-9.111199	-4.351272
-9.096987	-4.337374
-9.082141	-4.348745
-9.053082	-4.349061
-9.005388	-4.301051
-8.800399	-4.244197
-8.598884	-4.174709
-8.408739	-4.130173
-8.206593	-4.061949
-7.999708	-3.978879
-7.808300	-3.916656
-7.595098	-3.833586
-7.412218	-3.778627
-7.204702	-3.726827
-7.005397	-3.670921
-6.807357	-3.570163
-6.598261	-3.519311
-6.407485	-3.464036
-6.206601	-3.379071
-5.995610	-3.348749
-5.814626	-3.247992
-5.598266	-3.193349
-5.409384	-3.115017
-5.196498	-3.040159
-5.006670	-2.994992
-4.806418	-2.921082
-4.599533	-2.821588
-4.409073	-2.787476
-4.203452	-2.671241
-4.008569	-2.644709
-3.802632	-2.540162
-3.607750	-2.493731
-3.406235	-2.399922
-3.198087	-2.330434
-2.996887	-2.264105
-2.800110	-2.197144
-2.594489	-2.117548
-2.409714	-2.031952
-2.195880	-1.950461
-2.013632	-1.881921
-1.800114	-1.780847
-1.607127	-1.730626
-1.401190	-1.628605
-1.200938	-1.519951
-0.998791	-1.415088
-0.808963	-1.249896
-0.601762	-1.076807
-0.407827	-0.832020
-0.197784	-0.595129
-0.007640	-0.371188
0.200218	-0.156407
0.395757	-0.005113
0.590349	0.114295
0.798208	0.214749
0.988377	0.240021
1.199395	0.313625
1.397777	0.304464
1.591421	0.364484
1.801491	0.393546
1.988185	0.379015
2.197939	0.418818
2.402955	0.421029
2.589965	0.437771
2.808249	0.474731
2.980096	0.452303
3.204697	0.474415
3.393286	0.457989
3.593248	0.495264
3.807425	0.498739
3.991908	0.506321
4.200715	0.508848
4.387724	0.493369
4.595268	0.538226
4.796493	0.523379
4.988557	0.546124
5.206209	0.571711
5.392587	0.522747
5.587810	0.566973
5.798196	0.561286
5.996263	0.597299
6.199068	0.602985
6.399345	0.572659
6.597727	0.583399
6.800532	0.595087
6.987226	0.573290
7.200455	0.620675
7.397258	0.590981
7.601326	0.594140
7.796233	0.590665
7.992404	0.605196
8.201527	0.614989
8.397382	0.627309
8.592921	0.629204
8.802991	0.625413
8.990001	0.616568
9.199123	0.651001
9.386450	0.639313
9.602522	0.652896
9.794271	0.613409
9.993284	0.638997
9.797745	0.644367
9.596204	0.620675
9.388029	0.657950
9.198492	0.618464
8.994740	0.620991
8.802991	0.605196
8.595132	0.614989
8.403068	0.635206
8.199947	0.621622
7.990509	0.602037
7.802235	0.623834
7.595008	0.591928
7.401364	0.617516
7.190978	0.600773
7.001757	0.604880
6.793898	0.565393
6.595516	0.585610
6.399661	0.577397
6.197488	0.580556
5.993420	0.569184
5.802935	0.547071
5.588126	0.535067
5.402064	0.549598
5.188203	0.531276
4.998981	0.564445
4.801547	0.518641
4.596215	0.507584
4.390252	0.518325
4.197240	0.518957
3.996015	0.517693
3.803319	0.504741
3.590721	0.476311
3.406554	0.483892
3.187007	0.445353
2.992732	0.465570
2.809828	0.440299
2.592492	0.425136
2.402639	0.417554
2.191621	0.377751
1.997030	0.401128
1.794857	0.352796
1.581944	0.364484
1.414835	0.333526
1.194656	0.269399
0.998801	0.273190
0.802946	0.190110
0.590665	0.120297
0.399232	0.000888
0.191689	-0.179465
0.002152	-0.357922
-0.199679	-0.615976
-0.416040	-0.849392
-0.598288	-1.070490
-0.816227	-1.271058
-0.998791	-1.407823
-1.202833	-1.536692
-1.403085	-1.635554
-1.603337	-1.714834
-1.807379	-1.818750
-2.007631	-1.857916
-2.200302	-1.958357
-2.408766	-2.023108
-2.597647	-2.110915
-2.807374	-2.197775
-2.996887	-2.249259
-3.205035	-2.326328
-3.412868	-2.389815
-3.594168	-2.462461
-3.809581	-2.578696
-3.999410	-2.627337
-4.207242	-2.701247
-4.401176	-2.747678
-4.610904	-2.848752
-4.803891	-2.909711
-4.997194	-2.991202
-5.205342	-3.051846
-5.411911	-3.109647
-5.597950	-3.164290
-5.817153	-3.257467
-5.990557	-3.322849
-6.212603	-3.407814
-6.396430	-3.424870
-6.613106	-3.520258
-6.808304	-3.577428
-7.006661	-3.659550
-7.208176	-3.747989
-7.404322	-3.783997
-7.599836	-3.856959
-7.810195	-3.910655
-8.002550	-3.994356
-8.208803	-4.066371
-8.409055	-4.135543
-8.601727	-4.167129
-8.803242	-4.245776
-9.001914	-4.295365
-9.068875	-4.327899
-9.067927	-4.356641
-9.102987	-4.346218
-9.127940	-4.326003
-9.118780	-4.343060
-9.119096	-4.338006
-9.098249	-4.349377
-9.069191	-4.358221
-9.085299	-4.317791
-8.994966	-4.284626
-8.813033	-4.245144
-8.593199	-4.160495
-8.409055	-4.154810
-8.210067	-4.056263
-7.997181	-3.962139
-7.806089	-3.925816
-7.606153	-3.835481
-7.399900	-3.797579
-7.212598	-3.729354
-7.000659	-3.644705
-6.815569	-3.571743
-6.596366	-3.494674
-6.404642	-3.472880
-6.211655	-3.390758
-5.997821	-3.336747
-5.811467	-3.235989
-5.602687	-3.165238
-5.411595	-3.107752
-5.200921	-3.041739
-5.001300	-2.999730
-4.802628	-2.909711
-4.600797	-2.809901
-4.411600	-2.770104
-4.203136	-2.674084
-4.003200	-2.643762
-3.805475	-2.560061
-3.598274	-2.453933
-3.408446	-2.415715
-3.209773	-2.316852
-2.994676	-2.258419
-2.812744	-2.213884
-2.596068	-2.095123
-2.406871	-2.034794
-2.202513	-1.953304
-1.996576	-1.894239
-1.801062	-1.813380
-1.597020	-1.697778
-1.405296	-1.624815
-1.212309	-1.513318
-0.991843	-1.398031
-0.819070	-1.263162
-0.598604	-1.074596
-0.409723	-0.847181
-0.200311	-0.588812
-0.001323	-0.374347
0.192005	-0.168410
0.398600	0.013208
0.591612	0.102923
0.799787	0.219172
0.992483	0.240969
1.200027	0.317731
1.398093	0.318995
1.584471	0.373645
1.794857	0.378699
1.993871	0.375224
2.201098	0.387860
2.408957	0.424504
2.596915	0.428611
2.812671	0.466518
2.986729	0.452303
3.198695	0.473468
3.396761	0.461464
3.596091	0.489894
3.801423	0.510111
4.004228	0.509164
4.187131	0.492421
4.402572	0.508216
4.582948	0.520852
4.806602	0.548335
4.998981	0.543912
5.199891	0.546755
5.398273	0.543912
5.590653	0.545492
5.797881	0.576765
5.995947	0.576134
6.200647	0.607407
6.396818	0.551810
6.598359	0.581504
6.802427	0.592876
6.988173	0.590033
7.192558	0.628256
7.400417	0.586242
7.594692	0.579292
7.806026	0.602037
7.984823	0.595719
8.205633	0.648789
8.387589	0.612146
8.590710	0.601721
8.810257	0.611830
8.994740	0.616568
9.195333	0.654476
9.393399	0.661741
9.593677	0.641840
9.800904	0.614673
9.991705	0.612462
9.800272	0.648158
9.595256	0.647526
9.390872	0.657003
9.195965	0.608355
8.998530	0.606459
8.793199	0.611514
8.599555	0.626993
8.392012	0.646578
8.201527	0.620991
7.990193	0.572343
7.797181	0.623518
7.600379	0.589401
7.397890	0.620675
7.197928	0.615305
6.992912	0.578029
6.797373	0.576134
6.602466	0.560339
6.393343	0.578661
6.206649	0.611514
5.992472	0.542649
5.808621	0.554337
5.592233	0.522747
5.397326	0.558759
5.198943	0.553705
4.991716	0.551178
4.797757	0.531908
4.599058	0.487367
4.386461	0.511691
4.203242	0.518009
3.991908	0.536331
3.798264	0.502214
3.592932	0.470625
3.400236	0.464307
3.192377	0.465570
2.993047	0.465570
2.798140	0.474415
2.598810	0.416922
2.398849	0.406182
2.194780	0.368906
1.995766	0.400496
1.791382	0.377435
1.591736	0.362904
1.400936	0.312993
1.198131	0.297830
0.991220	0.252973
0.796312	0.220120
0.588138	0.107029
0.405550	0.014472
0.198639	-0.174411
0.000888	-0.348763
-0.195889	-0.603657
-0.401826	-0.866448
-0.601446	-1.087862
-0.797276	-1.258108
-1.005108	-1.398663
-1.187672	-1.519004
-1.411929	-1.624183
-1.595756	-1.699673
