# Configuration automatically generated by WRITE_CONFIG()
connection eth
ip 192.168.0.10
samplehz 1000.000000
settleus 10.000000
nsample 128

# Analog Inputs
aichannel 0
ainegative 199
airange 10.000000
airesolution 0

aichannel 1
ainegative 199
airange 10.000000
airesolution 0

# Analog Outputs
aochannel 0
aosignal triangle
aofrequency 5.000000
aoamplitude 2.000000
aooffset 2.500000
aoduty 0.500000

# Meta Parameters
int:periods 10
flt:tip_T_C 338.450914
flt:plate_T_C 281.459275
flt:plate_Q_kW 1.150000
flt:cool_Thigh_C 51.728745
flt:cool_Tlow_C 16.593890
flt:air_psig 20.000000
flt:water_gph 7.000000
flt:standoff_in 0.228000
flt:oxygen_scfh 12.929688
flt:fuel_scfh 7.136375
flt:flow_scfh 20.066062
flt:ratio_fto 0.551937

## End Configuration ##
#: Wed Apr 19 16:46:29 2017
9.401297	0.841801
-9.135204	-4.335479
-9.137732	-4.318423
-9.119412	-4.315264
-9.112147	-4.316844
-9.079615	-4.307683
-9.008231	-4.292207
-8.802294	-4.205031
-8.603937	-4.146282
-8.408108	-4.095745
-8.215436	-4.045525
-7.997812	-3.946346
-7.813669	-3.913497
-7.596993	-3.814003
-7.401795	-3.779891
-7.217020	-3.693031
-7.002555	-3.620068
-6.806409	-3.557529
-6.605210	-3.502570
-6.405590	-3.432135
-6.198705	-3.371807
-6.009508	-3.286210
-5.800412	-3.212616
-5.615322	-3.157657
-5.403699	-3.068586
-5.202500	-3.013312
-4.999405	-2.943824
-4.809893	-2.881916
-4.602060	-2.785265
-4.408757	-2.741677
-4.200925	-2.647236
-4.005727	-2.610913
-3.816214	-2.534792
-3.599854	-2.442878
-3.403708	-2.376865
-3.208826	-2.304534
-3.006995	-2.226518
-2.798531	-2.156398
-2.609965	-2.084699
-2.398659	-2.000366
-2.209778	-1.942249
-2.012053	-1.858232
-1.804220	-1.778636
-1.603337	-1.708832
-1.406875	-1.624815
-1.199675	-1.516161
-1.001634	-1.442251
-0.806752	-1.312119
-0.601446	-1.143137
-0.410670	-0.922670
-0.207260	-0.667460
0.003100	-0.424884
0.200534	-0.203154
0.389439	-0.007008
0.602669	0.140514
0.783993	0.219172
1.003224	0.321206
1.201606	0.354059
1.387984	0.411868
1.596159	0.459568
1.793278	0.444721
1.991344	0.449144
2.201098	0.486103
2.396637	0.502530
2.593440	0.559707
2.807617	0.568552
2.997154	0.521168
3.184796	0.551494
3.404027	0.585610
3.595775	0.598562
3.795421	0.650053
4.003280	0.632363
4.192185	0.601721
4.397202	0.642472
4.602217	0.635838
4.787648	0.660793
4.995191	0.712600
5.204945	0.666480
5.388165	0.669639
5.602657	0.679747
5.795353	0.670270
6.004792	0.717023
6.209808	0.740399
6.398713	0.689540
6.592041	0.712600
6.804638	0.731554
6.992280	0.722709
7.199507	0.778306
7.393783	0.762196
7.597219	0.745453
7.796233	0.764091
7.999670	0.768198
8.193945	0.741031
8.392012	0.795049
8.604293	0.782097
8.791303	0.762512
9.000742	0.785888
9.196913	0.770409
9.390556	0.782097
9.597783	0.810844
9.804695	0.795997
9.991388	0.794733
9.799324	0.825059
9.593677	0.779254
9.393399	0.796628
9.196913	0.798524
8.997898	0.776411
8.793514	0.786520
8.602714	0.810844
8.395487	0.756826
8.188575	0.762196
8.001249	0.779570
7.790863	0.736292
7.603853	0.771041
7.395046	0.748612
7.194769	0.725868
6.991964	0.740399
6.802427	0.734713
6.598043	0.699964
6.400924	0.760616
6.204122	0.701228
5.998474	0.704387
5.801987	0.696805
5.590653	0.681643
5.389428	0.685117
5.199891	0.710073
5.001193	0.660793
4.788280	0.628572
4.606324	0.648158
4.385197	0.619411
4.201978	0.658582
3.996646	0.620359
3.791630	0.604880
3.596407	0.577397
3.398341	0.574238
3.191430	0.552757
2.997470	0.584031
2.801299	0.550546
2.595651	0.534751
2.401060	0.493369
2.190674	0.468729
1.992292	0.479154
1.793594	0.475047
1.597107	0.444721
1.392407	0.382490
1.205397	0.347741
0.995010	0.264029
0.800735	0.244444
0.591612	0.114611
0.390387	-0.025643
0.191689	-0.208839
-0.003534	-0.426463
-0.204101	-0.686411
-0.408143	-0.937516
-0.599235	-1.156403
-0.814964	-1.314646
-0.994685	-1.421721
-1.207571	-1.545220
-1.406560	-1.627026
-1.606495	-1.699988
-1.802325	-1.772319
-2.009842	-1.864233
-2.198407	-1.922666
-2.400870	-2.027845
-2.598595	-2.075224
-2.795688	-2.163347
-3.001309	-2.259683
-3.211668	-2.320643
-3.403076	-2.396448
-3.600801	-2.477622
-3.807370	-2.537635
-3.996567	-2.598911
-4.213243	-2.689561
-4.397387	-2.737886
-4.600481	-2.838328
-4.802944	-2.895182
-5.003827	-2.932769
-5.201236	-3.015839
-5.406226	-3.091959
-5.600476	-3.148182
-5.807677	-3.247044
-6.003823	-3.281472
-6.194599	-3.346222
-6.402115	-3.447927
-6.608052	-3.498780
-6.802619	-3.554686
-7.008872	-3.635545
-7.205018	-3.693031
-7.399584	-3.752411
-7.606153	-3.828217
-7.801667	-3.874015
-7.996549	-3.970351
-8.211646	-4.041418
-8.402106	-4.081532
-8.592251	-4.152283
-8.805137	-4.214507
-8.992754	-4.277362
-9.087827	-4.313369
-9.120675	-4.313369
-9.136784	-4.299156
-9.159526	-4.289048
-9.162368	-4.302630
-9.127940	-4.320002
-9.110568	-4.332636
-9.095091	-4.328846
-9.071403	-4.322845
-9.001283	-4.305473
-8.803873	-4.240407
-8.594146	-4.189870
-8.409371	-4.142176
-8.205960	-4.020256
-7.998128	-3.970983
-7.806721	-3.888860
-7.600783	-3.849063
-7.399584	-3.792841
-7.209755	-3.737882
-7.005713	-3.649127
-6.798829	-3.585324
-6.608368	-3.540789
-6.400220	-3.452350
-6.203759	-3.421396
-6.004770	-3.319691
-5.805782	-3.243254
-5.610268	-3.178504
-5.410332	-3.105857
-5.197762	-3.034474
-4.999089	-2.991518
-4.806734	-2.907816
-4.600165	-2.822851
-4.410020	-2.751784
-4.203768	-2.674084
-3.999094	-2.630496
-3.811476	-2.564482
-3.605539	-2.464988
-3.395180	-2.383498
-3.211668	-2.340226
-3.000993	-2.225570
-2.806743	-2.200302
-2.604596	-2.092596
-2.397711	-2.021844
-2.209462	-1.946671
-2.014580	-1.866128
-1.801694	-1.773267
-1.598915	-1.722414
-1.413193	-1.630816
-1.189567	-1.527216
-1.012689	-1.446357
-0.799171	-1.310224
-0.605552	-1.162720
-0.403721	-0.925197
-0.205996	-0.683884
0.004363	-0.416356
0.196428	-0.221473
0.396389	0.007522
0.594771	0.120613
0.792206	0.249498
1.002276	0.314572
1.201290	0.353427
1.398409	0.397969
1.597107	0.442826
1.799911	0.446617
1.993555	0.477574
2.203625	0.515798
2.390635	0.501266
2.603233	0.529381
2.800983	0.527170
2.994311	0.550230
3.198379	0.576449
3.391707	0.601721
3.597355	0.580872
3.797317	0.619095
3.998542	0.615620
4.190606	0.642472
4.406363	0.656055
4.596847	0.654476
4.800600	0.632995
4.995823	0.667743
5.204629	0.672482
5.385637	0.679747
5.603921	0.729975
5.789983	0.690488
5.998790	0.703439
6.199383	0.692383
6.398081	0.703755
6.596464	0.738820
6.794846	0.784624
6.999546	0.736608
7.193190	0.725868
7.405155	0.719866
7.587742	0.751771
7.806342	0.802314
8.002829	0.782097
8.195841	0.757457
8.401488	0.740399
8.606504	0.740083
8.788460	0.779570
9.001689	0.845592
9.189331	0.810844
9.394979	0.795365
9.605997	0.761880
9.796481	0.742294
9.990125	0.816530
9.800904	0.857280
9.593045	0.829481
9.391820	0.810212
9.201019	0.742610
8.985579	0.745137
8.803623	0.830429
8.604293	0.824743
8.386957	0.793785
8.199947	0.775779
7.991457	0.689224
7.794338	0.719550
7.603853	0.781465
7.397258	0.777675
7.196664	0.778306
7.003336	0.727131
6.797057	0.653844
6.597727	0.701860
6.405663	0.774516
6.195909	0.767566
5.996894	0.748612
5.801671	0.679431
5.589390	0.626993
5.393851	0.686381
5.202734	0.721129
4.995507	0.693962
4.793334	0.676588
4.594952	0.612777
4.391200	0.586242
4.193133	0.622886
4.006123	0.645630
3.784997	0.633942
3.596407	0.623518
3.400868	0.556864
3.186691	0.525906
2.998418	0.569500
2.797192	0.568552
2.601653	0.543912
2.406430	0.523695
2.202678	0.447564
1.988817	0.445353
1.800543	0.473783
1.593000	0.431138
1.393038	0.422608
1.202238	0.355323
0.986797	0.274770
0.797576	0.223279
0.596035	0.121245
0.391019	-0.031645
0.191689	-0.192731
0.010681	-0.412881
-0.210418	-0.685148
-0.398036	-0.898034
-0.612501	-1.171564
-0.807383	-1.314330
-0.997528	-1.441935
-1.202518	-1.549010
-1.409086	-1.632711
-1.602074	-1.688302
-1.801694	-1.802009
-2.018370	-1.872445
-2.200302	-1.962464
-2.408766	-2.042375
-2.600490	-2.106493
-2.804216	-2.181351
-3.008574	-2.259367
-3.208510	-2.315273
-3.398654	-2.398343
-3.611856	-2.493415
-3.794736	-2.533529
-4.010149	-2.622600
-4.198714	-2.664608
-4.399282	-2.753679
-4.605535	-2.848120
-4.803576	-2.912238
-4.996562	-2.964670
-5.193340	-3.049635
-5.409069	-3.107121
-5.600161	-3.176293
-5.807361	-3.253677
-6.000664	-3.302003
-6.201232	-3.376544
-6.392008	-3.432767
-6.607105	-3.496885
-6.799460	-3.576164
-7.007293	-3.674395
-7.204070	-3.697137
-7.394215	-3.777680
-7.612470	-3.799474
-7.799140	-3.871173
-8.002234	-3.962139
-8.207856	-4.024678
-8.399263	-4.094166
-8.592566	-4.144703
-8.806085	-4.228088
-8.988016	-4.275466
-9.069191	-4.333268
-9.080878	-4.342743
-9.108673	-4.336426
-9.123518	-4.328530
-9.140259	-4.326003
-9.123202	-4.327582
-9.110252	-4.330110
-9.107409	-4.321265
-9.090985	-4.298524
-9.009179	-4.262201
-8.799135	-4.177236
-8.600463	-4.146598
-8.411582	-4.110590
-8.209119	-4.030364
-7.998128	-3.956453
-7.813669	-3.891387
-7.593519	-3.796315
-7.406217	-3.783049
-7.209755	-3.688609
-6.999396	-3.622279
-6.806093	-3.569532
-6.613106	-3.492779
-6.401484	-3.421080
-6.200600	-3.405919
-6.003507	-3.309268
-5.801044	-3.251466
-5.617848	-3.182610
-5.399593	-3.079641
-5.199657	-3.041107
-5.008881	-2.981095
-4.798522	-2.896761
-4.604587	-2.832959
-4.410652	-2.764418
-4.199977	-2.674716
-3.998146	-2.642814
-3.805791	-2.545847
-3.593852	-2.440667
-3.406867	-2.394553
-3.213248	-2.302323
-3.006047	-2.228097
-2.803584	-2.167453
-2.603964	-2.072065
-2.395500	-1.999103
-2.213568	-1.945092
-2.006683	-1.832647
-1.796008	-1.774530
-1.609022	-1.708201
-1.398663	-1.618814
-1.203465	-1.533849
-1.002898	-1.442251
-0.809279	-1.305486
-0.605552	-1.136504
-0.411302	-0.930883
-0.201574	-0.674093
0.003100	-0.434675
0.193269	-0.194941
0.396705	-0.013009
0.594771	0.121876
0.795365	0.226122
1.008278	0.313309
1.201606	0.356902
1.390511	0.412500
1.605636	0.418186
1.798648	0.409341
2.000821	0.479154
2.197939	0.516745
2.396006	0.526538
2.598178	0.534435
2.805406	0.506953
2.991784	0.508532
3.190166	0.592244
3.403395	0.627940
3.590089	0.613093
3.802055	0.627624
3.998857	0.574870
4.188711	0.599510
4.400360	0.680063
4.594952	0.685117
4.788911	0.683222
5.009090	0.678484
5.198311	0.598562
5.401432	0.655423
5.596655	0.725236
5.791247	0.751771
5.999106	0.742926
6.206017	0.698701
6.393343	0.646894
6.598990	0.719550
6.804638	0.782097
6.986594	0.777043
7.204562	0.779886
7.392203	0.709441
7.600694	0.712916
7.800340	0.763143
7.998090	0.796628
8.193945	0.796944
8.408438	0.790310
8.599238	0.709757
8.802044	0.735029
9.003268	0.785256
9.186804	0.849699
9.396874	0.847172
9.601258	0.793785
9.798377	0.748296
9.991073	0.753351
9.802168	0.830429
9.589886	0.832009
9.400033	0.837379
9.190595	0.771357
8.994740	0.755246
8.800464	0.750824
8.595764	0.807369
8.395170	0.805789
8.192366	0.805473
7.999354	0.742610
7.792758	0.719866
7.606380	0.727131
7.391888	0.757773
7.195401	0.782097
6.997650	0.751455
6.796109	0.710389
6.604045	0.680379
6.402188	0.718918
6.194961	0.711968
6.000685	0.765355
5.795669	0.688908
5.587810	0.686065
5.399853	0.672166
5.203682	0.669954
5.002457	0.676588
4.793018	0.677852
4.603165	0.644999
4.380775	0.613093
4.204505	0.619727
3.995383	0.590033
3.796053	0.636154
3.602409	0.614041
3.396761	0.565709
3.190798	0.558443
2.995890	0.560971
2.804458	0.516113
2.606076	0.566657
2.402639	0.513270
2.194780	0.473468
1.999557	0.497792
1.803070	0.448828
1.590157	0.426715
1.399672	0.422608
1.197499	0.362588
0.989956	0.312993
0.805158	0.243812
0.593192	0.113979
0.385333	-0.002270
0.210327	-0.178833
-0.004481	-0.428674
-0.199679	-0.670618
-0.399931	-0.926776
-0.605868	-1.149138
-0.812121	-1.310540
-0.995949	-1.444146
-1.209782	-1.551537
-1.401506	-1.615024
-1.595756	-1.711991
-1.809906	-1.792850
-2.003840	-1.867391
-2.206935	-1.951409
-2.406239	-2.042375
-2.599858	-2.102703
-2.799794	-2.186089
-3.012048	-2.239784
-3.204088	-2.301376
-3.404971	-2.397711
-3.607750	-2.464988
-3.800421	-2.533844
-4.008569	-2.601121
-4.208505	-2.669346
-4.402440	-2.737255
-4.608693	-2.844014
-4.806102	-2.904026
-5.000669	-2.965302
-5.205342	-3.046792
-5.407489	-3.091959
-5.602687	-3.166817
-5.810204	-3.251150
-6.000664	-3.295054
-6.198073	-3.373386
-6.407169	-3.446664
-6.609000	-3.484251
-6.801040	-3.571743
-7.012346	-3.645337
-7.204070	-3.688293
-7.402111	-3.755254
-7.608364	-3.805475
-7.799140	-3.851590
-8.002866	-3.949821
-8.219858	-4.018677
-8.398632	-4.055948
-8.608675	-4.165549
-8.802609	-4.197451
-8.996545	-4.285574
-9.081825	-4.314949
-9.104567	-4.320318
-9.124782	-4.311474
-9.149734	-4.309263
-9.154788	-4.312737
-9.132362	-4.314001
-9.131099	-4.319686
-9.102987	-4.314317
-9.091932	-4.304841
-9.006021	-4.273571
-8.798504	-4.209769
-8.598252	-4.161443
-8.414425	-4.106800
-8.205645	-4.016150
-8.007920	-3.982669
-7.806089	-3.881596
-7.602047	-3.842114
-7.404006	-3.763150
-7.202491	-3.695558
-7.001923	-3.621648
-6.807357	-3.562899
-6.613106	-3.486462
-6.394851	-3.419501
-6.211339	-3.355066
-5.994663	-3.263469
-5.811783	-3.213879
-5.605846	-3.136495
-5.404646	-3.087222
-5.199657	-3.018997
-5.001616	-2.966565
-4.801996	-2.882232
-4.604903	-2.823167
-4.406546	-2.739150
-4.200609	-2.681980
-4.000673	-2.613756
-3.797894	-2.535424
-3.600801	-2.437825
-3.408762	-2.385077
-3.212932	-2.325381
-3.000362	-2.236941
-2.811481	-2.187352
-2.597331	-2.077119
-2.405292	-2.035426
-2.211041	-1.945092
-2.005104	-1.872445
-1.799483	-1.794113
-1.604600	-1.722098
-1.408771	-1.622288
-1.193674	-1.542693
-1.009846	-1.435618
-0.797276	-1.314330
-0.610290	-1.152928
-0.407196	-0.894559
-0.199995	-0.663985
-0.003218	-0.436570
0.192953	-0.202206
0.401759	0.005627
0.588138	0.113347
0.800419	0.240653
0.998169	0.290248
1.191181	0.373329
1.397461	0.431769
1.595527	0.432085
1.791066	0.425136
1.992607	0.462095
2.201098	0.492421
2.387792	0.533804
2.607023	0.559075
2.797508	0.511059
2.997154	0.542017
3.199327	0.561602
3.392023	0.589085
3.589458	0.628572
3.801423	0.638997
3.996015	0.602353
4.193449	0.629836
4.397202	0.621307
4.585791	0.650053
4.795545	0.711968
5.000245	0.684486
5.193257	0.659214
5.392903	0.673429
5.597287	0.681327
5.791879	0.710705
6.005108	0.745769
6.201910	0.697753
6.397449	0.688908
6.608783	0.722077
6.789475	0.736608
6.994175	0.765039
7.198560	0.773252
7.397573	0.741663
7.595640	0.749876
7.806658	0.765671
7.987666	0.744822
8.193314	0.791258
8.396434	0.789679
8.593868	0.760300
8.798253	0.774200
9.002953	0.783361
9.186488	0.768198
9.400981	0.825691
9.600626	0.795365
9.791427	0.770093
9.995496	0.821268
9.803432	0.798208
9.591465	0.778306
9.400981	0.811791
9.195017	0.789047
8.995055	0.791890
8.805834	0.812107
8.598923	0.747349
8.384746	0.759984
8.202475	0.790626
7.992088	0.740083
7.800972	0.763775
7.599747	0.760932
7.397258	0.727447
7.196664	0.749560
7.006179	0.737556
6.789791	0.696174
6.593936	0.751455
6.407242	0.733449
6.190222	0.701544
6.003528	0.712916
5.796933	0.687329
5.597919	0.684801
5.402064	0.710073
5.208104	0.685117
4.991400	0.644051
4.810076	0.664584
4.588950	0.634890
4.397517	0.669954
4.190922	0.638365
3.997910	0.623834
3.794158	0.599826
3.601146	0.589401
3.394866	0.559707
3.188586	0.591296
3.002524	0.581188
2.788663	0.545176
2.603233	0.523063
2.394742	0.487051
2.193833	0.491790
1.995135	0.500635
1.793909	0.476311
1.586050	0.415975
1.399988	0.393862
1.194972	0.326892
0.998801	0.295935
0.797576	0.213802
0.593192	0.119349
0.390071	-0.027223
0.199902	-0.197784
-0.001954	-0.436570
-0.211682	-0.690517
-0.394877	-0.930567
-0.615976	-1.163352
-0.800435	-1.302012
-1.005424	-1.436882
-1.204728	-1.540166
-1.401822	-1.637449
-1.594493	-1.703147
-1.801694	-1.811169
-2.001945	-1.861706
-2.198091	-1.960884
-2.408766	-2.017422
-2.594489	-2.085331
-2.805795	-2.178192
-3.008258	-2.232203
-3.203772	-2.299480
-3.405287	-2.380339
-3.610277	-2.447932
-3.792841	-2.506365
-4.011412	-2.610597
-4.198714	-2.648500
-4.404019	-2.755259
-4.615326	-2.814639
-4.797574	-2.869914
-5.003511	-2.941929
-5.205658	-3.036369
-5.402751	-3.096697
-5.602687	-3.184189
-5.815573	-3.229356
-5.993715	-3.293475
-6.206285	-3.370859
-6.407801	-3.425502
-6.602051	-3.489305
-6.802619	-3.567321
-7.014557	-3.636177
-7.201227	-3.672816
-7.408744	-3.758413
-7.605521	-3.808318
-7.799772	-3.921078
-8.012026	-3.992145
-8.208488	-4.027836
-8.403686	-4.104273
-8.600779	-4.145019
-8.802294	-4.213559
-9.000335	-4.292523
-9.085932	-4.312106
-9.108041	-4.312421
-9.132047	-4.312106
-9.136468	-4.320950
-9.119412	-4.337374
-9.119412	-4.337690
-9.111516	-4.332005
-9.099829	-4.322845
-9.080878	-4.311474
-9.001283	-4.289996
-8.795345	-4.242302
-8.607096	-4.200609
-8.407792	-4.106484
-8.204065	-4.036049
-8.005077	-3.974141
-7.809879	-3.912234
-7.598257	-3.861381
-7.407796	-3.797579
-7.205333	-3.697137
-7.002871	-3.627965
-6.812095	-3.564162
-6.607105	-3.483303
-6.401799	-3.447612
-6.209444	-3.384125
-6.000032	-3.288421
-5.806098	-3.229672
-5.612795	-3.142180
-5.395487	-3.077114
-5.207869	-3.055005
-5.011408	-2.967197
-4.793468	-2.879074
-4.609641	-2.819693
-4.405914	-2.729358
-4.200609	-2.682612
-4.010780	-2.631444
-3.801053	-2.528791
-3.592589	-2.457408
-3.415710	-2.402449
-3.207562	-2.284319
-2.999730	-2.250839
-2.810217	-2.157978
-2.596384	-2.073644
-2.405607	-2.004788
-2.211673	-1.916033
-1.992786	-1.834858
-1.799167	-1.790639
-1.614076	-1.709780
-1.393294	-1.607443
-1.208203	-1.548694
-0.996265	-1.432144
-0.804541	-1.332018
-0.609343	-1.144716
-0.409723	-0.910352
-0.193994	-0.662722
-0.005745	-0.440676
0.196112	-0.179780
0.398916	-0.011430
0.597930	0.127247
0.802946	0.237494
0.995326	0.320574
1.193709	0.364484
1.398093	0.418502
1.597423	0.433981
1.787276	0.435244
2.001137	0.498107
2.193517	0.472520
2.399480	0.507584
2.605444	0.511691
2.802563	0.527486
2.997470	0.547387
3.200907	0.586558
3.402132	0.572659
3.588194	0.589085
3.805846	0.617516
3.996646	0.611514
4.196924	0.651632
4.394358	0.662689
4.593688	0.643735
4.793334	0.655739
4.999298	0.679115
5.193889	0.654476
5.396694	0.716075
5.596655	0.690488
5.789035	0.697121
6.001633	0.686697
6.199383	0.695542
6.396818	0.718286
6.600886	0.774200
6.800216	0.756194
6.986594	0.718918
7.208353	0.737240
7.386201	0.729659
7.608907	0.791258
7.796865	0.788099
7.990193	0.782413
8.188575	0.760616
8.405910	0.749560
8.588814	0.747665
8.801096	0.831693
8.992845	0.809264
9.193122	0.817793
9.401612	0.760932
9.592097	0.752719
9.794271	0.805789
9.997391	0.857596
9.798693	0.854437
9.588306	0.791574
9.403192	0.761880
9.185225	0.730606
9.002321	0.809580
8.801412	0.815582
8.592289	0.807053
8.394223	0.785572
8.199632	0.725552
7.993352	0.709441
7.800656	0.780518
7.599431	0.786204
7.394414	0.786520
7.201719	0.743242
6.990069	0.670270
6.791055	0.687329
6.606572	0.752087
6.406926	0.765039
6.195592	0.738504
6.006371	0.715127
5.795985	0.622254
5.593812	0.682906
5.399853	0.719550
5.191362	0.714180
4.996455	0.695542
4.794598	0.635522
4.598427	0.592560
4.390883	0.611830
4.198503	0.656687
3.991592	0.641208
3.799528	0.645630
3.603989	0.571711
3.391707	0.522747
3.197432	0.565077
2.994943	0.584979
2.795613	0.568552
2.597231	0.552441
2.397269	0.475679
2.199203	0.455777
2.004296	0.484208
1.799911	0.465886
1.591105	0.440930
1.408201	0.397337
1.200658	0.324997
0.997222	0.280456
0.807369	0.227069
0.588769	0.109872
0.388176	0.004047
0.210011	-0.193046
-0.012062	-0.435307
-0.203470	-0.645666
-0.401826	-0.953940
-0.611238	-1.157982
-0.801698	-1.310856
-1.000371	-1.458676
-1.209782	-1.542693
-1.395505	-1.609654
-1.597967	-1.723362
-1.814012	-1.793481
-2.003209	-1.867076
-2.210725	-1.971623
-2.402133	-2.024055
-2.602385	-2.095438
-2.806743	-2.178192
-3.009521	-2.237573
-3.196823	-2.320327
-3.413499	-2.429928
-3.601117	-2.455197
-3.805475	-2.548374
-4.006359	-2.594805
-4.199346	-2.687034
-4.408441	-2.772946
-4.610272	-2.849699
-4.801680	-2.898972
-4.993404	-2.974777
-5.213554	-3.049951
-5.395487	-3.105541
-5.612795	-3.209773
-5.799465	-3.270102
-6.001296	-3.323481
-6.201863	-3.360436
-6.408116	-3.413184
-6.601736	-3.466247
-6.806725	-3.584061
-7.010767	-3.623227
-7.204070	-3.696505
-7.408744	-3.761887
-7.601099	-3.827585
-7.804510	-3.906549
-8.007604	-3.982985
-8.210698	-4.034153
-8.398316	-4.083111
-8.608044	-4.169655
-8.798504	-4.201241
-8.997492	-4.308000
-9.069191	-4.330425
-9.090353	-4.328530
-9.129519	-4.316528
-9.147207	-4.313369
-9.140259	-4.320002
-9.115937	-4.331373
-9.115306	-4.333899
-9.095091	-4.321581
-9.095723	-4.308947
-8.997808	-4.276098
-8.794397	-4.238827
-8.606149	-4.185132
-8.415689	-4.104589
-8.198696	-4.009833
-8.015500	-3.976352
-7.798193	-3.868646
-7.606153	-3.858539
-7.404322	-3.759676
-7.202491	-3.696821
-7.006345	-3.628281
-6.809252	-3.554371
-6.602999	-3.487409
-6.405274	-3.453929
-6.210707	-3.376229
-5.994347	-3.302634
-5.816205	-3.243254
-5.598266	-3.140917
-5.405594	-3.106805
-5.207237	-3.041423
-5.008249	-2.962775
-4.794732	-2.882232
-4.605219	-2.837065
-4.397070	-2.724305
-4.202188	-2.691140
-4.000041	-2.607754
-3.788419	-2.543004
-3.598274	-2.484571
-3.410341	-2.374970
-3.197771	-2.318116
-2.998466	-2.247049
-2.804532	-2.166821
-2.593857	-2.084068
-2.407503	-2.027530
-2.204724	-1.934668
-2.002577	-1.873077
-1.806116	-1.797272
-1.606811	-1.697462
-1.402453	-1.617866
-1.203465	-1.539534
-1.002266	-1.424563
-0.805804	-1.319384
-0.615028	-1.143453
-0.401826	-0.918248
-0.201574	-0.693044
-0.003849	-0.429937
0.197691	-0.191151
0.398600	-0.011746
0.590033	0.114927
0.802946	0.257395
0.989640	0.310150
1.190866	0.374592
1.404095	0.401759
1.594580	0.397337
1.791382	0.439351
1.998925	0.493053
2.199835	0.509480
2.395690	0.531908
2.604812	0.502530
2.793718	0.487683
2.993363	0.574238
3.204381	0.614041
3.385389	0.608355
3.596723	0.621938
3.804582	0.574554
3.996015	0.575502
4.206085	0.658898
4.394674	0.672797
4.585159	0.697753
4.802179	0.689540
4.999613	0.625413
5.194205	0.630468
5.398589	0.710073
5.593181	0.732818
5.794722	0.745769
6.006371	0.698069
6.196540	0.647526
6.392395	0.699333
6.610995	0.768198
6.786001	0.765355
6.998282	0.797260
7.198875	0.734081
7.396310	0.687329
7.599747	0.751771
7.802235	0.792206
7.985138	0.806105
8.202159	0.806421
8.396750	0.732818
8.591658	0.709757
8.809941	0.769461
8.994740	0.829481
9.194069	0.840222
9.397821	0.812739
9.595256	0.748612
9.792690	0.741979
10.004340	0.821584
9.795218	0.837063
9.593045	0.864230
9.394031	0.800103
9.193753	0.742610
8.999794	0.743874
8.804570	0.800735
8.592605	0.821900
8.394539	0.821900
8.201842	0.780834
7.986402	0.722393
7.800656	0.741031
7.595640	0.765355
7.395046	0.782097
7.201719	0.770093
6.999230	0.710705
6.788528	0.680379
6.606572	0.721445
6.401556	0.720814
6.192750	0.764723
6.002264	0.727447
5.792194	0.672166
5.594444	0.679747
5.392587	0.678799
5.192941	0.690488
4.997718	0.695226
4.811340	0.678484
4.594004	0.609303
4.399729	0.640576
4.190606	0.611830
4.001069	0.638997
3.801107	0.644367
3.601777	0.598562
3.394550	0.565077
3.203434	0.578029
2.998102	0.550230
2.794665	0.572027
2.599758	0.538858
2.388424	0.505373
2.201730	0.503478
1.996714	0.468729
1.794857	0.440930
1.585103	0.435244
1.405990	0.415975
1.190234	0.337317
1.002592	0.323417
0.793785	0.201798
0.592244	0.129458
0.399232	-0.007640
0.201482	-0.205996
0.000888	-0.424884
-0.205996	-0.663670
-0.400247	-0.922986
-0.610606	-1.140610
-0.798855	-1.316225
-1.009530	-1.445726
-1.203465	-1.529427
-1.403401	-1.622288
-1.602389	-1.703779
-1.812117	-1.784637
-2.003209	-1.850651
-2.208199	-1.970360
-2.398975	-2.018370
-2.603333	-2.114706
-2.813692	-2.180719
-3.001941	-2.243574
-3.206615	-2.338646
-3.405919	-2.411925
-3.604276	-2.484255
-3.796947	-2.542688
-4.009833	-2.610597
-4.197134	-2.670925
-4.407178	-2.776421
-4.612484	-2.826957
-4.797258	-2.889497
-5.001616	-2.968776
-5.208501	-3.041107
-5.401804	-3.095118
-5.605846	-3.192401
-5.809256	-3.232831
-5.997506	-3.314005
-6.208497	-3.376544
-6.402431	-3.405603
-6.603946	-3.486462
-6.805778	-3.582798
-7.005713	-3.625122
-7.204070	-3.684819
-7.410323	-3.746726
-7.597940	-3.795999
-7.806089	-3.913813
-8.013289	-3.960244
-8.199960	-4.001936
-8.403370	-4.075847
-8.608991	-4.121961
-8.797240	-4.178499
-9.002546	-4.269149
-9.090353	-4.299156
-9.111199	-4.307683
-9.135837	-4.309263
-9.142154	-4.311158
-9.140259	-4.314632
-9.144049	-4.314632
-9.124150	-4.313685
-9.117517	-4.305789
-9.100461	-4.295365
-8.997808	-4.247040
-8.801031	-4.218613
-8.610887	-4.163023
-8.405896	-4.070161
-8.206593	-4.033838
-8.008867	-3.953295
-7.801667	-3.900863
-7.605205	-3.833586
-7.406848	-3.759360
-7.201859	-3.685766
-7.004450	-3.629228
-6.811463	-3.550580
-6.597629	-3.483935
-6.409380	-3.438136
-6.198389	-3.356330
-6.006665	-3.303582
-5.808940	-3.229356
-5.607425	-3.152604
-5.400540	-3.090380
-5.203447	-3.034790
-5.005406	-2.947930
-4.795995	-2.886338
-4.610272	-2.819061
-4.399282	-2.749257
-4.210401	-2.686402
-4.006990	-2.609334
-3.799158	-2.518683
-3.594800	-2.460566
-3.411920	-2.402449
-3.200613	-2.302639
-3.003520	-2.256524
-2.802637	-2.138710
-2.595752	-2.085963
-2.404976	-2.004156
-2.206619	-1.926140
-2.000682	-1.847493
-1.804536	-1.782111
-1.612497	-1.689249
-1.392346	-1.603969
-1.210730	-1.538903
-0.995633	-1.431196
-0.804541	-1.334229
-0.603026	-1.125765
-0.399931	-0.899929
-0.199048	-0.691781
-0.010167	-0.451731
0.202114	-0.169673
0.394178	-0.029434
0.590665	0.145884
0.800419	0.228333
0.987429	0.318995
1.196552	0.392598
1.399040	0.413763
1.595527	0.407446
1.786328	0.428611
2.003980	0.475679
2.189410	0.493053
2.406430	0.549598
2.589017	0.510427
2.801931	0.535699
3.005367	0.541385
3.199959	0.575818
3.391707	0.612146
3.593880	0.638681
3.797948	0.589401
3.995067	0.616884
4.197872	0.596351
4.390252	0.643735
4.598111	0.692699
4.797441	0.685117
5.004352	0.650685
5.198311	0.644683
5.409014	0.668691
5.589390	0.691119
5.802303	0.746085
5.998474	0.701860
6.196856	0.700596
6.400924	0.703439
6.601518	0.737556
6.796425	0.738188
6.994807	0.783677
7.198244	0.751455
7.391572	0.743874
7.605749	0.747349
7.794338	0.739767
7.993984	0.786520
8.193629	0.799156
8.397066	0.783993
8.591658	0.749244
8.801412	0.791890
8.998215	0.745453
9.200387	0.817162
9.406035	0.798524
9.594940	0.767250
9.802168	0.802314
10.002130	0.801683
9.797113	0.801999
9.593992	0.818425
9.396242	0.793154
9.184277	0.781150
9.007059	0.813055
8.793199	0.763143
8.588814	0.775147
8.398330	0.795365
8.198051	0.760616
7.990509	0.753351
7.799077	0.776727
7.593112	0.723657
7.396310	0.756194
7.202666	0.751139
6.989437	0.710073
6.789159	0.742294
6.607520	0.744822
6.390816	0.707862
6.200963	0.715443
6.005108	0.701860
5.790931	0.680379
5.604237	0.737240
5.395430	0.702492
5.192626	0.660162
5.005615	0.680379
4.797757	0.640260
4.593688	0.650053
4.397202	0.656371
4.193133	0.627309
3.998857	0.611830
3.803003	0.608987
3.597039	0.570447
3.394234	0.598878
3.201538	0.593508
2.990836	0.562866
2.802247	0.527486
2.599442	0.524643
2.386213	0.498423
2.198571	0.510743
1.995766	0.494633
1.787907	0.452934
1.597423	0.422608
1.399356	0.382806
1.194024	0.363536
0.996906	0.314572
0.795681	0.226122
0.590981	0.119665
0.395757	-0.009219
0.204009	-0.204101
-0.010798	-0.432464
-0.196837	-0.667460
-0.407512	-0.952045
-0.604605	-1.139978
-0.803593	-1.312119
-1.003213	-1.448568
-1.204728	-1.532270
-1.396452	-1.620709
-1.603653	-1.727784
-1.810853	-1.784637
-2.000682	-1.875604
-2.215463	-1.959305
-2.397395	-2.019633
-2.601437	-2.109968
-2.806111	-2.175981
-3.006047	-2.233151
-3.194928	-2.316221
-3.412552	-2.395816
-3.593537	-2.422664
-3.807054	-2.537635
-4.001621	-2.573958
-4.200293	-2.655764
-4.409073	-2.730622
-4.609009	-2.790950
-4.795363	-2.856016
-5.001616	-2.953299
-5.209764	-3.026578
-5.400540	-3.106173
-5.615322	-3.178819
-5.799465	-3.235042
-6.005402	-3.311162
-6.203443	-3.367069
-6.404010	-3.430871
-6.596366	-3.494990
-6.813990	-3.573006
-7.002239	-3.595116
-7.209440	-3.684819
-7.397689	-3.726195
-7.597309	-3.821268
-7.807984	-3.897073
-8.004445	-3.953927
-8.205645	-4.019940
-8.405581	-4.085006
-8.604569	-4.156074
-8.796293	-4.224614
-9.006336	-4.305789
-9.083405	-4.307052
-9.121307	-4.303577
-9.138995	-4.298208
-9.147839	-4.307052
-9.147523	-4.318738
-9.139942	-4.315580
-9.130783	-4.309895
-9.124466	-4.298840
-9.100145	-4.291891
-8.997808	-4.266307
-8.798188	-4.228404
-8.605832	-4.151020
-8.408423	-4.080268
-8.201222	-4.010780
-8.011079	-3.965297
-7.801667	-3.895494
-7.610259	-3.863592
-7.398321	-3.761255
-7.204702	-3.702190
-7.002555	-3.627649
-6.806725	-3.563215
-6.602051	-3.502886
-6.407485	-3.456456
-6.204391	-3.351276
-5.999085	-3.292527
-5.816205	-3.201245
-5.596370	-3.135863
-5.404963	-3.118491
-5.209133	-3.040159
-5.005091	-2.958985
-4.797258	-2.887602
-4.614378	-2.838012
-4.396123	-2.748626
-4.210084	-2.725568
-4.004463	-2.608070
-3.795999	-2.550585
-3.610909	-2.470989
-3.406235	-2.383498
-3.199350	-2.332645
-3.006363	-2.266000
-2.806743	-2.165242
-2.598911	-2.095123
-2.413188	-2.014580
-2.198091	-1.923613
-2.007947	-1.880341
-1.813380	-1.799483
-1.592598	-1.705042
-1.401506	-1.621657
-1.206308	-1.534165
-0.995317	-1.437513
-0.807699	-1.341178
-0.608079	-1.135872
-0.394246	-0.914458
-0.210102	-0.690201
-0.005745	-0.418882
0.205273	-0.192099
0.391335	-0.007008
0.594771	0.146832
0.799156	0.244444
0.991852	0.298146
1.195288	0.384385
1.406306	0.405550
1.585103	0.411868
1.799595	0.462727
1.996082	0.467150
2.191621	0.493685
2.397901	0.514534
2.596915	0.514534
2.795929	0.537910
3.002840	0.568868
3.197116	0.570447
3.392971	0.577397
3.596723	0.617200
3.794473	0.613409
3.997594	0.630783
4.199767	0.659530
4.386461	0.629204
4.591793	0.653844
4.802179	0.667743
4.994243	0.650053
5.193257	0.682274
5.399221	0.699964
5.590969	0.673429
5.800408	0.694594
5.996579	0.691751
6.188959	0.693015
6.404715	0.758089
6.609415	0.747349
6.782842	0.699964
7.003021	0.741031
7.190662	0.720182
7.395046	0.764091
7.604169	0.783361
7.804131	0.764091
7.992404	0.753667
8.202790	0.774832
8.393275	0.751139
8.591341	0.805789
8.803623	0.813687
8.993476	0.803894
9.200387	0.777991
9.394031	0.747980
9.592413	0.769461
9.796798	0.826322
10.006867	0.862966
9.783529	0.810844
9.604101	0.783677
9.384554	0.738820
9.196596	0.800103
8.997582	0.820636
8.795726	0.819373
8.593868	0.777991
8.398645	0.751771
8.197420	0.706914
7.987666	0.768198
7.801919	0.795365
7.595324	0.789679
7.398521	0.758721
7.194769	0.694594
6.997018	0.682590
6.798320	0.735345
6.604677	0.773568
6.394607	0.741347
6.206649	0.720814
5.991209	0.658266
5.794090	0.685433
5.598551	0.706282
5.393851	0.726184
5.196732	0.700280
4.994243	0.664584
4.802179	0.602669
4.586739	0.604880
4.401940	0.668059
4.187447	0.659846
4.002017	0.649737
3.803003	0.590033
3.596407	0.542649
3.392655	0.554337
3.196484	0.617516
2.993363	0.576765
2.799720	0.577397
2.600390	0.505373
2.389688	0.484840
2.201098	0.494001
1.992607	0.491474
1.791066	0.471572
1.586682	0.440930
1.411360	0.380279
1.187707	0.322154
1.005119	0.316468
0.786204	0.214118
0.596667	0.150307
0.397969	-0.010798
0.198955	-0.200627
-0.009851	-0.422041
-0.199363	-0.664617
-0.407196	-0.956467
-0.603026	-1.141558
-0.798855	-1.334861
-1.007635	-1.428985
-1.194937	-1.509212
-1.401822	-1.620077
-1.602074	-1.705674
-1.805484	-1.783374
-2.001630	-1.877815
-2.217358	-1.958989
-2.391710	-2.012369
-2.610913	-2.118496
-2.805795	-2.156714
-2.998782	-2.259367
-3.211037	-2.349385
-3.410657	-2.403397
-3.599538	-2.460882
-3.806107	-2.546479
-4.005727	-2.597647
-4.204083	-2.697773
-4.413179	-2.782422
-4.603323	-2.819377
-4.794100	-2.889497
-5.009512	-2.954563
-5.200921	-3.024683
-5.408753	-3.112490
-5.609636	-3.193349
-5.803571	-3.231567
-6.004455	-3.300739
-6.207233	-3.347802
-6.400220	-3.417606
-6.601419	-3.511414
-6.810515	-3.571111
-7.006029	-3.628281
-7.208176	-3.703138
-7.406533	-3.756202
-7.596045	-3.828217
-7.811142	-3.935291
-8.008236	-3.972878
-8.197748	-4.033522
-8.413161	-4.119434
-8.602674	-4.166497
-8.804505	-4.255568
-8.997492	-4.327899
-9.061610	-4.341480
-9.085299	-4.335163
-9.120992	-4.325687
-9.118780	-4.331688
-9.114358	-4.341796
-9.117517	-4.341164
-9.108673	-4.333899
-9.103620	-4.321265
-9.084668	-4.311474
-8.993702	-4.282731
-8.807347	-4.261569
-8.611202	-4.180079
-8.401158	-4.085954
-8.208488	-4.048683
-8.010131	-3.953927
-7.801351	-3.912550
-7.607100	-3.857275
-7.399584	-3.771047
-7.202175	-3.708823
-7.015505	-3.654181
-6.810515	-3.550580
-6.595734	-3.507940
-6.414433	-3.457403
-6.195547	-3.366437
-6.006665	-3.310531
-5.800728	-3.232199
-5.602687	-3.163027
-5.404646	-3.110595
-5.214502	-3.038896
-4.993720	-2.950141
-4.799785	-2.906869
-4.612167	-2.800110
-4.400545	-2.759365
-4.209137	-2.684823
-4.005727	-2.607439
-3.795368	-2.540162
-3.604276	-2.461514
-3.412868	-2.377181
-3.196507	-2.311483
-3.012048	-2.256524
-2.796635	-2.163031
-2.606807	-2.098281
-2.400554	-2.006367
-2.206303	-1.933089
-2.002893	-1.866760
-1.807379	-1.798535
-1.603653	-1.692408
-1.398347	-1.632080
-1.205676	-1.526900
-0.995001	-1.439093
-0.812753	-1.321595
-0.600815	-1.146611
-0.407196	-0.930567
-0.199048	-0.684200
-0.012693	-0.431832
0.205589	-0.172516
0.391335	-0.034172
0.596035	0.156309
0.795997	0.234967
0.988693	0.311413
1.202870	0.355007
1.403779	0.381226
1.590789	0.404287
1.793909	0.472204
2.001137	0.501582
2.185935	0.500003
2.406430	0.497160
2.590597	0.485156
2.798140	0.545808
3.005051	0.581820
3.195536	0.600142
3.389180	0.590349
3.604620	0.593192
3.792894	0.550546
4.004228	0.641524
4.194396	0.650369
4.388988	0.688276
4.595583	0.683538
4.801547	0.622254
4.993296	0.615936
5.197680	0.689540
5.401116	0.728711
5.586231	0.729975
5.804514	0.728711
5.989629	0.635838
6.196540	0.673429
6.406926	0.740083
6.597095	0.768830
6.792950	0.765671
7.000809	0.746717
7.192873	0.675009
7.400417	0.728395
7.598483	0.771041
7.793074	0.806105
7.997775	0.811475
8.196157	0.750508
8.396434	0.693647
8.600186	0.734081
8.803623	0.815898
8.992845	0.834852
9.199756	0.830113
9.393084	0.753035
9.590834	0.736924
9.799008	0.790310
9.996127	0.845592
9.797745	0.844013
9.594940	0.821268
9.397821	0.755246
9.188067	0.741347
9.007376	0.777359
8.790039	0.819373
8.594501	0.831377
8.395802	0.777991
8.192366	0.723657
7.993668	0.713864
7.804762	0.758089
7.596903	0.777043
7.401364	0.811791
7.193821	0.728711
6.991964	0.681327
6.792950	0.713548
6.605940	0.734081
6.392079	0.749244
6.200647	0.746085
6.000053	0.696490
5.787140	0.680063
5.602026	0.681011
5.394166	0.672797
5.190730	0.712284
5.003404	0.687645
4.796493	0.623834
4.596847	0.624150
4.397202	0.631731
4.188395	0.639944
3.999805	0.662057
3.808373	0.615305
3.590089	0.557812
3.393602	0.583083
3.202802	0.559075
2.984834	0.570132
2.805090	0.570763
2.592492	0.523379
2.392215	0.508848
2.203941	0.497160
1.993239	0.451671
1.786328	0.461780
1.600897	0.453566
1.395250	0.378383
1.198131	0.369538
0.996274	0.295303
0.793469	0.220436
0.594455	0.129142
0.402391	-0.013641
0.195796	-0.208523
-0.003534	-0.422357
-0.196837	-0.660195
-0.409723	-0.922670
-0.602394	-1.134609
-0.806120	-1.316857
-1.005740	-1.443515
-1.201570	-1.540166
-1.396452	-1.636502
-1.608075	-1.726520
-1.800746	-1.790007
-2.006999	-1.900872
-2.207883	-1.955199
-2.399291	-2.049008
-2.604280	-2.113126
-2.805164	-2.177245
-3.006047	-2.253366
-3.205351	-2.346543
-3.417290	-2.415715
-3.594484	-2.449195
-3.811476	-2.541109
-4.000357	-2.586592
-4.204399	-2.686718
-4.410652	-2.760944
-4.607746	-2.821904
-4.794732	-2.880653
-5.006670	-2.962143
-5.208817	-3.007310
-5.399593	-3.098908
-5.606162	-3.165238
-5.802308	-3.224618
-6.002559	-3.304846
-6.200284	-3.369280
-6.398957	-3.430240
-6.600472	-3.501623
-6.817464	-3.584377
-6.995606	-3.623543
-7.217336	-3.708508
-7.395478	-3.730933
-7.603310	-3.847168
-7.809879	-3.912234
-8.002866	-3.974773
-8.197748	-4.035417
-8.407475	-4.108696
-8.609623	-4.150388
-8.796293	-4.242302
-9.005073	-4.308631
-9.066665	-4.324424
-9.101408	-4.327267
-9.115306	-4.331057
-9.119096	-4.333584
-9.122887	-4.336426
-9.126677	-4.331688
-9.115306	-4.320634
-9.119728	-4.309263
-9.085932	-4.302630
-9.000019	-4.287469
-8.808611	-4.230615
-8.599832	-4.149756
-8.407475	-4.091007
-8.205645	-4.034153
-8.008552	-3.958980
-7.799140	-3.909707
-7.610891	-3.849379
-7.391687	-3.771047
-7.211967	-3.709455
-7.009503	-3.617857
-6.801672	-3.538894
-6.606473	-3.484251
-6.407801	-3.414447
-6.198389	-3.330745
-6.005086	-3.289369
-5.806098	-3.197771
-5.602056	-3.158289
-5.408437	-3.100487
-5.207237	-3.018681
-5.001616	-2.949193
-4.800101	-2.893603
-4.610904	-2.816850
-4.405914	-2.752732
-4.211032	-2.691772
-3.992145	-2.599226
-3.797263	-2.544584
-3.606802	-2.449827
-3.405287	-2.373706
-3.198087	-2.321274
-3.003204	-2.251471
-2.799794	-2.153556
-2.596068	-2.085015
-2.406555	-1.995628
-2.197144	-1.922034
-2.009842	-1.868339
-1.808642	-1.769792
-1.598283	-1.673141
-1.402769	-1.603653
-1.207571	-1.522478
-0.994685	-1.424563
-0.811805	-1.326017
-0.603657	-1.115342
-0.390771	-0.939411
-0.212313	-0.702204
-0.003849	-0.416987
0.204957	-0.202522
0.389755	-0.023117
0.599510	0.129458
0.797892	0.218540
0.991852	0.326260
1.206028	0.380910
1.396197	0.377435
1.584471	0.403023
1.801807	0.453882
1.990712	0.472204
2.202046	0.521800
2.403903	0.510111
2.596599	0.493685
2.795613	0.520536
3.003156	0.552126
3.186691	0.573290
3.392971	0.631731
3.604620	0.589401
3.791946	0.590665
4.003596	0.590981
4.194081	0.632995
4.389620	0.670270
4.598427	0.697753
4.803442	0.648789
4.988873	0.626045
5.206841	0.671850
5.386269	0.696174
5.596971	0.728079
5.790615	0.720814
5.996894	0.689540
6.197172	0.674693
6.405663	0.705335
6.604045	0.725868
6.788212	0.776727
7.002073	0.760616
7.189399	0.717970
7.399785	0.733449
7.600062	0.748296
7.795601	0.763143
7.990509	0.802946
8.201211	0.789047
8.390748	0.738504
8.597028	0.796628
8.798569	0.761248
8.998846	0.792838
9.199756	0.814318
9.397821	0.772304
9.591149	0.776411
9.800588	0.808001
10.000549	0.785888
9.784793	0.823479
9.604733	0.834536
9.385502	0.775463
9.199440	0.794417
8.996951	0.771357
8.791303	0.769777
8.594185	0.799471
8.405910	0.785256
8.187628	0.737872
7.997458	0.774200
7.801603	0.744190
7.602590	0.747033
7.400101	0.767566
7.194769	0.746401
6.990385	0.738504
6.799900	0.759353
6.602781	0.731554
6.385446	0.720814
6.208544	0.740399
5.984259	0.694278
5.803883	0.717655
5.592865	0.694910
5.389428	0.671534
5.196100	0.670270
4.996455	0.674061
4.793650	0.633942
4.597479	0.674061
4.395622	0.640892
4.189974	0.636154
4.003596	0.610882
3.797317	0.599510
3.598303	0.607407
3.394234	0.614673
3.200907	0.582136
2.988309	0.541069
2.805406	0.548335
2.591861	0.511059
2.402008	0.525274
2.199203	0.503794
1.990080	0.483576
1.793594	0.443458
1.592368	0.420397
1.398409	0.389755
1.193393	0.371433
0.996906	0.298462
0.790310	0.216645
0.598878	0.119981
0.396705	-0.039857
0.199902	-0.196837
-0.006376	-0.437202
-0.199048	-0.683568
-0.411618	-0.942885
-0.599551	-1.118184
-0.811805	-1.331386
-1.002898	-1.427090
-1.194621	-1.533217
-1.407191	-1.636186
-1.606180	-1.708832
-1.804852	-1.781163
-2.004472	-1.881289
-2.217042	-1.952672
-2.396132	-2.025950
-2.612176	-2.106493
-2.800426	-2.151660
-2.994360	-2.258103
-3.215775	-2.335172
-3.404340	-2.382234
-3.600485	-2.465620
-3.814635	-2.540793
-3.998462	-2.591962
-4.209137	-2.700616
-4.410652	-2.745151
-4.593848	-2.823167
-4.800417	-2.904342
-5.010776	-2.946666
-5.203763	-3.019629
-5.401804	-3.102383
-5.603319	-3.151656
-5.795990	-3.223987
-6.009192	-3.282104
-6.201232	-3.321586
-6.392955	-3.404340
-6.611211	-3.488673
-6.803566	-3.526891
-7.003818	-3.611856
-7.212914	-3.671869
-7.399268	-3.737566
-7.602678	-3.840851
-7.810827	-3.876226
-8.000340	-3.947294
-8.202170	-4.029732
-8.408739	-4.097956
-8.599832	-4.152915
-8.807032	-4.242618
-8.997492	-4.295050
-9.075192	-4.320634
-9.110884	-4.321265
-9.117201	-4.328530
-9.113095	-4.336426
-9.130783	-4.335479
-9.132678	-4.321265
-9.131099	-4.310842
-9.120044	-4.306105
-9.084668	-4.308631
-8.998124	-4.294102
-8.809243	-4.234406
-8.602358	-4.142807
-8.397684	-4.084059
-8.210067	-4.036681
-8.000024	-3.961823
-7.806089	-3.922973
-7.602678	-3.846220
-7.397373	-3.758413
-7.211019	-3.698400
-7.011399	-3.630176
-6.802935	-3.552791
-6.602999	-3.518047
-6.410644	-3.417921
-6.197757	-3.345591
-6.006981	-3.286526
-5.803887	-3.218933
-5.606162	-3.174397
-5.409384	-3.115017
-5.208185	-3.020892
-4.993088	-2.933400
-4.807682	-2.893287
-4.601429	-2.785897
-4.406230	-2.771367
-4.209453	-2.677874
-4.000041	-2.595752
-3.803264	-2.521526
-3.610909	-2.442878
-3.404024	-2.363283
-3.204720	-2.335804
-3.012996	-2.243258
-2.794740	-2.173139
-2.615651	-2.100808
-2.397711	-2.008262
-2.208830	-1.962779
-2.009210	-1.887290
-1.807063	-1.801694
-1.597020	-1.701884
-1.410034	-1.641240
-1.195885	-1.521215
-1.005740	-1.470046
-0.806752	-1.306434
-0.596077	-1.147875
-0.408143	-0.922670
-0.206628	-0.678199
-0.002902	-0.414460
0.204009	-0.184834
0.386596	0.000573
0.605828	0.143357
0.790310	0.228649
1.008910	0.318363
1.197183	0.360693
1.397145	0.401759
1.594264	0.425452
1.796752	0.464938
1.995766	0.458305
2.198887	0.520536
2.399164	0.511059
2.597231	0.533172
2.803826	0.548967
2.992100	0.550230
3.196168	0.567288
3.392023	0.590665
3.603041	0.603301
3.790051	0.607723
4.008335	0.643735
4.188395	0.627940
4.393411	0.648474
4.601270	0.657950
4.798072	0.653844
4.994559	0.657634
5.202102	0.697121
5.392587	0.671534
5.592549	0.699964
5.799460	0.685749
5.987733	0.699333
6.210124	0.725552
6.403451	0.735029
6.598359	0.717023
6.792318	0.725552
7.002073	0.745453
7.189714	0.736924
7.403575	0.789995
7.592165	0.763459
7.793074	0.761564
8.001565	0.760616
8.196157	0.743558
8.389484	0.772936
8.597028	0.804842
8.801727	0.789047
8.996003	0.795997
9.196280	0.764723
9.386133	0.763143
9.605049	0.821900
9.799324	0.832640
9.992021	0.813687
9.800272	0.785888
9.598731	0.771989
9.382975	0.768830
9.200071	0.826638
8.995687	0.807053
8.792566	0.799156
8.604609	0.772620
8.392643	0.730922
8.191418	0.760616
7.999038	0.782097
7.795601	0.796944
7.599115	0.769145
7.400733	0.712284
7.194453	0.678799
6.990069	0.748612
6.801164	0.775779
6.595516	0.753667
6.401240	0.741663
6.198751	0.676904
5.989945	0.667427
5.797565	0.718602
5.602341	0.727447
5.387217	0.712284
5.205261	0.693962
4.996139	0.618779
4.792702	0.623518
4.600954	0.657634
4.395306	0.669954
4.191554	0.655423
4.005176	0.619727
3.792578	0.543596
3.590089	0.572975
3.403711	0.611514
3.190166	0.604564
2.994627	0.594140
2.803826	0.531276
2.597231	0.482944
2.403903	0.497160
2.199519	0.512955
1.988817	0.482629
1.792646	0.475363
1.609427	0.416291
1.397777	0.342687
1.206660	0.348689
0.995642	0.296566
0.788731	0.238126
0.605828	0.128510
0.392283	-0.038593
0.195164	-0.209787
0.004047	-0.416987
-0.204101	-0.713575
-0.406248	-0.925197
-0.604605	-1.155771
-0.811805	-1.312119
-0.998160	-1.418878
-1.197464	-1.537007
-1.406560	-1.630500
-1.611549	-1.699988
-1.793481	-1.787164
-2.015211	-1.892028
-2.199039	-1.929931
-2.405923	-2.031004
-2.605543	-2.080909
-2.798531	-2.168717
-3.003836	-2.263157
-3.214827	-2.331066
-3.398970	-2.382866
-3.597011	-2.480781
-3.802316	-2.519947
-3.998462	-2.619757
-4.208821	-2.680085
-4.398650	-2.739782
-4.607430	-2.811796
-4.800101	-2.878758
-5.000669	-2.948246
-5.194287	-3.027841
-5.408753	-3.122282
-5.592896	-3.171555
-5.808625	-3.253677
-5.992136	-3.300108
-6.193967	-3.390442
-6.403378	-3.456456
-6.605525	-3.538894
-6.806725	-3.567952
-7.003502	-3.635861
-7.214493	-3.690504
-7.395478	-3.775153
-7.606153	-3.865171
-7.801667	-3.916024
-8.002866	-3.970983
-8.207856	-4.024678
-8.410951	-4.088165
-8.593830	-4.155126
-8.808295	-4.258726
-8.991491	-4.307683
-9.063822	-4.336111
-9.097302	-4.332636
-9.108989	-4.336111
-9.102987	-4.350324
-9.108673	-4.356957
-9.115937	-4.344323
-9.111199	-4.326951
-9.115622	-4.317791
-9.075192	-4.313685
-9.005704	-4.314001
-8.803557	-4.229352
-8.594778	-4.160811
-8.405896	-4.086901
-8.212594	-4.025941
-8.001919	-3.951400
-7.807984	-3.947609
-7.603942	-3.830112
-7.401163	-3.795999
-7.211019	-3.714193
-6.998449	-3.625754
-6.802303	-3.586272
-6.608684	-3.524996
-6.403695	-3.440347
-6.195862	-3.371491
-6.005402	-3.294422
-5.793779	-3.211353
-5.609004	-3.182610
-5.401488	-3.099540
-5.191761	-3.025630
-5.008249	-2.964986
-4.805470	-2.867387
-4.603008	-2.812112
-4.408125	-2.771367
-4.202820	-2.674084
-4.000673	-2.622916
-3.809897	-2.536687
-3.596379	-2.426138
-3.402129	-2.380339
-3.210721	-2.311483
-3.001625	-2.234730
-2.802953	-2.169348
-2.607754	-2.096070
-2.394868	-2.006052
-2.207883	-1.962464
-2.013948	-1.870550
-1.801062	-1.776109
-1.598915	-1.721782
-1.398979	-1.618182
-1.199043	-1.536692
-0.999107	-1.431512
-0.812437	-1.315278
-0.599867	-1.150086
-0.404353	-0.948255
-0.209471	-0.664617
0.005311	-0.409407
0.195480	-0.197784
0.395757	-0.002270
0.596351	0.139566
0.792838	0.227385
0.996906	0.310150
1.200974	0.340792
1.388300	0.379015
1.594580	0.443773
1.797384	0.471888
1.990712	0.485156
2.201414	0.484524
2.396953	0.475995
2.597862	0.515166
2.809828	0.560339
2.990836	0.571079
3.186059	0.574238
3.404659	0.583083
3.593564	0.544544
3.798896	0.610250
4.002648	0.640892
4.190922	0.665848
4.395306	0.670902
4.600638	0.624150
4.789227	0.593192
4.998034	0.679747
5.208104	0.706282
5.384690	0.725868
5.602657	0.712916
5.792194	0.651632
5.997211	0.654160
6.206649	0.741031
6.402188	0.757457
6.590777	0.764723
6.802111	0.765039
6.991016	0.675009
7.201403	0.708178
7.397573	0.749876
7.595324	0.811791
7.804131	0.808632
7.999354	0.767566
8.197736	0.692383
8.394539	0.730290
8.604925	0.790942
8.791303	0.826322
9.004848	0.822532
9.189015	0.770409
9.395294	0.733133
9.597152	0.759669
9.796481	0.824743
9.994864	0.845908
9.801220	0.849699
9.591149	0.757457
9.396874	0.747980
9.199123	0.748612
8.996634	0.833588
8.795726	0.847803
8.597659	0.816846
8.397382	0.741347
8.187943	0.723025
8.003144	0.756826
7.790863	0.790942
7.607328	0.803894
7.392519	0.742926
7.195085	0.715127
6.997334	0.688276
6.797373	0.736608
6.598675	0.753035
6.397766	0.783045
6.200015	0.705019
5.995631	0.696174
5.801671	0.662373
5.592233	0.687329
5.395430	0.729027
5.207788	0.716391
4.998981	0.667743
4.793966	0.617832
4.601270	0.641840
4.384565	0.623518
4.201662	0.671534
3.998542	0.615305
3.793842	0.599510
3.601777	0.582451
3.398657	0.572659
3.189534	0.567604
2.993363	0.601405
2.802247	0.536963
2.592176	0.531592
2.408641	0.492105
2.191621	0.466202
1.991344	0.502846
1.799595	0.478206
1.593316	0.427031
1.390827	0.400180
1.205713	0.367327
0.987113	0.285194
0.801051	0.253920
0.595087	0.118717
0.382806	-0.008587
0.202114	-0.175674
0.001836	-0.428358
-0.206944	-0.682937
-0.401826	-0.925829
-0.603657	-1.162720
-0.811805	-1.310856
-0.996896	-1.442251
-1.206624	-1.557222
-1.409718	-1.612813
-1.592914	-1.701252
-1.807063	-1.811485
-2.006683	-1.880341
-2.202829	-1.950461
-2.406871	-2.038269
-2.600490	-2.089121
-2.796951	-2.193669
-3.012680	-2.269790
-3.199666	-2.330434
-3.399918	-2.406239
-3.600485	-2.458671
-3.804212	-2.514893
-4.005095	-2.595120
-4.209453	-2.676295
-4.403072	-2.735676
-4.606482	-2.821588
-4.808629	-2.882864
-5.002248	-2.926136
-5.198393	-3.041423
-5.406857	-3.099856
-5.603951	-3.176924
-5.810520	-3.255888
-6.004138	-3.298844
-6.195862	-3.362647
-6.403063	-3.469722
-6.613422	-3.530050
-6.797881	-3.587535
-7.009188	-3.654181
-7.207229	-3.696821
-7.398321	-3.766309
-7.612470	-3.849063
-7.801667	-3.894546
-7.997812	-3.970667
-8.217963	-4.042997
-8.402422	-4.067318
-8.598568	-4.174393
-8.806400	-4.229983
-8.998124	-4.302314
-9.079615	-4.321265
-9.107094	-4.319686
-9.119096	-4.316528
-9.130467	-4.322529
-9.137100	-4.335479
-9.110884	-4.334531
-9.120359	-4.330425
-9.105515	-4.315264
-9.094460	-4.300735
-9.007600	-4.275151
-8.803557	-4.195555
-8.595725	-4.149441
-8.415056	-4.095114
-8.203750	-3.987091
-8.009500	-3.969404
-7.809247	-3.890124
-7.596993	-3.851906
-7.410323	-3.774837
-7.207860	-3.689872
-6.996870	-3.632387
-6.799776	-3.570795
-6.610895	-3.508572
-6.386638	-3.419501
-6.206601	-3.374018
-5.992768	-3.277998
-5.806729	-3.241043
-5.605846	-3.163974
-5.401804	-3.102067
-5.199341	-3.024683
-4.999721	-2.967829
-4.796627	-2.885706
-4.601112	-2.833906
-4.403704	-2.747994
-4.199661	-2.682928
-4.002568	-2.621336
-3.798210	-2.536687
-3.596379	-2.462146
-3.403076	-2.390762
-3.207878	-2.326328
-2.991518	-2.231888
-2.806111	-2.175034
-2.591962	-2.068907
-2.398027	-2.017422
-2.202513	-1.940670
-2.006052	-1.848440
-1.802957	-1.761264
-1.601758	-1.697462
-1.412561	-1.605232
-1.193989	-1.536692
-1.008267	-1.441619
-0.797908	-1.295379
-0.606500	-1.165563
-0.404669	-0.943833
-0.202838	-0.682621
0.006575	-0.419514
0.193900	-0.207260
0.397969	0.002784
0.591296	0.109872
0.798840	0.254552
1.002592	0.308254
1.190234	0.353112
1.397145	0.392914
1.595211	0.417870
1.795173	0.459252
1.992292	0.496844
2.204257	0.507268
2.386845	0.493685
2.611762	0.501898
2.801615	0.499687
2.987993	0.573606
3.198063	0.611198
3.397077	0.601405
3.592932	0.579608
3.806162	0.583083
3.994751	0.594771
4.195660	0.684486
4.402256	0.670902
4.589898	0.651001
4.792070	0.657319
5.003088	0.645315
5.195468	0.668691
5.392587	0.716707
5.599183	0.726816
5.791563	0.693647
6.000685	0.691751
6.198751	0.670586
6.391448	0.713232
6.605624	0.766934
6.797373	0.759984
6.992596	0.731870
7.199823	0.733765
7.400733	0.719234
7.599747	0.763459
7.806342	0.795365
7.993984	0.780202
8.192998	0.765355
8.403384	0.759669
8.594816	0.759353
8.796357	0.789679
9.002321	0.820005
9.187435	0.779570
9.396558	0.786204
9.604101	0.781465
9.792059	0.772304
9.997706	0.814318
9.798693	0.824743
9.592413	0.799471
9.394031	0.780202
9.202283	0.778306
8.991264	0.777043
8.803939	0.808316
8.597975	0.788415
8.386009	0.761248
8.200895	0.772936
7.993352	0.742294
7.798760	0.746401
7.599431	0.763143
7.390624	0.742294
7.191610	0.740715
7.004600	0.754930
6.793266	0.715443
6.592988	0.727447
6.405347	0.736924
6.194645	0.713864
6.001949	0.721445
5.801355	0.711968
5.588126	0.701860
5.398273	0.699649
5.206841	0.674377
4.986346	0.650685
4.805338	0.678484
4.590529	0.652264
4.394042	0.652580
4.193765	0.615936
3.994119	0.615620
3.796685	0.608355
3.607464	0.619095
3.402132	0.574238
3.193009	0.572343
3.007263	0.544544
2.797192	0.546755
2.603233	0.540437
2.396322	0.519272
2.191621	0.508532
1.995135	0.480101
1.796752	0.449775
1.587314	0.411552
1.398725	0.411552
1.195604	0.349953
0.997222	0.312677
0.795997	0.213486
0.592876	0.116190
0.388176	-0.017747
0.198955	-0.186098
-0.001638	-0.424568
-0.210102	-0.672198
-0.394562	-0.915722
-0.612501	-1.144716
-0.800435	-1.306434
-1.002898	-1.450148
-1.201254	-1.542061
-1.408139	-1.633975
-1.600810	-1.697462
