# Configuration automatically generated by WRITE_CONFIG()
connection eth
ip 192.168.0.10
samplehz 1000.000000
settleus 10.000000
nsample 128

# Analog Inputs
aichannel 0
ainegative 199
airange 10.000000
airesolution 0

aichannel 1
ainegative 199
airange 10.000000
airesolution 0

# Analog Outputs
aochannel 0
aosignal triangle
aofrequency 5.000000
aoamplitude 2.000000
aooffset 2.500000
aoduty 0.500000

# Meta Parameters
int:periods 10
flt:tip_T_C 334.108047
flt:plate_T_C 288.446757
flt:plate_Q_kW 1.504539
flt:cool_Thigh_C 52.176862
flt:cool_Tlow_C 15.136299
flt:air_psig 20.000000
flt:water_gph 8.800000
flt:standoff_in 0.228000
flt:oxygen_scfh 16.132812
flt:fuel_scfh 8.870750
flt:flow_scfh 25.003562
flt:ratio_fto 0.549858

## End Configuration ##
#: Wed Apr 19 16:51:06 2017
-7.004134	-3.591326
-9.178793	-4.286206
-9.169002	-4.283995
-9.171844	-4.274203
-9.146576	-4.265675
-9.137732	-4.249250
-9.006336	-4.182290
-8.799767	-4.138386
-8.607096	-4.075215
-8.405581	-3.975405
-8.204065	-3.913813
-8.011395	-3.827585
-7.799140	-3.783365
-7.614365	-3.740725
-7.397689	-3.647548
-7.207544	-3.602065
-7.017084	-3.529418
-6.798513	-3.445717
-6.607737	-3.411920
-6.405590	-3.356961
-6.202811	-3.302634
-6.009824	-3.231567
-5.798833	-3.163658
-5.611216	-3.140917
-5.407805	-3.079010
-5.194287	-3.012364
-5.006670	-2.928663
-4.801364	-2.824115
-4.606482	-2.749889
-4.408757	-2.674084
-4.201241	-2.617230
-4.005727	-2.566062
-3.807054	-2.468463
-3.592905	-2.407187
-3.414763	-2.355387
-3.199350	-2.289689
-3.010785	-2.270422
-2.802321	-2.193038
-2.603648	-2.115337
-2.406239	-2.034478
-2.207251	-1.931194
-1.998155	-1.869918
-1.808642	-1.820645
-1.590387	-1.713886
-1.410666	-1.653874
-1.197780	-1.537639
-1.002266	-1.465940
-0.811805	-1.380028
-0.603341	-1.280534
-0.404037	-1.130187
-0.212945	-0.907194
0.010365	-0.621345
0.187267	-0.359186
0.404287	-0.085972
0.585294	0.118401
0.797892	0.313625
0.995958	0.414711
1.195920	0.480101
1.397777	0.534751
1.598686	0.567920
1.785064	0.619095
1.999241	0.685749
2.187199	0.706282
2.403271	0.747349
2.593440	0.723025
2.797824	0.731554
2.996838	0.765039
3.191746	0.824743
3.391075	0.847803
3.608727	0.849067
3.797001	0.850962
4.009598	0.837379
4.188711	0.837063
4.394674	0.936886
4.601585	0.954576
4.798388	0.971950
4.998981	0.959314
5.202102	0.949522
5.389428	0.960262
5.596339	1.013017
5.789667	1.020282
5.996263	1.065771
6.201910	1.027548
6.399977	1.013017
6.601202	1.046817
6.796109	1.055031
6.991016	1.081250
7.203614	1.101151
7.394099	1.052819
7.601010	1.106206
7.809817	1.100204
7.983875	1.097045
8.200579	1.133688
8.394539	1.133688
8.597028	1.140638
8.800148	1.149799
8.990001	1.172860
9.201335	1.174755
9.390872	1.133373
9.586411	1.163383
9.807538	1.175703
9.987598	1.194024
9.802168	1.216453
9.590834	1.166857
9.396558	1.136532
9.201019	1.119473
8.992528	1.120105
8.801412	1.165594
8.607136	1.174123
8.391064	1.140638
8.205317	1.134636
7.987034	1.067035
7.804131	1.081882
7.594376	1.109365
7.394414	1.125791
7.194137	1.118841
6.998914	1.080302
6.784421	1.001960
6.608783	1.011121
6.387025	1.037341
6.209176	1.072089
5.996579	1.041131
5.801987	1.009226
5.598235	0.970055
5.398273	0.944151
5.188835	0.955524
5.006247	0.994063
4.789227	0.959946
4.605692	0.946047
4.387724	0.889186
4.200715	0.896767
4.002964	0.880972
3.796053	0.877182
3.593564	0.863598
3.401816	0.833904
3.187955	0.781150
3.000313	0.785888
2.790243	0.737240
2.606076	0.740715
2.398533	0.713548
2.190674	0.681327
1.992607	0.664584
1.800543	0.629836
1.587630	0.582136
1.409465	0.535383
1.191497	0.464307
1.006699	0.417238
0.791258	0.277297
0.588138	0.153466
0.400180	-0.067336
0.200218	-0.358238
-0.003218	-0.634611
-0.200627	-0.917301
-0.409407	-1.135241
-0.598919	-1.295063
-0.812753	-1.430565
-0.999739	-1.481101
-1.196832	-1.578384
-1.411929	-1.671562
-1.596072	-1.734417
-1.807379	-1.823488
-2.004156	-1.881289
-2.205672	-1.938143
-2.406555	-2.023739
-2.605859	-2.073013
-2.801689	-2.159241
-3.012048	-2.230624
-3.194296	-2.283056
-3.412236	-2.356966
-3.602696	-2.411925
-3.802316	-2.494994
-4.011096	-2.567641
-4.201872	-2.605543
-4.401176	-2.687982
-4.618169	-2.749889
-4.795363	-2.802321
-5.010144	-2.899604
-5.198709	-2.933400
-5.405278	-3.022471
-5.608373	-3.082168
-5.803571	-3.174082
-6.002875	-3.270733
-6.207549	-3.338010
-6.394219	-3.377808
-6.612474	-3.449191
-6.796618	-3.483303
-7.012662	-3.602065
-7.202491	-3.656708
-7.401795	-3.722089
-7.607732	-3.740409
-7.808616	-3.763782
-8.002866	-3.806107
-8.214173	-3.909391
-8.397684	-3.979195
-8.611834	-4.070477
-8.794082	-4.072056
-9.009179	-4.147545
-9.175634	-4.181658
-9.186057	-4.223666
-9.179109	-4.258726
-9.182583	-4.271676
-9.180372	-4.277362
-9.193322	-4.267886
-9.197112	-4.235985
-9.190164	-4.230615
-9.134573	-4.234721
-9.002546	-4.196503
-8.805452	-4.128594
-8.598884	-4.054368
-8.403686	-3.982038
-8.216068	-3.949505
-7.999392	-3.864224
-7.809563	-3.818741
-7.604258	-3.737566
-7.402427	-3.686082
-7.213230	-3.629228
-7.006345	-3.584061
-6.811463	-3.527523
-6.608684	-3.452981
-6.396746	-3.370543
-6.210707	-3.315584
-5.995295	-3.220196
-5.808940	-3.212932
-5.616585	-3.113122
-5.398645	-3.027525
-5.204079	-2.966881
-5.006670	-2.894866
-4.795995	-2.846540
-4.612484	-2.800110
-4.393596	-2.711355
-4.211664	-2.657028
-4.006990	-2.551217
-3.793788	-2.488993
-3.612172	-2.460882
-3.403392	-2.366441
-3.208194	-2.312746
-3.006995	-2.209778
-2.796635	-2.147238
-2.609650	-2.092596
-2.396764	-2.014264
-2.204092	-1.974150
-2.013948	-1.904031
-1.798535	-1.783690
-1.609022	-1.728415
-1.398031	-1.620709
-1.203465	-1.579964
-1.005108	-1.487734
-0.805804	-1.388240
-0.604605	-1.299169
-0.410986	-1.135241
-0.195257	-0.885400
-0.009219	-0.621029
0.204641	-0.302016
0.393862	-0.075548
0.600457	0.140198
0.796628	0.264661
0.992167	0.370802
1.190866	0.464938
1.403779	0.560339
1.588578	0.596351
1.801491	0.649105
1.985658	0.632995
2.200466	0.674061
2.393794	0.693962
2.596599	0.752087
2.794665	0.793469
2.999049	0.803894
3.183532	0.780834
3.401816	0.797892
3.591037	0.796628
3.803634	0.888870
3.996330	0.892029
4.192185	0.921407
4.396885	0.922355
4.600006	0.875918
4.791439	0.896767
5.011933	0.980163
5.187887	1.000381
5.402064	1.043658
5.584967	0.994063
5.800408	1.006067
6.003844	0.987429
6.193381	1.021862
6.398397	1.072089
6.603413	1.081882
6.789791	1.045554
7.003021	1.063876
7.189083	1.053767
7.400101	1.101783
7.599431	1.092622
7.790547	1.128002
7.999038	1.136216
8.191734	1.111260
8.392643	1.144745
8.606504	1.134636
8.795726	1.137479
9.005480	1.194024
9.190910	1.142849
9.389608	1.161487
9.600626	1.197815
9.790795	1.164330
9.999602	1.158644
9.794271	1.164962
9.593361	1.153590
9.394979	1.175703
9.195017	1.176334
8.996319	1.155485
8.802044	1.134004
8.592921	1.091359
8.396750	1.118841
8.193629	1.129582
7.994931	1.156749
7.799077	1.131793
7.594692	1.084093
7.399153	1.049345
7.211827	1.041763
6.984383	1.085988
6.807166	1.124528
6.592357	1.079039
6.400924	1.069562
6.198751	0.978268
5.993420	0.969107
5.800408	1.022809
5.598235	1.022809
5.384374	1.005119
5.209052	1.007962
4.989505	0.915089
4.805654	0.916669
4.588950	0.902453
4.399413	0.950469
4.194396	0.916669
3.996962	0.885711
3.799528	0.835168
3.605568	0.817162
3.392971	0.789047
3.206593	0.822532
2.989573	0.785572
2.804458	0.786520
2.593440	0.708494
2.392215	0.703755
2.207100	0.675956
1.993871	0.645315
1.789803	0.629204
1.596475	0.602037
1.393038	0.524011
1.200342	0.500003
0.992483	0.386912
0.793469	0.288669
0.597614	0.126615
0.392914	-0.088498
0.196428	-0.328548
0.000888	-0.608395
-0.212629	-0.917617
-0.400879	-1.122606
-0.605868	-1.319384
-0.804541	-1.407823
-0.997844	-1.513950
-1.209782	-1.603337
-1.399611	-1.665244
-1.598915	-1.737259
-1.806116	-1.803273
-2.000998	-1.853494
-2.210725	-1.965938
-2.399922	-1.987416
-2.599858	-2.064801
-2.810849	-2.138710
-3.001309	-2.187352
-3.206615	-2.315905
-3.410025	-2.357913
-3.597011	-2.446985
-3.809897	-2.537319
-3.997199	-2.574274
-4.202820	-2.677558
-4.413179	-2.729674
-4.600797	-2.771051
-4.807365	-2.862965
-5.008249	-2.898972
-5.204079	-2.979515
-5.411911	-3.030684
-5.601108	-3.097645
-5.808940	-3.175661
-6.005718	-3.190822
-6.193967	-3.273576
-6.411907	-3.384125
-6.593839	-3.444137
-6.805146	-3.555318
-6.999396	-3.551528
-7.206281	-3.613751
-7.397689	-3.642178
-7.603942	-3.694610
-7.799456	-3.786839
-8.016764	-3.863908
-8.204065	-3.888229
-8.409371	-3.979195
-8.604253	-4.010465
-8.805452	-4.123540
-9.004441	-4.202820
-9.133942	-4.245144
-9.174371	-4.240091
-9.211326	-4.231879
-9.229329	-4.214822
-9.236279	-4.225562
-9.196481	-4.250830
-9.194269	-4.251146
-9.188584	-4.228404
-9.158262	-4.208189
-9.002862	-4.163970
-8.807032	-4.129858
-8.599199	-4.074583
-8.412213	-4.038576
-8.202802	-3.933396
-8.009815	-3.905285
-7.800404	-3.793157
-7.603310	-3.759360
-7.408112	-3.687345
-7.203438	-3.607118
-6.999396	-3.529418
-6.813042	-3.473196
-6.598893	-3.391074
-6.410959	-3.390758
-6.195862	-3.284631
-6.003191	-3.257151
-5.811467	-3.151024
-5.603635	-3.077746
-5.410332	-3.034158
-5.207237	-2.958985
-5.002564	-2.896130
-4.806734	-2.825063
-4.598902	-2.733464
-4.414758	-2.706617
-4.204399	-2.621020
-4.000357	-2.603333
-3.811792	-2.547426
-3.599854	-2.439720
-3.409077	-2.371495
-3.207246	-2.296954
-2.998151	-2.231888
-2.802953	-2.172507
-2.600490	-2.079646
-2.396764	-1.984258
-2.216095	-1.917296
-2.003840	-1.830752
-1.798219	-1.805484
-1.609970	-1.717360
-1.402138	-1.648188
-1.209150	-1.565750
-1.000686	-1.453622
-0.807068	-1.379080
-0.612817	-1.288746
-0.402458	-1.120395
-0.205365	-0.923302
-0.004797	-0.636822
0.199902	-0.358238
0.394810	-0.098290
0.596035	0.131353
0.794733	0.286142
0.987113	0.409025
1.208871	0.496844
1.393354	0.505057
1.594264	0.593508
1.793278	0.598246
1.994187	0.685117
2.201414	0.700280
2.395058	0.718918
2.604496	0.729659
2.809512	0.737556
2.984834	0.765671
3.205645	0.837063
3.393286	0.826322
3.600830	0.869284
3.795737	0.833904
3.996646	0.836431
4.199451	0.864230
4.394358	0.927093
4.587686	0.965948
4.804074	0.985534
4.990452	0.955840
5.203998	0.954892
5.390060	0.928988
5.594128	1.029443
5.799776	1.041131
5.995631	1.042079
6.200331	1.045870
6.403768	1.003224
6.599938	0.996274
6.803691	1.068298
6.992596	1.087884
7.200455	1.128950
7.399469	1.090727
7.596588	1.073353
7.800972	1.092938
7.992720	1.092622
8.193629	1.140638
8.394539	1.178546
8.597659	1.127055
8.798884	1.133688
8.999794	1.139059
9.189015	1.158012
9.400981	1.160856
9.594940	1.190550
9.790795	1.177598
10.000866	1.176018
9.793954	1.179177
9.598100	1.186443
9.390556	1.119473
9.186172	1.176334
9.003901	1.153274
8.792566	1.120421
8.591658	1.176650
8.399593	1.137795
8.183837	1.104942
7.997775	1.102731
7.793706	1.079670
7.600694	1.127055
7.402628	1.120105
7.187503	1.088831
7.001757	1.081882
6.794530	1.010173
6.598043	1.018071
6.400609	1.031023
6.192750	1.071457
6.006687	1.052503
5.795669	1.013964
5.592549	0.952996
5.399537	0.935622
5.197680	0.961210
4.999298	1.012385
4.794281	0.967528
4.597795	0.952681
4.396254	0.886343
4.191870	0.854753
3.990960	0.874970
3.802687	0.896451
3.598934	0.846856
3.394866	0.849067
3.196168	0.773568
2.994943	0.759353
2.799088	0.738504
2.596283	0.742926
2.396006	0.728711
2.198571	0.710705
1.992923	0.636470
1.793594	0.633626
1.591421	0.567288
1.397145	0.555916
1.197499	0.470625
0.995958	0.398285
0.801683	0.279824
0.595403	0.134512
0.388808	-0.085656
0.202745	-0.328864
-0.001954	-0.659879
-0.209155	-0.898981
-0.406248	-1.153560
-0.608079	-1.284956
-0.804541	-1.418246
-1.009215	-1.506054
-1.201570	-1.566382
-1.398031	-1.656401
-1.606180	-1.756211
-1.804536	-1.818118
-2.011737	-1.911295
-2.204724	-1.941933
-2.398659	-2.030688
-2.612492	-2.104914
-2.798846	-2.164611
-3.001941	-2.264105
-3.206299	-2.322222
-3.404340	-2.380023
-3.606487	-2.463093
-3.795052	-2.528159
-4.005095	-2.619125
-4.204715	-2.664924
-4.397387	-2.715145
-4.610272	-2.801057
-4.792204	-2.846540
-4.993720	-2.934980
-5.205027	-2.973198
-5.403383	-3.005100
-5.609004	-3.083747
-5.809888	-3.140285
-5.998137	-3.220196
-6.207865	-3.329482
-6.403378	-3.370859
-6.599840	-3.447927
-6.808620	-3.494358
-7.006661	-3.565741
-7.209755	-3.659866
-7.398952	-3.726827
-7.597625	-3.795052
-7.810195	-3.851590
-8.008236	-3.853485
-8.202486	-3.933396
-8.413477	-4.000989
-8.598252	-4.067002
-8.807032	-4.108696
-9.003493	-4.151020
-9.166790	-4.191449
-9.203114	-4.213559
-9.185741	-4.248303
-9.199639	-4.259358
-9.215116	-4.245776
-9.224276	-4.226825
-9.235015	-4.202820
-9.203114	-4.203136
-9.156683	-4.216086
-9.001914	-4.175656
-8.797873	-4.094798
-8.604569	-4.027521
-8.408423	-3.916656
-8.207540	-3.905601
-8.008236	-3.844957
-7.801667	-3.809581
-7.609627	-3.718299
-7.398636	-3.654812
-7.211335	-3.600485
-7.008872	-3.531945
-6.811147	-3.474459
-6.605525	-3.428976
-6.404642	-3.318111
-6.203443	-3.265364
-6.002875	-3.183241
-5.806098	-3.155446
-5.607741	-3.109963
-5.408437	-3.034158
-5.200289	-2.962143
-5.001300	-2.912870
-4.803259	-2.818745
-4.603955	-2.786528
-4.407494	-2.709144
-4.198398	-2.638077
-4.012044	-2.580591
-3.803580	-2.483624
-3.599222	-2.422980
-3.407182	-2.383498
-3.207878	-2.297269
-3.004468	-2.242311
-2.807690	-2.135236
-2.596384	-2.087226
-2.410977	-2.020897
-2.203777	-1.937195
-2.002893	-1.885395
-1.808327	-1.792534
-1.600810	-1.703147
-1.404349	-1.636502
-1.203465	-1.549010
-0.993738	-1.499105
-0.815280	-1.390451
-0.594813	-1.265373
-0.398352	-1.154824
-0.205049	-0.907825
0.005627	-0.619134
0.192321	-0.315914
0.399232	-0.054702
0.590981	0.113663
0.792838	0.276665
1.003540	0.381542
1.191181	0.450407
1.398093	0.558759
1.595843	0.589401
1.790750	0.638049
1.999557	0.637417
2.193201	0.685749
2.401060	0.710389
2.597862	0.742610
2.794665	0.772620
2.992100	0.806737
3.197747	0.773568
3.391707	0.803262
3.597671	0.814003
3.801107	0.878129
4.004859	0.912878
4.192185	0.912878
4.387724	0.903401
4.599690	0.906560
4.799652	0.912246
4.993611	0.986797
5.196416	0.996590
5.390376	1.025968
5.599814	0.994379
5.793774	0.965948
5.997211	0.976057
6.197172	1.043342
6.397766	1.065455
6.595516	1.091043
6.797057	1.076196
6.993228	1.056610
7.202982	1.010805
7.396310	1.074932
7.599431	1.145061
7.800340	1.152958
7.990825	1.130214
8.196789	1.122948
8.397382	1.080934
8.594501	1.151379
8.800464	1.150115
8.993160	1.203501
9.201966	1.197499
9.388977	1.139059
9.594309	1.168753
9.799324	1.175071
9.992336	1.170648
9.798377	1.205081
9.594309	1.169385
9.395294	1.156117
9.202914	1.162435
8.991897	1.137163
8.798253	1.148852
8.601450	1.142849
8.393591	1.130214
8.195209	1.132109
7.994616	1.134004
7.795601	1.128950
7.601326	1.074616
7.389676	1.065139
7.202351	1.081882
6.992280	1.055978
6.792318	1.091043
6.602149	1.076196
6.393659	1.031338
6.199068	1.002592
5.994051	0.980163
5.791563	1.008594
5.600130	1.055662
5.395430	0.989324
5.192941	0.983638
5.004036	0.921723
4.789859	0.895188
4.599374	0.931200
4.387724	0.934359
4.189026	0.938149
4.000121	0.908139
3.791946	0.828218
3.597355	0.811160
3.403711	0.798208
3.190166	0.826638
2.997470	0.804210
2.793718	0.772304
2.597862	0.740083
2.398217	0.677536
2.191937	0.649105
1.994503	0.684801
1.798332	0.627940
1.585103	0.607091
1.401883	0.528749
1.192445	0.484208
1.001644	0.392914
0.793469	0.270031
0.592560	0.132617
0.394494	-0.071126
0.198955	-0.342446
-0.008271	-0.618502
-0.199995	-0.925197
-0.408775	-1.127976
-0.604289	-1.299801
-0.810542	-1.409402
-1.000686	-1.493420
-1.201886	-1.584702
-1.403717	-1.667455
-1.604600	-1.709464
-1.805484	-1.786533
-2.010789	-1.848124
-2.205356	-1.960253
-2.406555	-2.019001
-2.597015	-2.081225
-2.805795	-2.160188
-2.999414	-2.220201
-3.202193	-2.298217
-3.402445	-2.397395
-3.606171	-2.448564
-3.790314	-2.536371
-4.014886	-2.595120
-4.199661	-2.640919
-4.406862	-2.732833
-4.610588	-2.787160
-4.798838	-2.839908
-5.007617	-2.917292
-5.203763	-2.954563
-5.404015	-3.040791
-5.613426	-3.101751
-5.800097	-3.173766
-6.011403	-3.259047
-6.201863	-3.298528
-6.396746	-3.386652
-6.608368	-3.452350
-6.803566	-3.515836
-7.006661	-3.586588
-7.209755	-3.606487
-7.396110	-3.669026
-7.617839	-3.734408
-7.798824	-3.785892
-7.999392	-3.906549
-8.214173	-3.944135
-8.401791	-3.988671
-8.612149	-4.052473
-8.800399	-4.120698
-9.003809	-4.224930
-9.131414	-4.256515
-9.165211	-4.248303
-9.207536	-4.229352
-9.237541	-4.215454
-9.232172	-4.222719
-9.198376	-4.252409
-9.166159	-4.267254
-9.161421	-4.257779
-9.138363	-4.235353
-8.996861	-4.150072
-8.801662	-4.102378
-8.606780	-4.051842
-8.400843	-4.001621
-8.216384	-3.930238
-8.000340	-3.857907
-7.811458	-3.767256
-7.602047	-3.724616
-7.398321	-3.697453
-7.211335	-3.656392
-7.006661	-3.572058
-6.800408	-3.518047
-6.614369	-3.440031
-6.396430	-3.377492
-6.213550	-3.331061
-5.994979	-3.264416
-5.804203	-3.212300
-5.605846	-3.112806
-5.404646	-3.018681
-5.194287	-2.985201
-5.004459	-2.915397
-4.792204	-2.857911
-4.613747	-2.775789
-4.396123	-2.712618
-4.209769	-2.656396
-4.003831	-2.579643
-3.798210	-2.524369
-3.603960	-2.459934
-3.407182	-2.362651
-3.202509	-2.311483
-3.009837	-2.225570
-2.799162	-2.192722
-2.607123	-2.118496
-2.394237	-2.013316
-2.202513	-1.976993
-2.011105	-1.886343
-1.800430	-1.796956
-1.608706	-1.731258
-1.403401	-1.631764
-1.204728	-1.558170
-1.007635	-1.455201
-0.798224	-1.381607
-0.609027	-1.300748
-0.398036	-1.127028
-0.196521	-0.919512
-0.004481	-0.640612
0.204009	-0.351605
0.399232	-0.091025
0.595087	0.138303
0.808001	0.288985
0.995010	0.394178
1.197499	0.488946
1.403779	0.538226
1.591105	0.592560
1.798332	0.628888
1.994819	0.656371
2.190358	0.705019
2.401060	0.722709
2.591545	0.709757
2.797508	0.775779
2.998734	0.765671
3.187007	0.800103
3.403711	0.839590
3.588826	0.842749
3.801423	0.843697
3.998542	0.849067
4.189658	0.879393
4.397833	0.936254
4.602533	0.959946
4.786700	0.974793
5.008774	0.962473
5.187571	0.933095
5.402064	0.953628
5.586231	0.993747
5.794090	1.056610
6.001001	1.053767
6.198120	1.034813
6.394290	1.015544
6.605624	0.988693
6.786633	1.057242
6.999230	1.112208
7.190978	1.159276
7.406103	1.126107
7.596588	1.071773
7.796233	1.055662
7.995879	1.106837
8.194262	1.152326
8.389484	1.185179
8.603346	1.168753
8.789723	1.139375
9.003901	1.123580
9.189015	1.136847
9.391504	1.193709
9.597467	1.203501
9.799324	1.202238
9.998970	1.152326
9.808485	1.149167
9.585779	1.154853
9.400349	1.163699
9.186488	1.166857
8.992528	1.172544
8.803939	1.126107
8.591973	1.133688
8.394539	1.134004
8.194262	1.110312
7.989245	1.127371
7.808869	1.115051
7.584584	1.079039
7.401680	1.124843
7.202034	1.082513
6.987226	1.051556
6.798952	1.062612
6.594884	1.034497
6.395870	1.097360
6.202542	1.050292
5.987102	1.041131
5.807673	1.013648
5.597603	0.947310
5.388480	0.960262
5.208420	0.970371
4.993611	0.973530
4.807865	0.980163
4.595583	0.926145
4.394358	0.912562
4.197872	0.871811
3.993487	0.873075
3.791946	0.912878
3.603673	0.871180
3.387916	0.828534
3.201538	0.791890
2.989257	0.722709
2.801615	0.740715
2.600706	0.742610
2.387161	0.723341
2.196044	0.717023
2.004296	0.646262
1.786012	0.597930
1.595211	0.576134
1.396829	0.544544
1.197499	0.495896
0.996906	0.421661
0.792522	0.283615
0.598246	0.140830
0.392283	-0.083445
0.193900	-0.350026
0.007838	-0.639981
-0.212945	-0.930567
-0.396141	-1.129871
-0.609659	-1.309276
-0.807068	-1.392346
-0.998160	-1.469730
-1.203465	-1.558801
-1.410666	-1.634291
-1.595441	-1.717676
-1.817802	-1.812433
-1.996892	-1.868023
-2.216727	-1.960568
-2.390762	-2.006367
-2.597647	-2.105546
-2.807374	-2.192722
-2.998466	-2.257788
-3.197455	-2.340857
-3.414131	-2.403713
-3.596063	-2.447932
-3.810213	-2.508576
-3.993093	-2.588487
-4.207242	-2.683244
-4.409705	-2.716408
-4.598902	-2.776421
-4.808629	-2.841171
-5.003827	-2.899604
-5.199341	-2.983937
-5.414438	-3.031000
-5.599529	-3.095750
-5.818416	-3.175661
-5.999717	-3.210089
-6.200600	-3.305161
-6.407169	-3.365174
-6.602683	-3.421396
-6.806409	-3.493726
-7.010135	-3.548054
-7.206281	-3.616594
-7.404006	-3.716720
-7.602047	-3.766941
-7.802299	-3.825058
-8.017079	-3.866435
-8.202486	-3.909707
-8.407792	-3.992777
-8.603937	-4.073004
-8.799452	-4.130805
-9.013600	-4.180394
-9.149734	-4.216718
-9.184478	-4.230299
-9.194901	-4.249250
-9.182583	-4.261253
-9.215116	-4.253041
-9.221433	-4.229668
-9.227118	-4.210716
-9.209115	-4.203452
-9.142469	-4.217665
-9.003493	-4.213559
-8.811454	-4.111222
-8.591619	-4.034470
-8.419163	-3.978563
-8.195222	-3.897073
-8.002550	-3.905285
-7.796297	-3.849063
-7.597309	-3.792209
-7.400847	-3.716404
-7.204702	-3.605223
-6.993711	-3.551528
-6.816833	-3.512678
-6.593839	-3.445085
-6.410959	-3.401497
-6.195230	-3.295054
-6.005086	-3.221776
-5.807993	-3.145971
-5.605214	-3.109332
-5.406226	-3.061321
-5.209133	-2.975409
-4.995615	-2.884443
-4.810208	-2.826957
-4.594480	-2.745151
-4.410968	-2.717988
-4.195240	-2.638077
-3.999726	-2.579959
-3.798526	-2.508260
-3.599222	-2.438456
-3.402129	-2.370863
-3.209141	-2.339910
-2.991834	-2.240416
-2.804532	-2.181667
-2.601753	-2.079330
-2.397079	-2.019949
-2.209146	-1.939406
-2.006367	-1.869287
-1.796008	-1.793797
-1.605232	-1.724941
-1.394241	-1.622604
-1.208519	-1.557538
-0.996265	-1.457412
-0.809279	-1.411929
-0.615028	-1.282745
-0.400247	-1.115026
-0.205049	-0.903087
-0.008587	-0.616607
0.206220	-0.337708
0.385965	-0.099238
0.604880	0.121245
0.788415	0.241916
0.995010	0.410604
1.205397	0.486103
1.387984	0.523695
1.597739	0.601405
1.787591	0.611514
1.997662	0.659214
2.202994	0.688592
2.394742	0.704387
2.606392	0.737872
2.800983	0.753667
2.983255	0.791258
3.204697	0.800735
3.389812	0.826007
3.599250	0.858228
3.797632	0.854753
3.994435	0.900874
4.198187	0.919512
4.395938	0.887606
4.590213	0.915721
4.805338	0.947626
4.990137	0.949522
5.204945	1.009542
5.391639	0.999117
5.594760	0.994379
5.797565	0.985850
5.994999	0.978584
6.197488	1.031654
6.402820	1.090095
6.600254	1.055031
6.800532	1.098940
6.987542	1.044922
7.202034	1.026916
7.398205	1.075564
7.598799	1.127687
7.800656	1.137479
8.003777	1.135900
8.187943	1.084093
8.400540	1.094202
8.590077	1.117578
8.804255	1.211715
8.992845	1.193077
9.187752	1.203185
9.398769	1.165910
9.597152	1.130214
9.789847	1.151695
10.004657	1.213926
9.786057	1.194340
9.606313	1.208556
9.385186	1.125791
9.196596	1.152326
9.004848	1.134320
8.792251	1.143797
8.597659	1.173175
8.398013	1.161803
8.189207	1.112524
8.001881	1.232880
7.795601	1.087568
7.606064	1.122632
7.395046	1.082829
7.191294	1.087884
6.997018	1.060085
6.791055	1.063876
6.599938	1.065771
6.401556	1.024389
6.192118	1.021546
6.002264	1.029759
5.797881	0.982691
5.590022	1.026916
5.398273	1.013332
5.191362	0.955840
4.997718	0.947310
4.802179	0.925198
4.592424	0.922986
4.400676	0.950469
4.188395	0.915089
3.997278	0.897715
3.804898	0.844329
3.589142	0.795049
3.401500	0.825059
3.192377	0.816214
2.992416	0.836747
2.804142	0.775147
2.592492	0.706914
2.400428	0.684486
2.197308	0.672166
1.985658	0.662373
1.800859	0.669639
1.588262	0.586558
1.402199	0.559707
1.194972	0.458936
0.995326	0.400496
0.795681	0.312993
0.594140	0.142409
0.384701	-0.079339
0.206852	-0.318756
-0.004797	-0.660195
-0.193362	-0.892664
-0.404985	-1.145664
-0.603973	-1.271058
-0.809279	-1.384450
-1.004161	-1.482365
-1.205360	-1.551537
-1.402453	-1.633659
-1.611549	-1.723046
-1.797272	-1.782742
-2.013948	-1.884763
-2.197459	-1.951725
-2.407503	-2.038900
-2.604280	-2.083436
-2.803584	-2.146607
-2.998782	-2.206619
-3.209457	-2.298849
-3.401813	-2.377812
-3.606487	-2.472569
-3.800421	-2.504786
-4.009517	-2.594805
-4.207242	-2.632391
-4.400229	-2.711671
-4.604903	-2.790318
-4.802628	-2.852542
-4.995615	-2.886654
-5.213871	-2.953931
-5.397698	-2.980779
-5.613111	-3.087222
-5.805466	-3.151656
-5.997821	-3.231883
-6.205338	-3.299160
-6.405590	-3.347802
-6.600156	-3.416974
-6.814305	-3.510467
-6.998449	-3.555634
-7.214809	-3.648811
-7.396425	-3.660498
-7.602047	-3.749569
-7.816512	-3.809581
-7.999392	-3.883491
-8.207540	-3.989302
-8.406844	-4.019624
-8.594778	-4.081216
-8.814297	-4.131752
-8.996229	-4.134911
-9.154156	-4.218613
-9.194586	-4.224930
-9.217643	-4.208821
-9.242911	-4.206295
-9.249860	-4.211980
-9.228698	-4.222087
-9.192374	-4.242302
-9.159842	-4.251462
-9.148787	-4.236932
-9.004757	-4.159864
-8.797556	-4.104273
-8.607728	-4.078057
-8.401475	-3.990882
-8.209435	-3.943503
-8.002550	-3.831375
-7.804193	-3.765361
-7.607416	-3.706297
-7.402427	-3.669342
-7.202491	-3.628281
-7.014557	-3.566057
-6.800408	-3.453929
-6.614686	-3.408130
-6.400220	-3.309583
-6.202179	-3.300739
-6.003823	-3.235042
-5.805466	-3.157973
-5.605846	-3.103646
-5.411280	-3.039528
-5.197762	-2.949825
-5.007933	-2.929926
-4.795363	-2.830116
-4.615326	-2.800110
-4.403388	-2.695562
-4.205347	-2.627653
-4.006042	-2.563535
-3.809265	-2.506997
-3.597643	-2.439088
-3.413499	-2.407187
-3.199666	-2.302323
-3.012364	-2.269790
-2.799162	-2.166821
-2.602385	-2.136499
-2.410977	-2.033531
-2.205356	-1.953304
-2.001314	-1.883500
-1.810222	-1.797272
-1.595125	-1.719571
-1.409086	-1.681669
-1.193042	-1.555327
-1.008267	-1.517424
-0.806436	-1.390135
-0.599867	-1.290957
-0.411618	-1.145032
-0.202206	-0.892033
0.003732	-0.629557
0.193900	-0.342130
0.406182	-0.063862
0.591296	0.122824
0.795997	0.295619
1.000697	0.377435
1.191181	0.472204
1.399040	0.560339
1.590157	0.607407
1.792646	0.639313
1.993239	0.662057
2.192569	0.675641
2.397585	0.721761
2.600390	0.729343
2.789611	0.768198
2.995574	0.804526
3.194273	0.785888
3.400552	0.818741
3.600198	0.836747
3.798580	0.830113
4.007387	0.893608
4.197556	0.885395
4.383302	0.897715
4.608535	0.952681
4.803759	0.921723
4.998666	0.967528
5.198627	0.963421
5.391955	0.985534
5.599814	0.995010
5.794722	1.016807
5.994683	1.049976
6.207596	1.026600
6.386709	0.989324
6.607520	1.040499
6.789791	1.037341
6.997650	1.119473
7.195085	1.096729
7.396626	1.099572
7.602590	1.070194
7.800656	1.042079
7.994616	1.080302
8.201211	1.175703
8.397066	1.143165
8.604925	1.194972
8.792566	1.117578
9.001373	1.087884
9.193753	1.140638
9.393715	1.195288
9.593045	1.211399
9.800588	1.214874
9.991388	1.155485
9.802484	1.140006
9.588306	1.120105
9.396874	1.201290
9.189331	1.195920
8.997267	1.181073
8.793514	1.130845
8.599238	1.115051
8.392012	1.105890
8.193314	1.145692
7.989245	1.122632
7.805079	1.143481
7.599431	1.088200
7.392203	1.094202
7.199823	1.094517
6.993860	1.061980
6.792634	1.067982
6.600886	1.085041
6.392079	1.012385
6.206017	1.040499
5.994683	1.005119
5.791879	0.998485
5.603605	0.991852
5.387533	0.972898
5.199575	0.961842
5.005300	0.963737
4.794598	0.960262
4.609483	0.941940
4.386777	0.898663
4.195660	0.904349
4.003912	0.868968
3.789735	0.867073
3.603041	0.882552
3.395182	0.810212
3.193957	0.792206
2.994627	0.741663
2.796245	0.741979
2.606076	0.751139
2.398849	0.718286
2.190674	0.691751
2.000505	0.657950
1.791066	0.573606
1.595211	0.589401
1.393986	0.561286
1.197183	0.515166
0.996906	0.422924
0.794733	0.288037
0.586242	0.119033
0.398285	-0.068600
0.194532	-0.362344
-0.000375	-0.627662
-0.202838	-0.929303
-0.409407	-1.134925
-0.605237	-1.300117
-0.810542	-1.419825
-1.004161	-1.484576
-1.195253	-1.566066
-1.411929	-1.664613
-1.600810	-1.723046
-1.805484	-1.852230
-2.005104	-1.890449
-2.205040	-1.985521
-2.406239	-2.036058
-2.600806	-2.100492
-2.802953	-2.186089
-3.005415	-2.280213
-3.202509	-2.300112
-3.409393	-2.392342
-3.600801	-2.398975
-3.805791	-2.516157
-4.003831	-2.578696
-4.194608	-2.674716
-4.409073	-2.748626
-4.608377	-2.806743
-4.796627	-2.842750
-5.008249	-2.929294
-5.196814	-2.976673
-5.411280	-3.089749
-5.601740	-3.097961
-5.809572	-3.192086
-6.008245	-3.237884
-6.196494	-3.308952
-6.404642	-3.410657
-6.608052	-3.477934
-6.805146	-3.530366
-7.012031	-3.595116
-7.203123	-3.611540
-7.400216	-3.702506
-7.608048	-3.753675
-7.804193	-3.810529
-8.006341	-3.883175
-8.209119	-3.932133
-8.404317	-3.984880
-8.599832	-4.058475
-8.795977	-4.103326
-9.001283	-4.165549
-9.174371	-4.194292
-9.206588	-4.198714
-9.235015	-4.204399
-9.220801	-4.229036
-9.208798	-4.249567
-9.217327	-4.239459
-9.202798	-4.232510
-9.184478	-4.228720
-9.152893	-4.222403
-8.994650	-4.199346
-8.812717	-4.149441
-8.602674	-4.025941
-8.405265	-3.971299
-8.211646	-3.908443
-8.002866	-3.884754
-7.807984	-3.846220
-7.602678	-3.764730
-7.397057	-3.697768
-7.218915	-3.605539
-7.001291	-3.493095
-6.813674	-3.499728
-6.603631	-3.408762
-6.404010	-3.370859
-6.205970	-3.270417
-5.996558	-3.200298
-5.807045	-3.151024
-5.609004	-3.098908
-5.397698	-3.029420
-5.204079	-3.005731
-4.994351	-2.872441
-4.805786	-2.841803
-4.602692	-2.714829
-4.404335	-2.702195
-4.210084	-2.629864
-4.000357	-2.571115
-3.800105	-2.483939
-3.603644	-2.429612
-3.406551	-2.338015
-3.207246	-2.318748
-3.005415	-2.218306
-2.805164	-2.169664
-2.606491	-2.072381
-2.392973	-2.012685
-2.205672	-1.947618
-2.008578	-1.894239
-1.803905	-1.797272
-1.602705	-1.753368
-1.402769	-1.640292
-1.201254	-1.586597
-1.001318	-1.487418
-0.802962	-1.400242
-0.609659	-1.302643
-0.406880	-1.125449
-0.198416	-0.907509
-0.004481	-0.647245
0.201798	-0.326021
0.391335	-0.106502
0.598878	0.144937
0.800735	0.287721
0.988693	0.406498
1.203501	0.498423
1.408833	0.527802
1.587314	0.572659
1.798964	0.634890
1.986290	0.664268
2.199835	0.724604
2.396637	0.708494
2.589965	0.729027
2.806985	0.768514
2.993047	0.756194
3.192061	0.815266
3.399920	0.837695
3.593880	0.855385
3.802687	0.859807
3.991908	0.862019
4.193765	0.916669
4.401624	0.911614
4.589898	0.922986
4.798072	0.966896
4.998666	0.933727
5.197680	0.996274
5.393535	0.998801
5.594444	0.981427
5.795669	1.011121
6.002264	1.021862
6.191170	1.011437
6.401240	1.066719
6.601202	1.063244
6.794530	1.053767
6.994807	1.045238
7.194769	1.043342
7.396626	1.087884
7.600379	1.128950
7.794338	1.140638
8.000301	1.132109
8.198051	1.086620
8.394223	1.096729
8.596711	1.116946
8.794147	1.184864
8.999478	1.192761
9.191858	1.176334
9.387081	1.148852
9.601574	1.111892
9.791743	1.136847
9.995179	1.233827
9.799324	1.208556
9.592413	1.226878
9.401297	1.144745
9.194386	1.086620
9.001689	1.120105
8.805518	1.157065
8.598923	1.158328
8.400540	1.186127
8.196157	1.101783
7.994299	1.118526
7.797181	1.071457
7.594376	1.116946
7.405471	1.129582
7.190662	1.096413
6.994807	1.066087
6.796109	1.045238
6.596779	1.035761
6.399661	1.040184
6.197172	1.012385
5.997526	1.059137
5.799776	0.996274
5.591917	0.984902
5.395746	0.999433
5.198311	0.956155
4.995823	0.956471
4.798388	0.957735
4.593372	0.913825
4.393411	0.933411
4.199451	0.907823
3.992856	0.867073
3.795737	0.858860
3.598619	0.835799
3.393602	0.810212
3.200591	0.804210
2.995890	0.782413
2.800667	0.767250
2.614289	0.703439
2.390319	0.671534
2.211207	0.685117
1.995450	0.653212
1.788855	0.650685
1.599002	0.601721
1.394618	0.520220
1.200658	0.459252
0.994695	0.367643
0.790626	0.291196
0.599826	0.147148
0.391651	-0.099869
0.195480	-0.332338
0.004047	-0.644718
-0.209471	-0.907194
-0.399615	-1.147243
-0.610922	-1.299801
-0.805488	-1.404664
-0.999423	-1.486471
-1.206624	-1.592598
-1.403401	-1.639344
-1.602389	-1.731890
-1.811801	-1.775478
-2.002893	-1.871182
-2.211989	-1.936563
-2.399606	-2.023108
-2.603017	-2.102387
-2.808322	-2.157030
-3.002257	-2.203461
-3.207246	-2.299480
-3.408130	-2.350649
-3.604907	-2.467831
-3.807370	-2.527843
-4.006674	-2.601437
-4.203452	-2.659870
-4.398334	-2.731570
-4.602060	-2.812112
-4.796627	-2.898341
-5.000985	-2.925504
-5.199657	-2.979199
-5.407489	-3.003204
-5.607110	-3.087853
-5.814942	-3.164922
-5.997506	-3.230936
-6.199653	-3.284315
-6.408748	-3.337063
-6.599840	-3.377176
-6.799776	-3.454876
-7.004450	-3.530681
-7.204702	-3.633334
-7.410639	-3.681660
-7.592255	-3.735987
-7.807984	-3.790314
-8.004762	-3.854432
-8.200275	-3.944135
-8.401791	-4.033838
-8.601094	-4.060686
-8.798820	-4.135859
-9.001914	-4.147861
-9.144997	-4.217349
-9.168685	-4.253357
-9.183531	-4.257779
-9.192690	-4.255252
-9.208483	-4.256831
-9.195848	-4.253673
-9.175634	-4.274835
-9.138995	-4.282415
-9.116254	-4.262201
-9.012338	-4.221139
-8.798820	-4.123540
-8.599199	-4.068898
-8.410634	-3.999410
-8.198380	-3.930238
-8.013289	-3.843062
-7.802614	-3.765993
-7.597940	-3.727775
-7.410955	-3.680081
-7.204386	-3.614067
-7.007293	-3.578691
-6.807357	-3.482671
-6.597313	-3.413499
-6.407485	-3.337694
-6.200916	-3.292211
-5.999401	-3.264732
-5.803255	-3.195244
-5.598266	-3.094486
-5.404331	-3.044897
-5.205027	-2.949509
-4.996562	-2.924556
-4.802944	-2.880969
-4.595111	-2.826957
-4.402756	-2.753679
-4.199030	-2.648816
-3.999410	-2.562587
-3.802316	-2.520895
-3.602696	-2.455197
-3.401497	-2.385709
-3.213563	-2.293163
-3.002888	-2.224307
-2.811481	-2.139658
-2.597647	-2.075224
-2.401501	-2.022792
-2.212620	-1.933721
-2.005420	-1.845597
-1.802957	-1.788112
-1.605232	-1.700936
-1.400558	-1.651347
-1.203781	-1.549326
-0.998791	-1.479838
-0.813701	-1.396768
-0.603657	-1.275480
-0.401826	-1.136504
-0.207260	-0.897718
-0.006060	-0.610922
0.199587	-0.329811
0.388176	-0.053754
0.602669	0.133249
0.795997	0.273822
0.998801	0.380279
1.194656	0.465886
1.398093	0.568236
1.592684	0.609934
1.798964	0.628572
1.998609	0.657003
2.200150	0.671850
2.388108	0.697437
2.603233	0.757773
2.797824	0.770725
2.992100	0.805158
3.198695	0.805158
3.395182	0.804842
3.597987	0.838327
3.796685	0.851594
3.993171	0.901821
4.197556	0.920459
4.390883	0.885395
4.591793	0.934359
4.801863	0.948574
4.992664	0.939097
5.202734	0.989008
5.384690	0.991220
5.593496	0.998485
5.808305	1.011437
5.987102	1.022177
6.201279	1.041763
6.407558	1.034181
6.591093	1.052503
6.804323	1.051240
6.987857	1.089463
7.201087	1.113471
7.395994	1.082829
7.594692	1.073353
7.800340	1.092622
7.997143	1.091990
8.191102	1.155801
8.401804	1.163699
8.591658	1.168437
8.807414	1.125791
8.996951	1.098624
9.195333	1.148220
9.397190	1.215821
9.592413	1.215189
9.791111	1.221823
10.001813	1.162119
9.791743	1.108417
9.597467	1.117262
9.388345	1.179177
9.199440	1.177598
8.999794	1.170648
8.802991	1.124843
8.597975	1.074300
8.399909	1.082829
8.191102	1.140954
8.000301	1.154853
7.792758	1.143481
7.603853	1.103363
7.395046	1.048713
7.195401	1.053135
6.997334	1.080302
6.798320	1.083777
6.593936	1.087252
6.406610	1.042711
6.191170	1.009858
6.003528	1.006067
5.795037	0.983638
5.598235	1.017123
5.398905	1.017755
5.194521	0.958367
5.000561	0.953312
4.796809	0.943204
4.592424	0.928673
4.400992	0.906560
4.184288	0.910351
4.000437	0.896767
3.797948	0.850962
3.585035	0.854437
3.400236	0.827586
3.193325	0.782729
2.993679	0.787467
2.802879	0.737872
2.596283	0.738820
2.408325	0.732502
2.196676	0.664268
1.989133	0.651632
1.799595	0.610250
1.586682	0.584347
1.401252	0.556232
1.194972	0.497792
0.996274	0.408709
0.800419	0.285194
0.591612	0.100711
0.393230	-0.081550
0.203693	-0.330127
-0.007956	-0.632716
-0.199048	-0.907825
-0.404985	-1.149770
-0.607448	-1.295695
-0.801698	-1.400874
-1.006688	-1.502264
-1.204097	-1.559117
-1.397084	-1.651979
-1.612497	-1.721467
-1.798535	-1.795377
-2.010789	-1.883184
-2.200618	-1.932142
-2.403081	-2.002577
-2.608386	-2.078066
-2.803900	-2.148186
-3.002573	-2.248312
-3.211668	-2.319379
-3.398970	-2.375917
-3.612488	-2.443510
-3.792209	-2.512051
-4.010780	-2.598911
-4.201872	-2.652606
-4.401808	-2.709460
-4.606482	-2.779263
-4.805786	-2.801373
-4.996247	-2.874336
-5.211975	-2.957090
-5.396119	-3.041739
-5.617848	-3.101751
-5.799149	-3.142180
-6.003507	-3.221144
-6.205654	-3.263784
-6.400536	-3.349697
-6.608368	-3.446664
-6.810831	-3.491831
-7.003187	-3.551212
-7.214493	-3.591957
-7.392951	-3.649443
-7.611522	-3.753991
-7.805773	-3.815898
-8.002866	-3.880964
-8.208172	-3.921710
-8.412846	-3.974773
-8.591303	-4.049314
-8.810190	-4.125120
-8.999703	-4.181342
-9.149734	-4.227773
-9.180057	-4.232510
-9.199639	-4.232826
-9.203429	-4.246724
-9.193954	-4.266623
-9.189531	-4.259990
-9.185426	-4.253357
-9.164579	-4.247040
-9.153840	-4.224614
-8.999388	-4.159548
-8.796293	-4.140913
-8.601727	-4.068898
-8.401475	-3.968456
-8.203118	-3.928026
-8.008552	-3.850642
-7.799772	-3.841482
-7.608048	-3.796631
-7.395478	-3.687661
-7.207544	-3.635861
-7.017084	-3.528786
-6.795354	-3.450454
-6.617212	-3.427081
-6.397062	-3.348433
-6.208812	-3.301371
-6.002559	-3.191454
-5.803255	-3.130178
-5.617217	-3.091328
-5.404646	-3.037632
-5.197762	-2.977304
-5.011408	-2.903079
-4.794415	-2.818745
-4.611220	-2.762839
-4.405283	-2.708196
-4.205347	-2.664608
-4.008569	-2.601121
-3.804527	-2.505418
-3.591326	-2.439720
-3.414763	-2.358861
-3.198402	-2.308956
-3.014575	-2.256840
-2.797899	-2.181351
-2.603017	-2.114706
-2.401186	-2.019317
-2.209462	-1.937195
-2.001630	-1.876235
-1.807379	-1.817171
-1.594809	-1.729363
-1.411297	-1.656085
-1.196516	-1.560381
-1.008583	-1.488682
-0.804225	-1.398031
-0.605237	-1.290957
-0.402774	-1.140294
-0.205996	-0.904351
0.006575	-0.615344
0.189162	-0.338024
0.403655	-0.067968
0.585926	0.120929
0.800103	0.316468
0.994063	0.395126
1.190550	0.486735
1.409465	0.527802
1.596475	0.543280
1.795489	0.617516
2.003664	0.681643
2.188462	0.728395
2.407694	0.748612
2.593124	0.716391
2.798140	0.738820
2.999365	0.767566
3.192061	0.800735
3.398025	0.853489
3.598619	0.856648
3.793526	0.863282
4.004544	0.860439
4.186815	0.869916
4.397202	0.930884
4.602533	0.940677
4.792386	0.964053
5.005615	0.957735
5.194205	0.972898
5.393535	0.989956
5.598551	0.988061
5.791563	1.013964
5.994999	1.051240
6.201910	1.018387
6.393343	1.039236
6.605940	1.077459
6.794530	1.038288
6.997650	1.076196
7.200139	1.086936
7.398521	1.079670
7.601642	1.120737
7.806026	1.119473
7.985138	1.104310
8.205002	1.117262
8.387273	1.100520
8.603662	1.133057
8.795409	1.160540
9.002953	1.190234
9.201966	1.170648
9.394347	1.138427
9.592413	1.142218
9.803747	1.168753
9.985387	1.185495
9.807854	1.219928
9.584831	1.172860
9.393084	1.154853
9.195333	1.073037
8.995687	1.108101
8.797305	1.180757
8.601450	1.176650
8.388221	1.154853
8.211003	1.134320
7.992404	1.060401
7.806974	1.093570
7.589638	1.120421
7.401680	1.141902
7.199507	1.119157
6.999230	1.073984
6.787896	1.024705
6.605940	1.012385
6.393975	1.036709
6.204753	1.060401
5.990261	1.041763
5.798512	1.024705
5.596655	0.978584
5.389428	0.978268
5.197680	0.967528
5.001825	0.957103
4.792070	0.958998
4.601585	0.934043
4.387724	0.890765
4.199451	0.906560
4.000437	0.859491
3.794473	0.863914
3.602409	0.889502
3.393918	0.814318
3.187955	0.800735
2.996838	0.796628
2.798772	0.736924
2.607971	0.734713
2.400428	0.684801
2.186567	0.699649
2.004927	0.679115
1.786644	0.634890
1.596159	0.611830
1.399040	0.519588
1.194972	0.461148
0.999749	0.388176
0.788099	0.279192
0.589401	0.157257
0.404287	-0.071758
0.186319	-0.360765
0.004363	-0.617871
-0.206944	-0.923934
-0.404037	-1.130187
-0.605237	-1.306434
-0.814332	-1.411929
-0.997528	-1.483628
-1.200307	-1.595125
-1.411929	-1.671246
-1.598915	-1.730310
-1.813064	-1.805484
-1.998787	-1.852546
-2.209778	-1.929931
-2.402133	-1.991522
-2.607123	-2.068275
-2.802637	-2.139026
-3.008258	-2.204092
-3.193349	-2.279582
-3.410341	-2.377496
-3.586588	-2.445405
-3.806738	-2.535108
-3.996251	-2.580591
-4.201872	-2.654817
-4.404335	-2.730306
-4.612799	-2.790318
-4.795363	-2.863913
-5.007301	-2.933716
-5.195235	-2.940981
-5.413806	-3.010153
-5.600161	-3.043950
-5.810520	-3.167449
-6.008245	-3.247676
-6.201232	-3.294106
-6.397062	-3.348118
-6.610263	-3.418237
-6.796618	-3.432135
-7.012978	-3.560688
-7.194594	-3.631439
-7.413166	-3.714509
-7.601415	-3.739777
-7.800404	-3.791577
-8.005077	-3.879385
-8.211962	-3.959612
-8.402422	-4.060054
-8.611202	-4.119119
-8.793766	-4.155757
-9.012969	-4.204715
-9.156052	-4.207558
-9.177529	-4.233458
-9.195848	-4.247671
-9.207536	-4.241986
-9.231541	-4.233458
-9.234699	-4.217349
-9.223329	-4.211664
-9.204693	-4.212927
-9.155419	-4.206295
-9.007283	-4.174393
-8.810506	-4.072056
-8.598884	-4.012360
-8.416636	-3.969719
-8.204698	-3.915076
-8.005393	-3.849379
-7.803246	-3.778311
-7.589728	-3.717983
-7.401163	-3.683239
-7.206913	-3.619752
-6.996553	-3.571743
-6.813674	-3.515205
-6.596366	-3.431187
-6.406853	-3.380019
-6.203759	-3.308004
-5.998453	-3.260626
-5.809572	-3.212300
-5.606478	-3.109332
-5.393908	-3.027209
-5.206922	-2.990254
-4.995615	-2.894866
-4.806734	-2.879074
-4.602060	-2.785265
-4.404967	-2.720830
-4.209137	-2.631759
-4.001936	-2.536371
-3.797894	-2.505418
-3.608066	-2.467831
-3.397075	-2.365178
-3.218301	-2.317800
-2.995624	-2.193669
-2.808006	-2.161452
-2.599542	-2.067327
-2.392658	-2.033531
-2.209146	-1.971308
-2.009210	-1.880341
-1.799167	-1.802957
-1.612181	-1.729047
-1.399295	-1.626710
-1.211046	-1.588808
-0.993738	-1.478890
-0.808015	-1.419510
-0.609659	-1.284956
-0.403721	-1.115658
-0.201574	-0.895823
-0.005745	-0.626715
0.207168	-0.311492
0.384701	-0.075548
0.601405	0.154414
0.786520	0.266556
1.000065	0.392914
1.197815	0.479786
1.397145	0.557812
1.591105	0.605512
1.793278	0.651317
1.991976	0.637417
2.202994	0.679431
2.391899	0.691119
2.594072	0.765039
2.805722	0.793469
2.986729	0.787152
3.194904	0.808948
3.398025	0.783361
3.591037	0.808001
3.809320	0.872443
3.994435	0.885711
4.195344	0.935306
4.401624	0.907192
4.587370	0.889817
4.797441	0.940677
4.994559	0.953944
5.198627	0.998801
5.402064	1.011753
5.594444	0.992167
5.802619	1.010489
6.000053	1.000381
6.183904	1.027232
6.408506	1.081882
6.594568	1.055662
6.799268	1.075248
6.992912	1.056610
7.194769	1.097045
7.400417	1.084093
7.597219	1.082198
7.799392	1.135268
8.010726	1.117894
8.188891	1.104942
8.406227	1.173175
8.592289	1.119789
8.801096	1.138427
8.996319	1.144113
9.189015	1.140322
9.392451	1.178861
9.599047	1.206028
9.787004	1.168121
10.000549	1.183916
9.791427	1.136216
9.598731	1.162435
9.390872	1.171596
9.189331	1.201606
8.998215	1.171596
8.800148	1.124528
8.588498	1.077459
8.404963	1.129266
8.187943	1.160856
8.001565	1.194656
7.793390	1.124212
7.596588	1.129898
7.403575	1.039236
7.193190	1.032918
6.991333	1.091674
6.796109	1.097676
6.592041	1.067666
6.408506	1.062612
6.191486	0.963105
6.001317	0.987113
5.804830	0.996274
5.589074	1.022177
5.395746	1.027232
5.203682	0.971950
4.993611	0.931200
4.804706	0.927725
4.585159	0.909403
4.402256	0.947626
4.190606	0.908771
3.992224	0.898978
3.811848	0.846224
3.600198	0.815898
3.401184	0.808316
3.202802	0.786520
2.986414	0.794417
2.805090	0.764407
2.589649	0.703123
2.401376	0.723025
2.202362	0.673429
1.987553	0.631099
1.796752	0.639944
1.589525	0.576765
1.398093	0.549282
1.199079	0.492737
0.991536	0.396705
0.796944	0.291828
0.599510	0.137039
0.385649	-0.096711
0.201482	-0.326653
-0.005429	-0.645666
-0.201574	-0.905614
-0.406564	-1.140294
-0.608395	-1.293484
-0.808963	-1.391714
-0.997528	-1.492156
-1.210098	-1.563855
-1.397716	-1.626078
-1.610602	-1.732206
-1.799167	-1.773583
-2.010789	-1.885711
-2.203461	-1.928667
-2.396132	-1.999419
-2.608386	-2.075855
-2.800426	-2.135868
-2.990254	-2.218937
-3.213563	-2.320011
-3.396759	-2.350017
-3.607434	-2.449195
-3.798526	-2.465620
-4.007306	-2.579643
-4.209137	-2.633339
-4.404335	-2.710407
-4.605850	-2.768840
-4.806418	-2.826642
-4.995615	-2.868966
-5.210080	-2.967197
-5.399593	-3.016154
-5.611216	-3.125440
-5.806414	-3.166501
-6.000032	-3.236937
-6.207865	-3.296949
-6.407485	-3.356330
-6.600472	-3.441295
-6.811463	-3.507308
-6.999396	-3.533840
-7.213546	-3.609645
-7.398952	-3.641862
-7.603310	-3.757149
-7.810827	-3.854748
-8.003182	-3.910339
-8.207224	-3.968772
-8.409687	-4.030364
-8.601094	-4.044261
-8.808611	-4.138386
-9.001598	-4.198714
-9.140890	-4.236932
-9.185426	-4.236617
-9.200903	-4.234406
-9.221433	-4.225877
-9.216695	-4.243249
-9.193322	-4.254304
-9.199007	-4.243565
-9.190164	-4.221771
-9.167106	-4.202188
-9.014548	-4.152599
-8.793450	-4.106484
-8.604885	-4.085638
-8.406844	-3.981090
-8.204698	-3.948873
-8.008236	-3.860118
-7.799456	-3.777048
-7.610575	-3.737882
-7.403690	-3.650706
-7.201859	-3.605855
-7.010451	-3.574269
-6.801355	-3.475407
-6.608368	-3.456772
-6.405274	-3.377808
-6.203759	-3.321586
-6.006350	-3.223671
-5.808625	-3.155446
-5.602687	-3.095434
-5.411911	-3.036053
-5.199657	-2.945719
-5.005406	-2.908132
-4.799469	-2.796320
-4.611536	-2.756522
-4.404019	-2.680085
-4.205347	-2.640603
-4.003200	-2.592593
-3.806738	-2.504786
-3.596379	-2.410977
-3.413499	-2.365178
-3.201877	-2.281477
-3.006363	-2.259051
-2.802005	-2.175034
-2.604596	-2.114074
-2.400238	-2.026582
-2.208514	-1.920139
-2.002577	-1.856021
-1.809590	-1.826646
-1.598915	-1.721151
-1.410666	-1.675984
-1.197148	-1.554379
-1.004161	-1.493420
-0.811490	-1.388556
-0.600499	-1.288430
-0.402142	-1.132398
-0.209155	-0.922039
0.004363	-0.628294
0.189162	-0.380348
0.397653	-0.080918
0.586558	0.098816
0.790942	0.306043
1.008910	0.421029
1.189602	0.458621
1.407885	0.530645
1.603109	0.568236
1.786012	0.618464
2.001137	0.701544
2.190989	0.696174
2.400112	0.747980
2.603549	0.731554
2.788663	0.714496
2.999997	0.791890
3.195852	0.808001
3.395498	0.855069
3.606200	0.856017
3.794789	0.845592
3.997910	0.841486
4.195976	0.859807
4.384250	0.932147
4.601270	0.978584
4.788911	0.962473
4.999613	0.981111
5.197048	0.937518
5.392587	0.956155
5.591917	1.016176
5.795353	1.034813
5.991209	1.053135
6.203174	1.043658
6.400924	0.993115
6.597095	1.044290
6.802111	1.039236
7.004284	1.080618
7.197928	1.111892
7.395678	1.084093
7.593112	1.087884
7.806026	1.110312
7.987350	1.089147
8.196157	1.158644
8.394539	1.139059
8.597975	1.146324
8.802044	1.125475
8.996319	1.182652
9.195649	1.169385
9.396242	1.163067
9.585779	1.170648
9.801536	1.182020
9.992021	1.164962
9.799641	1.221191
9.591465	1.156117
9.396874	1.146640
9.195649	1.130214
8.993476	1.125159
8.795094	1.158012
8.597975	1.177282
8.385062	1.133688
8.200263	1.129266
7.986402	1.046817
7.806342	1.095465
7.600379	1.091043
7.392203	1.138427
7.201719	1.117262
6.997966	1.060085
6.794846	0.996906
6.600254	1.013964
6.394922	1.046501
6.196540	1.075564
5.993104	1.037972
5.792511	1.020914
5.603289	0.960894
5.393219	0.921091
5.198627	0.976373
4.999613	0.994695
4.792386	0.969739
4.601902	0.946047
4.389936	0.869600
4.193765	0.883500
4.008018	0.888870
3.793526	0.879077
3.596091	0.881920
3.398025	0.829481
3.191114	0.791574
2.997470	0.769461
2.794981	0.739135
2.598494	0.753351
2.399480	0.724288
2.186567	0.671534
1.996398	0.669639
1.794225	0.618779
1.589525	0.600142
1.399040	0.543912
1.195920	0.486419
1.000065	0.402391
0.798208	0.270663
0.585610	0.133564
0.399232	-0.059124
0.200850	-0.359818
-0.005429	-0.630505
-0.200943	-0.928356
-0.410354	-1.130818
-0.604605	-1.296958
-0.812437	-1.407507
-1.004477	-1.483312
-1.198727	-1.563539
-1.408139	-1.681669
-1.601442	-1.732837
-1.805800	-1.831700
-2.009210	-1.872761
-2.206619	-1.958357
-2.403397	-2.005736
-2.607123	-2.089121
-2.802953	-2.149765
-3.007626	-2.231256
-3.205983	-2.262210
-3.406867	-2.347806
-3.605855	-2.401817
-3.803896	-2.516788
-4.006990	-2.576169
-4.197134	-2.643762
-4.406230	-2.714197
-4.606166	-2.771683
-4.799469	-2.825378
-5.003827	-2.922977
-5.204079	-2.945719
-5.402436	-3.041107
-5.606793	-3.074272
-5.804203	-3.164922
-6.005086	-3.258099
-6.199021	-3.312426
-6.402115	-3.371807
-6.608052	-3.433398
-6.804514	-3.470669
-7.007924	-3.580586
-7.208492	-3.618489
-7.394215	-3.724616
-7.617208	-3.763466
-7.792191	-3.782102
-8.005077	-3.862329
-8.211330	-3.911918
-8.399263	-3.992777
-8.607728	-4.060054
-8.798504	-4.081532
-9.006652	-4.172182
-9.168685	-4.199977
-9.169633	-4.235353
-9.166790	-4.272940
-9.169633	-4.281468
-9.194269	-4.265675
-9.212589	-4.241670
-9.221117	-4.212296
-9.194901	-4.216402
-9.146892	-4.226509
-9.000019	-4.178184
-8.804821	-4.125436
-8.598252	-4.050578
-8.402106	-4.005095
-8.202486	-3.944767
-8.000971	-3.901811
-7.800404	-3.830427
-7.599520	-3.745463
-7.392635	-3.667131
-7.209124	-3.612488
-7.000976	-3.550264
-6.804830	-3.524996
-6.603314	-3.436557
-6.396430	-3.405603
-6.201232	-3.325376
-5.997506	-3.271365
-5.804518	-3.234410
-5.608057	-3.163343
-5.399909	-3.065112
-5.203131	-3.004784
-5.006038	-2.880653
-4.798838	-2.827589
-4.608377	-2.759681
-4.401493	-2.694299
-4.207558	-2.621968
-4.005411	-2.548374
-3.794736	-2.480781
-3.603012	-2.443826
-3.406867	-2.358545
-3.202824	-2.329803
-3.005415	-2.210725
-2.801373	-2.175034
-2.611545	-2.071433
-2.392973	-2.010789
-2.210409	-1.969097
-2.007947	-1.875919
-1.801378	-1.788744
-1.607127	-1.726520
-1.397716	-1.637765
-1.198727	-1.604285
-0.997844	-1.486787
-0.801382	-1.406560
-0.614080	-1.291904
-0.404985	-1.112183
-0.204101	-0.912879
-0.004165	-0.610606
0.200534	-0.320020
0.393546	-0.080286
0.590665	0.143357
0.800419	0.283299
0.993431	0.391651
1.195920	0.502530
1.401883	0.550546
1.593000	0.605512
1.801491	0.632995
1.994503	0.634890
2.195096	0.680379
2.402955	0.704703
2.587122	0.752719
2.804458	0.809264
2.993679	0.781465
3.190798	0.791258
3.400236	0.779254
3.594512	0.815266
3.800159	0.890133
4.000753	0.887606
4.188711	0.914773
4.409205	0.917616
4.594004	0.849699
4.793966	0.927725
5.001825	0.977004
5.194837	1.002908
5.396694	1.015860
5.597287	0.988061
5.797881	0.976057
6.007003	0.986165
6.193381	1.038604
6.399029	1.095465
6.601518	1.083461
6.792950	1.083145
6.999862	1.037025
7.190346	1.050924
7.400417	1.092306
7.597535	1.124528
7.795286	1.148220
7.997143	1.137795
8.194577	1.098940
8.395487	1.135584
8.601450	1.122948
8.796989	1.157065
8.998215	1.194024
9.190279	1.165278
9.394979	1.162751
9.595572	1.191497
9.794271	1.160540
9.993916	1.180441
9.801536	1.182336
9.590834	1.175387
9.397506	1.160540
9.185225	1.171912
9.004848	1.159592
8.798569	1.123580
8.591973	1.133057
8.393591	1.123896
8.204686	1.117578
7.997775	1.162119
7.804447	1.124528
7.588374	1.097360
7.404523	1.080934
7.195716	1.049660
6.993860	1.086936
6.801164	1.111892
6.598675	1.066087
6.400609	1.051556
6.194329	0.970687
5.992156	0.987429
5.808305	1.013964
5.589390	1.013648
5.391007	1.030391
5.204945	0.982375
4.992032	0.913825
4.795861	0.901506
4.593372	0.919827
4.395622	0.948258
4.201030	0.913510
3.990960	0.875602
3.803003	0.846224
3.601461	0.780202
3.385705	0.823795
3.204697	0.815898
2.993047	0.792522
2.805406	0.779570
2.601969	0.712916
2.389372	0.699649
2.197939	0.682906
1.992607	0.651317
1.791698	0.651001
1.597423	0.588769
1.394302	0.547071
1.199711	0.473152
0.996590	0.393546
0.796628	0.271926
0.598246	0.133249
0.394810	-0.085972
0.195164	-0.320652
0.004047	-0.614080
-0.207892	-0.909089
-0.398984	-1.145348
-0.614712	-1.302012
-0.802962	-1.410350
-0.992790	-1.510160
-1.202202	-1.597652
-1.404033	-1.647557
-1.598599	-1.729995
