# Configuration automatically generated by WRITE_CONFIG()
connection eth
ip 192.168.0.10
samplehz 1000.000000
settleus 10.000000
nsample 128

# Analog Inputs
aichannel 0
ainegative 199
airange 10.000000
airesolution 0

aichannel 1
ainegative 199
airange 10.000000
airesolution 0

# Analog Outputs
aochannel 0
aosignal triangle
aofrequency 5.000000
aoamplitude 2.000000
aooffset 2.500000
aoduty 0.500000

# Meta Parameters
int:periods 10
flt:tip_T_C 462.242030
flt:plate_T_C 292.222027
flt:plate_Q_kW 0.367056
flt:cool_Thigh_C 42.240677
flt:cool_Tlow_C 12.618563
flt:air_psig 20.000000
flt:water_gph 2.500000
flt:standoff_in 0.228000
flt:oxygen_scfh 4.843750
flt:fuel_scfh 2.624656
flt:flow_scfh 7.468406
flt:ratio_fto 0.541865

## End Configuration ##
#: Wed Apr 19 17:05:12 2017
-7.002871	-2.345279
-10.005700	-2.998782
-9.796288	-3.010153
-9.608355	-2.930558
-9.413472	-2.856648
-9.202166	-2.783685
-9.009495	-2.788423
-8.799767	-2.764418
-8.606464	-2.701879
-8.404317	-2.675031
-8.211962	-2.614388
-8.001919	-2.561008
-7.805457	-2.532581
-7.608048	-2.500048
-7.399268	-2.487098
-7.217652	-2.429297
-6.996870	-2.368337
-6.818727	-2.294111
-6.591944	-2.263473
-6.408116	-2.296638
-6.202179	-2.222412
-6.000664	-2.157030
-5.815573	-2.062589
-5.600792	-2.047428
-5.404015	-2.050271
-5.193972	-2.032583
-5.010776	-1.950777
-4.791889	-1.823172
-4.616590	-1.826330
-4.404651	-1.802957
-4.205347	-1.800746
-4.005095	-1.721467
-3.802632	-1.651663
-3.603960	-1.586281
-3.404024	-1.583122
-3.213879	-1.572383
-2.993413	-1.498157
-2.807374	-1.433091
-2.599858	-1.350969
-2.405292	-1.321911
-2.209146	-1.287167
-2.007315	-1.227470
-1.813380	-1.134609
-1.592914	-1.032904
-1.407507	-0.956783
-1.195253	-0.826966
-1.001002	-0.740422
-0.802646	-0.580600
-0.603973	-0.472578
-0.408459	-0.332970
-0.197152	-0.222105
-0.018379	-0.124506
0.209379	-0.019326
0.384701	0.004363
0.596983	0.084285
0.791890	0.059961
1.002276	0.090287
1.199079	0.078283
1.397145	0.112715
1.598686	0.102923
1.788855	0.096605
2.003032	0.109556
2.190358	0.088391
2.402639	0.126615
2.590281	0.101027
2.803826	0.108609
2.991784	0.099132
3.197432	0.103554
3.396130	0.127247
3.590405	0.112084
3.802687	0.125667
3.994119	0.106082
4.198503	0.138935
4.390568	0.120297
4.597795	0.148727
4.798072	0.122192
5.001825	0.125667
5.207157	0.134512
5.385953	0.115558
5.599183	0.151886
5.789035	0.115874
6.005740	0.155045
6.189590	0.115243
6.403768	0.139566
6.600886	0.122508
6.788212	0.140198
7.006179	0.157257
7.190346	0.116190
7.405155	0.166418
7.589638	0.114927
7.809501	0.155361
7.987666	0.139251
8.199315	0.152834
8.394539	0.127562
8.596711	0.128826
8.798884	0.151570
8.990949	0.133880
9.198176	0.147780
9.393715	0.118086
9.603153	0.136407
9.791743	0.128194
10.000234	0.161363
9.794902	0.143989
9.592729	0.133249
9.400349	0.135144
9.186804	0.123456
9.007059	0.165154
8.786880	0.143041
8.602082	0.160416
8.389169	0.119981
8.198051	0.135144
8.004725	0.131353
7.800972	0.130405
7.605749	0.150939
7.384938	0.119349
7.207721	0.139251
6.985014	0.114927
6.803691	0.145568
6.593305	0.112715
6.401240	0.138619
6.204753	0.114295
5.999422	0.124403
5.801671	0.144621
5.585915	0.128510
5.402696	0.143357
5.185676	0.130721
5.003088	0.134512
4.790175	0.105134
4.595900	0.129774
4.397202	0.116822
4.190290	0.125351
4.002964	0.118717
3.789419	0.096289
3.606516	0.114295
3.385389	0.103238
3.199327	0.153150
2.996522	0.103554
2.799088	0.102291
2.600706	0.108925
2.391267	0.100395
2.205521	0.123456
1.983131	0.113031
1.803386	0.111452
1.586682	0.068806
1.401883	0.109240
1.195288	0.079230
0.993747	0.086180
0.799471	0.065331
0.586874	0.049852
0.399864	0.015736
0.185371	-0.047753
0.009418	-0.118189
-0.210418	-0.258744
-0.403405	-0.327916
-0.608711	-0.475104
-0.806436	-0.561965
-1.001318	-0.715786
-1.204097	-0.829809
-1.399927	-0.932778
-1.611549	-1.033535
-1.798851	-1.088810
-2.013000	-1.212941
-2.207883	-1.277691
-2.402765	-1.358865
-2.604280	-1.374027
-2.801689	-1.400558
-3.012048	-1.482049
-3.197771	-1.553748
-3.407814	-1.628605
-3.600169	-1.615655
-3.803264	-1.642187
-4.010780	-1.674404
-4.203768	-1.794113
-4.398334	-1.842123
-4.601744	-1.876867
-4.810524	-1.849388
-4.999405	-1.883816
-5.209764	-2.007947
-5.400856	-2.053746
-5.605846	-2.119759
-5.807045	-2.074592
-6.006033	-2.138395
-6.201548	-2.183878
-6.404010	-2.296322
-6.617528	-2.307061
-6.800092	-2.324117
-7.011083	-2.363283
-7.205333	-2.387288
-7.405585	-2.492783
-7.598257	-2.485835
-7.810511	-2.573326
-8.004445	-2.564167
-8.207856	-2.604912
-8.411898	-2.648184
-8.600779	-2.682612
-8.805452	-2.782738
-9.005388	-2.800110
-9.211326	-2.837065
-9.401786	-2.806743
-9.607408	-2.890444
-9.795973	-2.992465
-9.999699	-3.034790
-9.804185	-2.966249
-9.604249	-2.810849
-9.405260	-2.824115
-9.205009	-2.819377
-9.011074	-2.845909
-8.795661	-2.745783
-8.606780	-2.656712
-8.406528	-2.591962
-8.204381	-2.624811
-8.009500	-2.645973
-7.802299	-2.562587
-7.608995	-2.494678
-7.396741	-2.392342
-7.217968	-2.431192
-7.003187	-2.406555
-6.812410	-2.379076
-6.602051	-2.270738
-6.408748	-2.212305
-6.210076	-2.193985
-6.001296	-2.171875
-5.808625	-2.150713
-5.594791	-2.075224
-5.408753	-2.033847
-5.196498	-1.946671
-5.006670	-1.943828
-4.801048	-1.884448
-4.603955	-1.865180
-4.406230	-1.824119
-4.201872	-1.724625
-4.012044	-1.705042
-3.795683	-1.634291
-3.609961	-1.653242
-3.403076	-1.582491
-3.206931	-1.545851
-3.009521	-1.447621
-2.798531	-1.382870
-2.607439	-1.396452
-2.395184	-1.328859
-2.216095	-1.298221
-1.999103	-1.154192
-1.812433	-1.096706
-1.603653	-1.012689
-1.394241	-0.963100
-1.208203	-0.832968
-0.999739	-0.667460
-0.812121	-0.557858
-0.599867	-0.427726
-0.413197	-0.355080
-0.199048	-0.212629
-0.007324	-0.135245
0.198323	-0.020906
0.398285	0.010365
0.589401	0.055854
0.796944	0.085232
0.991852	0.080810
1.201290	0.104818
1.391143	0.080810
1.598054	0.114927
1.792330	0.091234
1.993555	0.115243
2.202362	0.106397
2.392215	0.107029
2.607339	0.108925
2.795613	0.084917
3.000313	0.144621
3.189534	0.110188
3.398341	0.146516
3.598619	0.111452
3.790998	0.128194
4.004544	0.125983
4.189658	0.131985
4.398465	0.134512
4.587370	0.119981
4.806602	0.131669
4.987926	0.111136
5.203366	0.158204
5.393219	0.123772
5.591285	0.133249
5.795353	0.104502
5.996579	0.138303
6.201910	0.139566
6.394290	0.138303
6.610047	0.143357
6.790739	0.109240
6.994175	0.137987
7.194137	0.130090
7.401996	0.156941
7.601326	0.124403
7.805079	0.149675
7.991457	0.141778
8.189207	0.137987
8.396750	0.158836
8.597659	0.133880
8.791303	0.157888
9.000742	0.129458
9.193122	0.148727
9.390556	0.142409
9.593677	0.141146
9.798377	0.155361
9.987914	0.127247
9.800588	0.147780
9.599047	0.126931
9.392451	0.160100
9.195333	0.137039
8.998530	0.162627
8.795726	0.130721
8.597028	0.142094
8.395802	0.138619
8.190786	0.135144
7.991140	0.159468
7.798445	0.119981
7.601010	0.130090
7.400733	0.105450
7.202034	0.162311
6.994175	0.121245
6.796109	0.133249
6.601834	0.124719
6.398081	0.113663
6.199068	0.138935
6.001001	0.130721
5.795353	0.151255
5.594128	0.104186
5.394798	0.138935
5.195785	0.131037
4.992032	0.135776
4.797441	0.138619
4.597479	0.110188
4.389936	0.126299
4.201030	0.109240
3.997910	0.146832
3.794473	0.106397
3.592616	0.127562
3.398973	0.108609
3.189850	0.104818
2.993363	0.125351
2.792454	0.107977
2.595967	0.147780
2.397269	0.091234
2.200782	0.125983
1.989764	0.078915
1.793909	0.118086
1.593948	0.093130
1.393038	0.091550
1.197183	0.098184
0.995958	0.056802
0.797576	0.081442
0.590665	0.041007
0.396389	0.035953
0.191057	-0.051544
-0.000375	-0.107766
-0.196205	-0.216420
-0.410670	-0.327285
-0.606184	-0.444151
-0.805488	-0.586917
-1.000686	-0.656405
-1.205044	-0.810542
-1.401506	-0.912879
-1.605232	-1.079018
-1.808642	-1.145348
-2.001945	-1.204728
-2.208514	-1.264425
-2.403397	-1.316857
-2.608386	-1.412561
-2.801373	-1.421089
-3.007942	-1.512371
-3.204088	-1.497210
-3.399918	-1.584386
-3.611856	-1.627026
-3.797894	-1.667140
-4.007622	-1.739470
-4.204083	-1.747367
-4.412231	-1.803273
-4.601744	-1.812117
-4.809577	-1.892976
-5.000037	-1.940670
-5.196498	-2.021528
-5.405594	-2.023739
-5.603951	-2.029741
-5.812731	-2.085015
-6.001927	-2.180087
-6.206601	-2.253997
-6.399272	-2.249891
-6.609632	-2.255261
-6.810515	-2.263157
-7.003502	-2.387288
-7.210387	-2.460250
-7.403374	-2.482992
-7.605205	-2.461830
-7.802299	-2.458987
-8.011395	-2.587856
-8.200591	-2.659870
-8.401475	-2.727463
-8.602674	-2.680085
-8.793766	-2.693351
-9.011705	-2.777684
-9.201534	-2.868019
-9.405577	-2.921714
-9.602037	-2.897709
-9.801658	-2.931190
-9.996224	-2.932137
-9.798499	-2.969092
-9.618463	-2.919187
-9.402418	-2.862017
-9.212589	-2.798531
-9.004441	-2.746415
-8.807664	-2.729043
-8.599516	-2.672821
-8.413161	-2.684823
-8.208803	-2.630812
-8.006341	-2.580591
-7.812406	-2.501627
-7.597625	-2.467831
-7.408428	-2.466883
-7.207860	-2.454881
-7.009820	-2.387288
-6.805461	-2.290952
-6.602683	-2.239468
-6.410644	-2.254313
-6.196494	-2.237257
-6.010771	-2.189247
-5.801360	-2.091016
-5.613742	-2.010158
-5.403067	-2.012369
-5.207869	-2.023423
-5.000669	-1.961200
-4.796627	-1.897713
-4.616905	-1.798851
-4.395175	-1.789059
-4.215454	-1.786217
-4.000041	-1.757474
-3.803580	-1.674088
-3.598274	-1.606811
-3.404340	-1.568909
-3.203772	-1.523742
-3.002257	-1.506054
-2.810849	-1.433407
-2.599542	-1.385713
-2.401186	-1.293168
-2.205672	-1.275480
-2.006999	-1.203149
-1.803273	-1.141242
-1.606495	-1.061646
-1.403401	-0.914142
-1.199991	-0.814648
-1.006056	-0.684832
-0.803593	-0.590076
-0.606184	-0.446993
-0.410354	-0.344025
-0.204101	-0.208207
-0.005429	-0.109661
0.197375	-0.035435
0.388808	0.027108
0.598246	0.061856
0.789047	0.081442
1.005119	0.067542
1.200027	0.094078
1.397461	0.096605
1.587630	0.106082
1.797384	0.123772
1.994187	0.086496
2.192885	0.104502
2.400744	0.099132
2.593756	0.123456
2.799088	0.093762
2.991152	0.122824
3.196800	0.098500
3.390444	0.119033
3.600198	0.137671
3.799844	0.116190
3.996015	0.137671
4.195660	0.112399
4.394674	0.136407
4.591477	0.120613
4.801863	0.145253
4.997086	0.118086
5.203682	0.125667
5.400800	0.125667
5.595707	0.126299
5.794405	0.133880
5.994999	0.124403
6.196856	0.144621
6.397134	0.117454
6.596464	0.131353
6.807797	0.131353
6.993228	0.130405
7.206773	0.143357
7.399153	0.125035
7.599747	0.140514
7.802867	0.128510
7.993984	0.163259
8.194577	0.139566
8.388221	0.149359
8.602398	0.138303
8.790671	0.112715
8.998530	0.151255
9.194069	0.135144
9.394979	0.150307
9.594940	0.099764
9.800588	0.140514
10.000549	0.127247
9.794586	0.164838
9.602838	0.150939
9.388345	0.133249
9.195965	0.139566
8.997267	0.131985
8.796673	0.158204
8.596080	0.136407
8.388853	0.153782
8.201527	0.132301
7.989877	0.140514
7.807606	0.154098
7.594060	0.131353
7.398521	0.142094
7.195085	0.128194
6.995123	0.137987
6.795162	0.115558
6.593305	0.140198
6.407874	0.144305
6.188327	0.126299
6.003844	0.143041
5.788404	0.117138
5.600130	0.130090
5.387533	0.116822
5.203050	0.149359
5.003088	0.119665
4.785437	0.128826
4.607903	0.122824
4.381407	0.121245
4.203242	0.131037
3.995067	0.110504
3.801739	0.110504
3.591037	0.091866
3.394234	0.125983
3.205329	0.118086
2.982623	0.119033
2.808565	0.119349
2.589017	0.101975
2.401376	0.107029
2.186567	0.115874
1.995766	0.116506
1.794857	0.095341
1.589841	0.095657
1.413256	0.080178
1.190866	0.076387
1.008278	0.074176
0.792838	0.064383
0.599826	0.056802
0.387860	0.009734
0.203377	-0.036698
-0.004797	-0.134613
-0.210734	-0.227159
-0.393614	-0.328548
-0.619766	-0.465945
-0.798855	-0.550594
-1.010794	-0.679778
-1.198096	-0.825071
-1.407191	-0.950150
-1.601442	-1.023428
-1.802957	-1.104918
-2.013000	-1.176933
-2.198723	-1.274217
-2.410661	-1.361076
-2.596068	-1.394873
-2.810849	-1.398031
-3.001941	-1.454569
-3.211353	-1.538903
-3.403708	-1.607127
-3.604276	-1.651979
-3.809897	-1.653558
-3.992461	-1.675984
-4.213559	-1.740734
-4.400545	-1.834227
-4.610588	-1.881289
-4.801364	-1.893291
-5.003827	-1.909716
-5.204079	-1.969097
-5.403067	-2.045533
-5.612795	-2.115653
-5.800412	-2.121970
-6.012982	-2.144712
-6.194599	-2.193353
-6.409696	-2.253681
-6.604578	-2.305166
-6.808620	-2.350017
-7.008872	-2.379076
-7.208176	-2.389815
-7.411902	-2.437825
-7.593203	-2.476991
-7.813985	-2.545531
-8.000024	-2.604596
-8.218595	-2.610281
-8.402106	-2.619125
-8.607728	-2.651026
-8.805452	-2.751468
-9.000967	-2.837065
-9.207220	-2.864544
-9.399891	-2.845593
-9.606460	-2.821272
-9.798183	-2.958353
-10.001278	-3.038896
-9.790287	-2.985517
-9.608355	-2.892024
-9.407787	-2.781474
-9.198060	-2.796635
-9.003178	-2.823167
-8.795030	-2.803584
-8.604569	-2.694299
-8.405265	-2.588803
-8.214805	-2.578064
-8.004445	-2.583434
-7.808931	-2.585960
-7.606469	-2.483939
-7.397689	-2.418242
-7.214493	-2.377812
-7.005713	-2.387288
-6.816833	-2.359493
-6.594471	-2.285899
-6.411907	-2.270106
-6.202811	-2.159873
-6.002875	-2.155766
-5.811467	-2.105230
-5.604267	-2.082804
-5.406857	-2.031636
-5.202500	-1.971939
-5.011092	-1.913190
-4.795679	-1.846545
-4.615010	-1.860443
-4.404651	-1.818750
-4.210084	-1.781163
-4.007306	-1.692724
-3.803896	-1.634291
-3.604591	-1.607127
-3.398970	-1.595125
-3.216406	-1.562276
-2.997835	-1.463729
-2.807374	-1.402453
-2.597015	-1.355075
-2.399291	-1.348758
-2.203461	-1.293800
-2.002577	-1.203465
-1.812117	-1.074912
-1.598599	-0.999423
-1.411613	-0.949834
-1.196200	-0.826651
-1.006372	-0.716733
-0.802646	-0.558490
-0.609027	-0.457417
-0.404353	-0.334233
-0.201259	-0.243583
-0.009535	-0.127980
0.205904	-0.032592
0.389755	-0.008903
0.609303	0.073860
0.790626	0.051748
1.004803	0.100080
1.193709	0.101027
1.398093	0.109240
1.596475	0.090919
1.783485	0.098816
1.999557	0.118401
2.188462	0.097236
2.406114	0.122508
2.591545	0.095657
2.802563	0.104818
2.989257	0.105766
3.193957	0.115558
3.398341	0.116190
3.592300	0.122824
3.797948	0.139251
3.994435	0.099448
4.201662	0.138935
4.389304	0.124719
4.595268	0.138619
4.793650	0.123140
4.996770	0.115874
5.203366	0.137039
5.385953	0.121876
5.599183	0.157888
5.791247	0.103554
6.008898	0.122192
6.190538	0.120613
6.405347	0.163574
6.598359	0.141146
6.792318	0.132617
7.003336	0.142725
7.183397	0.122508
7.408314	0.166733
7.583004	0.134196
7.808553	0.154414
7.987034	0.133249
8.196472	0.153150
8.397697	0.135776
8.597975	0.145884
8.802675	0.152202
8.990949	0.136407
9.202914	0.153466
9.381395	0.133249
9.600943	0.138303
9.787320	0.141778
9.999602	0.150939
9.795218	0.135460
9.590834	0.127247
9.397506	0.148411
9.185540	0.137987
9.007059	0.159152
8.786880	0.137987
8.604293	0.134512
8.388853	0.114611
8.196789	0.149991
7.991140	0.146832
7.794654	0.138303
7.600694	0.137039
7.386201	0.110188
7.205509	0.138619
6.983435	0.134196
6.805586	0.144937
6.592673	0.122508
6.403451	0.125983
6.193381	0.128194
5.992472	0.137039
5.801987	0.136092
5.587178	0.132933
5.401748	0.132617
5.190098	0.119349
5.007511	0.140514
4.786384	0.112084
4.594636	0.145568
4.402256	0.101659
4.194081	0.115558
4.003912	0.121245
3.790051	0.128826
3.606200	0.127247
3.392655	0.103238
3.200907	0.120929
2.993679	0.098184
2.794981	0.110504
2.598494	0.116190
2.387792	0.109240
2.201730	0.114295
1.983446	0.099448
1.800227	0.102923
1.582260	0.074492
1.405042	0.108609
1.206028	0.071965
0.996274	0.080810
0.803578	0.069122
0.589085	0.054591
0.397969	0.013840
0.192637	-0.037962
0.001520	-0.109661
-0.218631	-0.227159
-0.403090	-0.308649
-0.609659	-0.482053
-0.802646	-0.587865
-1.002898	-0.710416
-1.201886	-0.798855
-1.404980	-0.929303
-1.611549	-1.058488
-1.799167	-1.151349
-2.013000	-1.231260
-2.204408	-1.270742
-2.405923	-1.338335
-2.593857	-1.379080
-2.805480	-1.439408
-3.009837	-1.478259
-3.201245	-1.537007
-3.410973	-1.569856
-3.597011	-1.604916
-3.805791	-1.665876
-4.003200	-1.706306
-4.209769	-1.790955
-4.402124	-1.809590
-4.606166	-1.833911
-4.800417	-1.854125
-4.994668	-1.945407
-5.207237	-2.039216
-5.399909	-2.031952
-5.605846	-2.080909
-5.806098	-2.031004
-6.006033	-2.166190
-6.201232	-2.235678
-6.406221	-2.305798
-6.604578	-2.290637
-6.799144	-2.264105
-7.012662	-2.362335
-7.208176	-2.431823
-7.408112	-2.538898
-7.598257	-2.491204
-7.812090	-2.501943
-8.001919	-2.545215
-8.207540	-2.647236
-8.410003	-2.727463
-8.601411	-2.705669
-8.807032	-2.743572
-9.006652	-2.735991
-9.210378	-2.844330
-9.405260	-2.904658
-9.613409	-2.926136
-9.797868	-2.951720
-10.003173	-2.958669
-9.799763	-2.953615
-9.602985	-2.897709
-9.407472	-2.891708
-9.195848	-2.840223
-9.011074	-2.802637
-8.796925	-2.702511
-8.604885	-2.674400
-8.408739	-2.652290
-8.203118	-2.647868
-8.013921	-2.610281
-7.802614	-2.503838
-7.608364	-2.458987
-7.393898	-2.419189
-7.217020	-2.470989
-6.999396	-2.403081
-6.811463	-2.348438
-6.602367	-2.217674
-6.401799	-2.209462
-6.211339	-2.234414
-5.998453	-2.196828
-5.813678	-2.143448
-5.597634	-2.011105
-5.413490	-1.993417
-5.196814	-1.988364
-5.008249	-1.997208
-4.799785	-1.910348
-4.609009	-1.827910
-4.407810	-1.791902
-4.206295	-1.760001
-4.008569	-1.760001
-3.794736	-1.674720
-3.612172	-1.637765
-3.403076	-1.547747
-3.205667	-1.532270
-3.003204	-1.491524
-2.793477	-1.425827
-2.607439	-1.402769
-2.393605	-1.305486
-2.221464	-1.269479
-1.997523	-1.169984
-1.813380	-1.146927
-1.598283	-1.035430
-1.403717	-0.947623
-1.204413	-0.806120
-0.995001	-0.672514
-0.814016	-0.572072
-0.597656	-0.442256
-0.417303	-0.343709
-0.188940	-0.196837
-0.010482	-0.127664
0.203693	-0.011114
0.393862	0.014472
0.590981	0.077019
0.798208	0.082705
0.986481	0.078599
1.200658	0.096605
1.391775	0.091550
1.604056	0.112084
1.791698	0.088707
1.996398	0.108609
2.199835	0.078599
2.394110	0.114295
2.597862	0.127562
2.792770	0.107345
2.998418	0.121876
3.184164	0.101027
3.402447	0.137039
3.595459	0.119981
3.790998	0.145884
4.004228	0.132933
4.186499	0.127562
4.399097	0.131669
4.587370	0.125983
4.808497	0.145253
4.988873	0.116506
5.201470	0.156309
5.392587	0.113347
5.592865	0.137987
5.794090	0.114611
6.000685	0.144621
6.204438	0.122824
6.399977	0.133564
6.608151	0.137987
6.789791	0.106397
6.999546	0.150623
7.195085	0.126615
7.398837	0.158204
7.596272	0.120297
7.800656	0.136723
7.992720	0.140830
8.183520	0.145568
8.403384	0.154098
8.599555	0.114927
8.796673	0.133564
8.999162	0.128826
9.192174	0.165470
9.392767	0.137039
9.595256	0.135776
9.797745	0.133880
9.989809	0.120613
9.799641	0.157257
9.595256	0.133249
9.390241	0.159784
9.194701	0.119981
8.998846	0.156941
8.795094	0.137987
8.594185	0.162311
8.398330	0.152202
8.188259	0.125035
7.994616	0.151886
7.799392	0.119349
7.598167	0.154729
7.394731	0.109872
7.195085	0.157257
6.990069	0.112399
6.803059	0.128510
6.604993	0.112084
6.401872	0.121876
6.198751	0.149675
6.002581	0.124719
5.796617	0.158836
5.590022	0.108609
5.392903	0.143989
5.194837	0.128826
4.992980	0.138935
4.797441	0.124719
4.597795	0.102291
4.394990	0.121560
4.194396	0.109872
4.002648	0.144305
3.794789	0.096605
3.600514	0.120297
3.397393	0.103870
3.196168	0.122192
3.000313	0.129142
2.804142	0.110820
2.596283	0.134512
2.393794	0.075756
2.199519	0.134196
1.988185	0.090919
1.794541	0.120297
1.593948	0.094078
1.394618	0.085864
1.200342	0.097236
0.993747	0.065015
0.799156	0.091234
0.586558	0.035637
0.405234	0.026476
0.193585	-0.066705
0.009418	-0.121663
-0.199363	-0.237266
-0.399931	-0.342446
-0.598288	-0.453626
-0.803593	-0.569229
-1.000686	-0.638717
-1.206939	-0.822229
-1.404033	-0.930883
-1.608706	-1.061331
-1.803589	-1.111551
-2.008894	-1.157982
-2.208514	-1.264109
-2.402133	-1.347495
-2.605859	-1.423300
-2.804216	-1.424563
-3.011101	-1.468783
-3.204404	-1.505738
-3.406867	-1.600178
-3.606171	-1.658612
-3.798526	-1.668403
-4.007306	-1.691776
-4.202820	-1.728415
-4.411600	-1.833911
-4.599533	-1.872129
-4.808629	-1.922350
-4.997194	-1.920455
-5.202184	-1.967517
-5.415070	-2.017738
-5.601108	-2.097965
-5.813046	-2.127656
-6.000032	-2.171875
-6.211023	-2.199039
-6.396430	-2.223675
-6.607421	-2.297585
-6.799144	-2.318432
-7.006345	-2.416347
-7.203438	-2.425822
-7.396110	-2.446985
-7.597625	-2.451722
-7.802614	-2.519631
-8.008867	-2.621020
-8.203118	-2.636181
-8.404949	-2.662081
-8.603937	-2.618178
-8.799135	-2.703143
-9.010126	-2.832327
-9.200271	-2.875283
-9.408103	-2.883811
-9.603933	-2.828853
-9.807343	-2.906237
-9.999067	-2.994992
-9.797868	-3.028473
-9.614672	-2.933716
-9.400522	-2.808322
-9.211326	-2.764734
-9.003493	-2.787476
-8.806716	-2.801373
-8.599832	-2.731570
-8.414109	-2.662081
-8.204381	-2.581223
-8.004129	-2.592278
-7.807668	-2.573958
-7.601099	-2.531002
-7.397689	-2.454565
-7.203754	-2.410977
-7.003818	-2.374970
-6.797881	-2.341805
-6.606157	-2.307377
-6.405906	-2.270106
-6.199021	-2.212620
-6.007613	-2.137447
-5.804203	-2.111863
-5.608373	-2.054693
-5.406542	-2.049324
-5.204395	-2.001314
-5.001932	-1.922350
-4.797890	-1.863601
-4.616590	-1.818434
-4.398650	-1.833279
-4.212927	-1.786848
-4.004463	-1.744208
-3.800737	-1.621657
-3.600169	-1.581227
-3.411604	-1.584702
-3.211037	-1.537639
-3.004152	-1.507317
-2.808638	-1.386661
-2.597015	-1.360129
-2.404660	-1.307381
-2.207567	-1.315909
-2.004472	-1.212941
-1.802641	-1.118500
-1.608391	-1.017111
-1.402769	-0.922039
-1.196832	-0.868343
-1.005424	-0.721471
-0.805804	-0.603973
-0.604921	-0.444151
-0.407512	-0.363608
-0.193362	-0.230949
0.003100	-0.134929
0.200850	-0.049648
0.395757	0.013524
0.598562	0.048273
0.792522	0.088391
0.995958	0.082074
1.197815	0.107977
1.394302	0.091866
1.589841	0.105766
1.794541	0.103870
1.997030	0.097868
2.192885	0.110188
2.402955	0.106082
2.589649	0.120929
2.800351	0.082389
2.988309	0.116822
3.196800	0.103238
3.387600	0.121876
3.598619	0.133880
3.800791	0.105450
4.001385	0.116822
4.196292	0.116190
4.394990	0.160731
4.592424	0.118086
4.796493	0.140830
4.999298	0.110820
5.193257	0.129458
5.396694	0.140830
5.592865	0.125983
5.799460	0.132617
5.994367	0.117770
6.202542	0.143673
6.401556	0.108609
6.603729	0.147780
6.805586	0.114295
6.994492	0.132301
7.203614	0.134512
7.395994	0.137355
7.596272	0.155993
7.799708	0.133880
7.995879	0.159784
8.196157	0.121876
8.389484	0.145568
8.602398	0.143041
8.792251	0.140198
9.003585	0.152518
9.193122	0.128826
9.396558	0.151886
9.593677	0.100395
9.797745	0.158520
10.005604	0.136723
9.789532	0.142094
9.607576	0.142725
9.386133	0.119665
9.197860	0.149675
8.995055	0.143989
8.797305	0.157257
8.592921	0.127247
8.396434	0.130721
8.201211	0.113979
7.992404	0.143357
7.803815	0.152518
7.593744	0.141462
7.398205	0.121876
7.193505	0.122192
6.997966	0.143989
6.795477	0.127247
6.598359	0.140830
6.405663	0.125983
6.193381	0.123772
6.006055	0.131353
5.796933	0.143357
5.597603	0.150939
5.391324	0.127878
5.195785	0.136092
5.000561	0.119349
4.788911	0.133249
4.604744	0.134512
4.386145	0.119981
4.199135	0.129458
3.993803	0.115243
3.803003	0.116822
3.594512	0.099448
3.405607	0.120297
3.194904	0.108609
2.990204	0.101343
2.811723	0.103870
2.595020	0.100711
2.399796	0.110188
2.192253	0.127562
1.998294	0.101659
1.791698	0.084601
1.593000	0.097236
1.398409	0.087128
1.190234	0.093130
1.003224	0.083969
0.791258	0.074492
0.598246	0.040375
0.391651	0.023949
0.199902	-0.039857
-0.008587	-0.123242
-0.203470	-0.219262
-0.404353	-0.328232
-0.613449	-0.467840
-0.805173	-0.602078
-1.007004	-0.716102
-1.196832	-0.846549
-1.402769	-0.933725
-1.604285	-1.039537
-1.802325	-1.150401
-2.017422	-1.211046
-2.195880	-1.285587
-2.410661	-1.329175
-2.595752	-1.386977
-2.810217	-1.415088
-3.000046	-1.487103
-3.214195	-1.549010
-3.403708	-1.584070
-3.595747	-1.623552
-3.808002	-1.632711
-3.996251	-1.702515
-4.206610	-1.778952
-4.402440	-1.831384
-4.608061	-1.828857
-4.799469	-1.845282
-5.006038	-1.908768
-5.203131	-2.008262
-5.403383	-2.076171
-5.611531	-2.094175
-5.807361	-2.077750
-6.007929	-2.110915
-6.208497	-2.228729
-6.407485	-2.294111
-6.603946	-2.330434
-6.811779	-2.305166
-7.010767	-2.327907
-7.203438	-2.411293
-7.412850	-2.501312
-7.597309	-2.534476
-7.807352	-2.511735
-8.008552	-2.549006
-8.212910	-2.601753
-8.400843	-2.698405
-8.608044	-2.735991
-8.805452	-2.744204
-9.007915	-2.784001
-9.211957	-2.799478
-9.403681	-2.892655
-9.611513	-2.888233
-9.801658	-2.984253
-10.009806	-2.991518
-9.795656	-2.924241
-9.614672	-2.876231
-9.405577	-2.826010
-9.205324	-2.859491
-9.005073	-2.802953
-8.803557	-2.762839
-8.596357	-2.631128
-8.398316	-2.622600
-8.211015	-2.652290
-7.998128	-2.618494
-7.811774	-2.572695
-7.603310	-2.446037
-7.401479	-2.401186
-7.212282	-2.417926
-7.009188	-2.436561
-6.807357	-2.366126
-6.601419	-2.256208
-6.409380	-2.199354
-6.201548	-2.189563
-6.002244	-2.206619
-5.811152	-2.152608
-5.603319	-2.071433
-5.407489	-1.980783
-5.199657	-1.981731
-5.012987	-1.960884
-4.792521	-1.914454
-4.619116	-1.863285
-4.401176	-1.781163
-4.207242	-1.760001
-4.003200	-1.716413
-3.804843	-1.696198
-3.603012	-1.617550
-3.405603	-1.592914
-3.215143	-1.518372
-2.994992	-1.468783
-2.813692	-1.432144
-2.595752	-1.379712
-2.399606	-1.349706
-2.199670	-1.265057
-2.006367	-1.189883
-1.809274	-1.078387
-1.600178	-1.028166
-1.410034	-0.946675
-1.195569	-0.805488
-1.008899	-0.679147
-0.803277	-0.537328
-0.613449	-0.448573
-0.406248	-0.327916
-0.200943	-0.225895
0.002468	-0.106818
0.208432	-0.018695
0.383122	0.014472
0.602669	0.092182
0.788415	0.075440
1.001013	0.100395
1.193077	0.080178
1.399356	0.103870
1.592368	0.087760
1.786012	0.106397
2.005559	0.109240
2.185303	0.087128
2.407694	0.116506
2.589333	0.102923
2.804458	0.115874
2.993047	0.101027
3.200275	0.127247
3.398973	0.108609
3.594828	0.126615
3.807109	0.131353
3.989065	0.120929
4.201662	0.140830
4.388988	0.127562
4.599374	0.123772
4.788596	0.123772
4.996139	0.134828
5.208104	0.133880
5.386901	0.122192
5.603289	0.130721
5.786824	0.121245
6.004160	0.126299
6.191802	0.137987
6.403768	0.132933
6.596464	0.121245
6.792003	0.119033
7.006495	0.131353
7.183081	0.135776
7.407366	0.161995
7.587111	0.134196
7.806342	0.126615
7.987034	0.134828
8.199315	0.153466
8.392012	0.139882
8.591973	0.147780
8.804887	0.143673
8.990949	0.118717
9.210180	0.136092
9.392451	0.161363
9.599679	0.140198
9.791111	0.147780
9.999918	0.143673
9.792690	0.132933
9.589886	0.148096
9.399402	0.152834
9.183013	0.150939
9.003901	0.131669
8.798569	0.146516
8.598291	0.146516
8.391064	0.144937
8.196157	0.153466
7.993984	0.145253
7.793390	0.132301
7.603537	0.135144
7.390308	0.124403
7.204246	0.135144
6.987226	0.144621
6.796109	0.130090
6.596464	0.108293
6.397766	0.134828
6.194645	0.142094
5.990577	0.138935
5.803251	0.149675
5.584967	0.125983
5.399537	0.117770
5.189466	0.130721
5.004983	0.144305
4.789543	0.119665
4.594952	0.131985
4.398149	0.104186
4.190290	0.125983
4.002017	0.115558
3.797317	0.129458
3.605568	0.092814
3.388232	0.122824
3.201222	0.134828
2.984518	0.116822
2.801615	0.134828
2.598810	0.103238
2.395058	0.112715
2.199835	0.102607
1.989448	0.113663
1.799595	0.101975
1.585419	0.095973
1.403463	0.099132
1.193077	0.078283
0.997854	0.083969
0.795681	0.072281
0.592560	0.057118
0.398285	0.012577
0.192005	-0.030381
0.010365	-0.102396
-0.207892	-0.229685
-0.400247	-0.306754
-0.606500	-0.461839
-0.802962	-0.549962
-1.002582	-0.660511
-1.203781	-0.763164
-1.400558	-0.936884
-1.611549	-1.052171
-1.794745	-1.132714
-2.015527	-1.191778
-2.200302	-1.219258
-2.406555	-1.354444
-2.601437	-1.405612
-2.804532	-1.480470
-3.004784	-1.466888
-3.205667	-1.510476
-3.416026	-1.578384
-3.594168	-1.645661
-3.811792	-1.701252
-3.998462	-1.693987
-4.207242	-1.745471
-4.404651	-1.790955
-4.607114	-1.866760
-4.806418	-1.905610
-4.999089	-1.948882
-5.211975	-1.988048
-5.401488	-1.996576
-5.612479	-2.087226
-5.803571	-2.095438
-6.006665	-2.186089
-6.207233	-2.213252
-6.398009	-2.242311
-6.608684	-2.257788
-6.799144	-2.286215
-7.016137	-2.416662
-7.200912	-2.424559
-7.410955	-2.471621
-7.600783	-2.435298
-7.811774	-2.473516
-8.004129	-2.579328
-8.207540	-2.672821
-8.410634	-2.690824
-8.595094	-2.639972
-8.813981	-2.684507
-9.000019	-2.778316
-9.215748	-2.898025
-9.404629	-2.918240
-9.613409	-2.887918
-9.799131	-2.868019
-10.001594	-2.963091
-9.805764	-3.001941
-9.603617	-2.951088
-9.414104	-2.874652
-9.196481	-2.776105
-9.014233	-2.752100
-8.799452	-2.772946
-8.609939	-2.740098
-8.407475	-2.661450
-8.207540	-2.600806
-8.010762	-2.564167
-7.800404	-2.530054
-7.611838	-2.532897
-7.392951	-2.463093
-7.217336	-2.440667
-7.002555	-2.369600
-6.807988	-2.327907
-6.607421	-2.266000
-6.398641	-2.255261
-6.208812	-2.254313
-5.994979	-2.143764
-5.820627	-2.094807
-5.598897	-2.015527
-5.414754	-2.032583
-5.199973	-2.004156
-5.007301	-1.964359
-4.801996	-1.872445
-4.603955	-1.796640
-4.414127	-1.819697
-4.194608	-1.783690
-4.018361	-1.755579
-3.793157	-1.674088
-3.606171	-1.590387
-3.398338	-1.576173
-3.205351	-1.566066
-3.003520	-1.519004
-2.799162	-1.420457
-2.614703	-1.358865
-2.395816	-1.302012
-2.217990	-1.288430
-1.999734	-1.236946
-1.810853	-1.144716
-1.605864	-1.018058
-1.402453	-0.921407
-1.205360	-0.835179
-0.995001	-0.711680
-0.814016	-0.599867
-0.595129	-0.466576
-0.415408	-0.344341
-0.196205	-0.222737
-0.007324	-0.136193
0.199902	-0.033224
0.394178	0.019526
0.591612	0.059013
0.801051	0.078283
0.985534	0.085548
1.204765	0.081758
1.389248	0.104818
1.602793	0.113347
1.785064	0.089023
1.998609	0.109872
2.191621	0.087760
2.396006	0.115558
2.601337	0.111136
2.800035	0.110188
2.993363	0.105134
3.189218	0.105450
3.402763	0.127562
3.591353	0.113031
3.798896	0.128826
3.998857	0.107029
4.191870	0.111768
4.396885	0.136092
4.586422	0.136407
4.807549	0.131985
4.989820	0.107977
5.207788	0.143989
5.388165	0.131985
5.595392	0.147464
5.796617	0.129458
5.996894	0.130405
6.204438	0.120613
6.392079	0.136407
6.608151	0.139566
6.784105	0.123140
7.002073	0.161047
7.192242	0.122192
7.400101	0.149675
7.595324	0.132301
7.806658	0.144305
7.999986	0.138619
8.188575	0.159784
8.404648	0.149043
8.587867	0.112715
8.807097	0.151886
8.992845	0.127562
9.196913	0.159468
9.393399	0.135776
9.593992	0.130090
9.798377	0.136407
9.990125	0.147464
9.805011	0.158520
9.593677	0.128826
9.397821	0.142094
9.189962	0.119033
8.998530	0.148096
8.799517	0.146516
8.590710	0.151255
8.400857	0.139882
8.186996	0.115558
8.005040	0.151255
7.797813	0.107345
7.608907	0.149991
7.391572	0.119665
7.200771	0.136407
6.996703	0.120929
6.783473	0.141146
6.606888	0.142094
6.390500	0.110188
6.205070	0.155045
5.990577	0.109872
5.803883	0.153782
5.588442	0.121560
5.399853	0.141778
5.197680	0.127878
4.995823	0.129142
4.805654	0.124403
4.596531	0.103238
4.400360	0.133880
4.188079	0.116822
4.008650	0.143989
3.790683	0.112399
3.601461	0.113347
3.396446	0.107661
3.190798	0.119981
3.000945	0.125667
2.791822	0.093762
2.604181	0.118401
2.386529	0.097236
2.204257	0.119349
1.985658	0.104186
1.792014	0.101027
1.593316	0.087444
1.388300	0.080810
1.205397	0.106397
0.992483	0.060593
0.806105	0.093130
0.581820	0.038164
0.403023	0.022685
0.192321	-0.053123
-0.002902	-0.121347
-0.201574	-0.234739
-0.413197	-0.354764
-0.600183	-0.442256
-0.814648	-0.621977
-0.993106	-0.711995
-1.211361	-0.843391
-1.397716	-0.946044
-1.611549	-1.041748
-1.808011	-1.123870
-2.005736	-1.209466
-2.212936	-1.292220
-2.391710	-1.343073
-2.603964	-1.390135
-2.805164	-1.408455
-3.011101	-1.450148
-3.198402	-1.530059
-3.413184	-1.593861
-3.604276	-1.623868
-3.802316	-1.633343
-4.010780	-1.680090
-4.196819	-1.755263
-4.416337	-1.844650
-4.598902	-1.871813
-4.810208	-1.883500
-5.002248	-1.880341
-5.205974	-1.988995
-5.413806	-2.075224
-5.602056	-2.116285
-5.816521	-2.128603
-5.993083	-2.106177
-6.212918	-2.199039
-6.393587	-2.281161
-6.615949	-2.365494
-6.801672	-2.313694
-7.008240	-2.350017
-7.210071	-2.381287
-7.398005	-2.468147
-7.612786	-2.540162
-7.798193	-2.547110
-8.017079	-2.578064
-8.199012	-2.587540
-8.417899	-2.680401
-8.599516	-2.699036
-8.807664	-2.762207
-9.005073	-2.801373
-9.202798	-2.804216
-9.409998	-2.843698
-9.605196	-2.864860
-9.811449	-2.951404
-9.996540	-3.006995
-9.806080	-2.971619
-9.608039	-2.863281
-9.404944	-2.805480
-9.210062	-2.816850
-8.997808	-2.818745
-8.810190	-2.782738
-8.595094	-2.673452
-8.418847	-2.589435
-8.199643	-2.580275
-8.008236	-2.636813
-7.805773	-2.578064
-7.606784	-2.509208
-7.404006	-2.389815
-7.204386	-2.405607
-7.011083	-2.410345
-6.797249	-2.376549
-6.623213	-2.320643
-6.397377	-2.186089
-6.205022	-2.195880
-6.001296	-2.146923
-5.811152	-2.162084
-5.601424	-2.077119
-5.404015	-2.018054
-5.207237	-1.954251
-4.997510	-1.932142
-4.806734	-1.926140
-4.607746	-1.845597
-4.410020	-1.833911
-4.200609	-1.738207
-4.008254	-1.716413
-3.802316	-1.663349
-3.595747	-1.626078
-3.409077	-1.609022
-3.202193	-1.524689
-3.005100	-1.486471
-2.794425	-1.396452
-2.599542	-1.387608
-2.396132	-1.329807
-2.206619	-1.269479
-2.007947	-1.184830
-1.801378	-1.071438
-1.610917	-1.021217
-1.397084	-0.919828
-1.206624	-0.850971
-0.995633	-0.669039
-0.813069	-0.560701
-0.600499	-0.417619
-0.406248	-0.346868
-0.200943	-0.217367
-0.000691	-0.117241
0.189162	-0.044279
0.403339	0.026792
0.590665	0.032162
0.808316	0.098500
0.982691	0.092498
1.202870	0.106713
1.393354	0.093130
1.591105	0.104186
1.795489	0.117138
1.989133	0.100395
2.195412	0.116506
2.391899	0.092498
2.606076	0.118086
2.792770	0.099448
2.996206	0.119349
3.192377	0.113979
3.393918	0.113347
3.601146	0.130405
3.793526	0.106713
4.004228	0.145568
4.182393	0.110188
4.403835	0.147464
4.588002	0.119349
4.799652	0.135144
4.994243	0.113347
5.194837	0.125667
5.400485	0.149675
5.587810	0.112399
5.807042	0.141462
5.982048	0.097868
6.208228	0.147148
6.389868	0.126615
6.610047	0.148727
6.790739	0.121245
6.992912	0.117138
7.206141	0.135776
7.398521	0.124719
7.607644	0.171788
7.788020	0.131985
8.000617	0.142094
8.190471	0.130721
8.395802	0.157888
8.596711	0.147148
8.793514	0.130721
9.002321	0.142725
9.188699	0.119033
9.404455	0.149675
9.587991	0.145884
9.799641	0.165470
9.992969	0.142725
9.793954	0.141462
9.594309	0.149359
9.391820	0.127562
9.198492	0.166102
8.988737	0.136723
8.811836	0.146516
8.585655	0.124088
8.396434	0.151886
8.192366	0.131037
7.992720	0.138935
7.801603	0.141146
7.593112	0.117454
7.405471	0.129774
7.193190	0.125667
7.006495	0.135776
6.786316	0.122192
6.608151	0.142725
6.396818	0.110188
6.194645	0.145568
6.000053	0.140830
5.787140	0.135776
5.601710	0.132933
5.380583	0.116822
5.210000	0.135144
4.991400	0.121560
4.797125	0.142094
4.594320	0.117770
4.394674	0.118717
4.194396	0.116506
3.993487	0.113663
3.805530	0.126931
3.586614	0.104186
3.406554	0.128826
3.189534	0.095341
2.992100	0.129458
2.800351	0.109240
2.596599	0.115874
2.402955	0.111136
2.189726	0.104818
2.000821	0.105134
1.783169	0.089023
1.596475	0.117770
1.398725	0.076387
1.195288	0.103238
0.995326	0.066911
0.794733	0.071649
0.596035	0.047957
0.390387	0.014788
0.207484	-0.034172
-0.007008	-0.124822
-0.197468	-0.192415
-0.408459	-0.340550
-0.605552	-0.438149
-0.806752	-0.599551
-1.001002	-0.675040
-1.191778	-0.773587
-1.409718	-0.899613
-1.598915	-1.032588
-1.808642	-1.173143
-2.006999	-1.196516
-2.206619	-1.263477
-2.400870	-1.310540
-2.603333	-1.408139
-2.805795	-1.472257
-3.001625	-1.487103
-3.217670	-1.530690
-3.403392	-1.542061
-3.604907	-1.651347
-3.806422	-1.682932
-4.002568	-1.743892
-4.201557	-1.755263
-4.408125	-1.798851
-4.604903	-1.845597
-4.795995	-1.895502
-5.009512	-1.957094
-5.200289	-1.982994
-5.409384	-2.050587
-5.603003	-2.045533
-5.814942	-2.108073
-6.000664	-2.154819
-6.208812	-2.242627
-6.401484	-2.266632
-6.601419	-2.272001
-6.807357	-2.284319
-7.005713	-2.345279
-7.211650	-2.459934
-7.398005	-2.483939
-7.612786	-2.496890
-7.799140	-2.454881
-8.010762	-2.556586
-8.207856	-2.664292
-8.404317	-2.722726
-8.608359	-2.734728
-8.803873	-2.660502
-9.007600	-2.765682
-9.202166	-2.837697
-9.412210	-2.948246
-9.602354	-2.931190
-9.793446	-2.910975
-10.008226	-2.938454
-9.795973	-2.939086
-9.607092	-2.976673
-9.406839	-2.859175
-9.212589	-2.835801
-8.998124	-2.724936
-8.811454	-2.746099
-8.601411	-2.713881
-8.409687	-2.674716
-8.209119	-2.648184
-8.005077	-2.554059
-7.810511	-2.533213
-7.599836	-2.463093
-7.409060	-2.476043
-7.197121	-2.444773
-7.010135	-2.397711
-6.795670	-2.304534
-6.609632	-2.242942
-6.406221	-2.225570
-6.201548	-2.222728
-6.006350	-2.192722
-5.802623	-2.094807
-5.613426	-2.021844
-5.398014	-1.984573
-5.211975	-2.011737
-5.000669	-1.982047
-4.803891	-1.904031
-4.603955	-1.826646
-4.404967	-1.764739
-4.211348	-1.789375
-3.996883	-1.741681
-3.813371	-1.708832
-3.594484	-1.581859
-3.412868	-1.564171
-3.207562	-1.517424
-3.002573	-1.508265
-2.808638	-1.439408
-2.601437	-1.351917
-2.411925	-1.322858
-2.194617	-1.257792
-2.018054	-1.239473
-1.797903	-1.131766
-1.609338	-1.067332
-1.404033	-0.931830
-1.202202	-0.823176
-1.005424	-0.718313
-0.802330	-0.577757
-0.615028	-0.482369
-0.391403	-0.346868
-0.208523	-0.237898
0.009102	-0.108081
0.193585	-0.055018
0.391335	0.027740
0.597614	0.051116
0.792522	0.073544
1.001328	0.087444
1.189602	0.082705
1.409781	0.108293
1.586682	0.098816
1.796121	0.121560
1.994819	0.091866
2.194149	0.092498
2.401060	0.111768
2.589965	0.102923
2.806353	0.126299
2.980096	0.102291
3.198695	0.118401
3.395814	0.092814
3.597987	0.133249
3.811532	0.114611
3.998226	0.123140
4.194396	0.134828
4.390883	0.123140
4.600322	0.136723
4.785120	0.134828
5.008459	0.146832
5.192626	0.107661
5.393851	0.147464
5.594760	0.118401
5.794722	0.145884
6.000369	0.130721
6.193381	0.139251
6.406610	0.128826
6.591409	0.114295
6.804954	0.146200
7.000494	0.118086
7.193505	0.164206
7.396310	0.132301
7.598799	0.139566
7.800656	0.135144
7.992404	0.139566
8.200895	0.161047
8.389484	0.130721
8.599555	0.148096
8.797936	0.116822
8.997267	0.137355
9.197228	0.130721
9.393084	0.160731
9.595572	0.180001
9.790480	0.120613
10.003709	0.148096
9.794271	0.125667
9.596204	0.166102
9.394347	0.120929
9.203230	0.134196
8.998530	0.126299
8.800148	0.169261
8.596711	0.142725
8.390116	0.137355
8.202475	0.149359
7.987982	0.113347
7.801603	0.159152
7.590586	0.119349
7.403892	0.147780
7.192558	0.123140
6.992596	0.136407
6.798320	0.134828
6.599307	0.113979
6.409453	0.139566
6.196540	0.127562
5.999738	0.158836
5.792194	0.116506
5.599498	0.138303
5.394166	0.126299
5.192941	0.141146
5.001825	0.141462
4.792070	0.105450
4.599058	0.129142
4.392147	0.103238
4.195028	0.145568
3.994435	0.108293
3.798896	0.139882
3.591353	0.104502
3.392023	0.103554
3.198063	0.125667
2.992100	0.092814
2.803195	0.144621
2.593124	0.078599
2.402323	0.116190
2.187199	0.091550
2.000505	0.121245
1.788539	0.093446
1.593000	0.090287
1.399988	0.094078
1.194972	0.068174
1.009226	0.097236
0.786204	0.063120
0.601721	0.072597
0.381226	0.003100
0.201166	-0.038278
-0.007008	-0.141562
-0.206628	-0.234107
-0.405616	-0.332022
-0.606184	-0.470998
-0.801698	-0.565439
-1.006688	-0.723366
-1.195253	-0.807068
-1.408771	-0.961836
-1.603653	-1.025639
-1.802957	-1.116921
-2.008262	-1.190199
-2.209146	-1.256529
-2.407187	-1.361708
-2.599226	-1.384134
-2.813376	-1.452358
-2.993097	-1.440040
-3.210089	-1.531006
-3.402760	-1.585649
-3.598590	-1.654505
-3.805475	-1.679142
-4.000989	-1.651979
-4.212927	-1.744524
-4.398650	-1.813696
-4.616590	-1.902135
-4.793152	-1.905610
-5.007617	-1.914454
-5.208501	-1.947934
-5.405278	-2.048060
-5.609636	-2.135236
-5.802308	-2.145343
-6.011403	-2.155451
-6.198705	-2.166190
-6.412539	-2.259367
-6.603946	-2.315905
-6.800408	-2.370232
-7.006345	-2.380339
-7.210387	-2.389815
-7.405585	-2.453933
-7.597625	-2.506365
-7.806721	-2.564798
-7.997497	-2.591330
-8.208803	-2.623547
-8.408423	-2.618809
-8.597620	-2.679138
-8.811138	-2.720830
-9.002862	-2.812112
-9.212905	-2.850331
-9.398627	-2.847804
-9.616567	-2.859491
-9.789340	-2.894550
-10.006964	-3.036369
-9.796920	-2.969408
-9.611513	-2.926452
-9.409998	-2.787476
-9.203114	-2.765998
-9.011705	-2.804848
-8.796293	-2.799162
-8.610887	-2.742940
-8.401158	-2.591330
-8.217648	-2.582802
-8.005709	-2.574590
-7.796297	-2.615019
-7.600152	-2.549006
-7.397373	-2.441615
-7.213546	-2.363283
-7.003818	-2.357282
-6.812095	-2.383182
-6.605525	-2.311483
-6.403378	-2.254945
-6.205022	-2.167769
-6.006350	-2.151029
-5.808309	-2.133973
-5.607110	-2.094175
-5.411911	-2.044270
-5.197130	-1.967833
-5.011408	-1.944460
-4.798522	-1.881921
-4.610904	-1.864233
-4.409705	-1.808642
-4.202188	-1.792218
-4.006674	-1.706306
-3.799158	-1.660191
-3.607750	-1.597336
-3.398654	-1.575226
-3.219249	-1.560381
-3.000993	-1.460887
-2.804848	-1.419510
-2.599542	-1.332334
-2.406555	-1.346231
-2.205672	-1.282429
-2.006052	-1.229681
-1.811169	-1.105550
-1.601126	-0.983946
-1.406875	-0.941622
-1.198411	-0.824440
-1.005108	-0.730631
-0.800435	-0.561965
-0.609659	-0.439097
-0.395193	-0.335497
-0.197784	-0.234423
0.000257	-0.139035
0.205273	-0.038593
0.393546	-0.000059
0.600457	0.064699
0.799156	0.054275
1.002592	0.110820
1.197499	0.100395
1.394934	0.099448
1.598686	0.105450
1.787907	0.087128
1.995766	0.125983
2.193833	0.088076
2.401376	0.128826
2.594704	0.083653
2.802247	0.125983
2.992416	0.101343
3.191114	0.113979
3.403395	0.126931
3.592616	0.108609
3.800791	0.132933
3.994119	0.097868
4.199135	0.143989
4.385513	0.123772
4.603797	0.139566
4.792070	0.118086
5.002772	0.113979
5.198627	0.140198
5.391007	0.136092
5.600762	0.155677
5.788088	0.113663
6.006055	0.128194
6.191802	0.111768
6.401556	0.145884
6.596464	0.139251
6.790423	0.133564
6.996071	0.140198
7.198244	0.113031
7.399153	0.166102
7.589322	0.136092
7.809501	0.150307
7.987034	0.146832
8.198684	0.157888
8.396118	0.142094
8.593868	0.143357
8.802991	0.155993
8.992212	0.122192
9.201019	0.157888
9.382975	0.125667
9.605365	0.155361
9.794902	0.128510
9.996127	0.158520
9.797429	0.140830
9.592097	0.131985
9.398769	0.147464
9.183961	0.126299
9.005795	0.165470
8.795094	0.135776
8.603346	0.146200
8.391696	0.130721
8.195209	0.147148
7.996511	0.142094
7.790863	0.138619
7.600379	0.145884
7.393467	0.099764
7.202982	0.138935
6.987542	0.131037
6.793898	0.155045
6.598359	0.127878
6.399977	0.114927
6.197804	0.131353
5.994367	0.127878
5.796617	0.169261
5.587178	0.122508
5.399221	0.143041
5.190414	0.108609
5.000877	0.148096
4.799652	0.127562
4.588950	0.130090
4.399097	0.125351
4.186815	0.104502
4.007071	0.123772
3.786576	0.118086
3.603357	0.133249
3.386337	0.107345
3.199643	0.126615
2.990836	0.100080
2.803826	0.116822
2.601022	0.107977
2.397901	0.115243
2.202362	0.122824
1.985658	0.097236
1.800543	0.108293
1.585103	0.077335
1.399672	0.107345
1.194656	0.080494
0.997222	0.083969
0.795681	0.064383
0.586874	0.046061
0.401759	0.020790
0.193585	-0.045226
0.001520	-0.108081
-0.204733	-0.217051
-0.404669	-0.310228
-0.604289	-0.437518
-0.810226	-0.583127
-0.999739	-0.703151
-1.211361	-0.792222
-1.394873	-0.887926
-1.613760	-1.057540
-1.801378	-1.142505
-2.004788	-1.248316
-2.210725	-1.258424
-2.400870	-1.324121
-2.607123	-1.384134
-2.802637	-1.459939
-3.006363	-1.498157
-3.198402	-1.528795
-3.415710	-1.585649
-3.603960	-1.595441
-3.807054	-1.677247
-4.000673	-1.690513
-4.210716	-1.778952
-4.403388	-1.800114
-4.609957	-1.835174
-4.809893	-1.877815
-4.996878	-1.909716
-5.209448	-2.015527
-5.404646	-2.036690
-5.606478	-2.091964
-5.807677	-2.064801
-6.003507	-2.127024
-6.207233	-2.228413
-6.400536	-2.274528
-6.614054	-2.322222
-6.800408	-2.255893
-7.006977	-2.330434
-7.211019	-2.402449
-7.404006	-2.520263
-7.602994	-2.517104
-7.805773	-2.509524
-8.011079	-2.506681
-8.202486	-2.615967
-8.416320	-2.731885
-8.598884	-2.726516
-8.804821	-2.756522
-9.001283	-2.714829
-9.212905	-2.823167
-9.407156	-2.902447
-9.612145	-2.963407
-9.802290	-2.940033
-10.003173	-2.944771
-9.806080	-2.925504
-9.598879	-2.912870
-9.409367	-2.908448
-9.198060	-2.812744
-9.012969	-2.784317
-8.799767	-2.697141
-8.601411	-2.702195
-8.410634	-2.652606
-8.208803	-2.632391
-8.008867	-2.610597
-7.807352	-2.515525
-7.608364	-2.476043
-7.396110	-2.399291
-7.212914	-2.435614
-7.003187	-2.397079
-6.804830	-2.351912
-6.611843	-2.255893
-6.399904	-2.166506
-6.205654	-2.227782
-5.999085	-2.168717
-5.816837	-2.164926
-5.600476	-2.029741
-5.413490	-1.972255
-5.199025	-1.972255
-5.003195	-1.970676
-4.805155	-1.936879
-4.604271	-1.829805
-4.410652	-1.782742
-4.198082	-1.729363
-4.015203	-1.757158
-3.792209	-1.696198
-3.611856	-1.638081
-3.403076	-1.550273
-3.208826	-1.516793
-3.005100	-1.491524
-2.802637	-1.433407
-2.610597	-1.388556
-2.392342	-1.313383
-2.209778	-1.264425
-1.995628	-1.210414
-1.803273	-1.155455
-1.595125	-1.050591
-1.405612	-0.931514
-1.200307	-0.814964
-0.999423	-0.670303
-0.813069	-0.586285
-0.595129	-0.447625
-0.414145	-0.350026
-0.193994	-0.204733
-0.007956	-0.122611
0.195796	-0.031013
0.393546	0.031214
0.588453	0.050484
0.802946	0.100395
0.988377	0.073228
1.214558	0.095341
1.390511	0.089971
1.594895	0.131669
1.791066	0.099132
1.994503	0.102291
2.199835	0.095025
2.390635	0.093446
2.604181	0.114927
2.791506	0.111768
3.002208	0.121245
3.186375	0.098184
3.396130	0.129774
3.595144	0.108293
3.798264	0.142409
4.000437	0.141146
4.191554	0.118717
4.398149	0.131037
4.589581	0.128194
4.803127	0.140198
4.992664	0.121876
5.200839	0.145884
5.396378	0.119665
5.590022	0.123772
5.799144	0.147464
5.991840	0.122824
6.203174	0.139566
6.386393	0.125351
6.608468	0.152834
6.788528	0.110504
6.992596	0.142725
7.204877	0.139566
7.394414	0.138619
7.604801	0.153466
7.790231	0.123456
8.004092	0.142094
8.179730	0.135460
8.402752	0.168629
8.595764	0.111768
8.797621	0.137671
8.998530	0.118086
9.190910	0.152834
9.404140	0.140830
9.594625	0.136407
9.805011	0.131985
9.992021	0.118717
9.801220	0.172420
9.592413	0.145253
9.394663	0.161047
9.192490	0.125983
8.997267	0.138303
8.802044	0.139251
8.589446	0.145568
8.402752	0.162943
8.190471	0.124403
7.995247	0.145884
7.798129	0.116822
7.597851	0.149043
7.404207	0.121245
7.192873	0.136407
7.000177	0.137671
6.786316	0.122192
6.608151	0.155677
6.394922	0.118401
6.195592	0.160416
5.996263	0.123140
5.797881	0.143357
5.594128	0.117454
5.388480	0.130721
5.203050	0.135776
4.990137	0.118717
4.804706	0.146516
4.590529	0.092498
4.397517	0.125667
4.188079	0.104502
4.000121	0.131669
3.799528	0.104186
3.593564	0.104502
3.398973	0.106713
3.193325	0.099132
2.992416	0.138619
2.796245	0.107661
2.599442	0.119349
2.391899	0.089971
2.199203	0.112084
1.994503	0.109240
1.787591	0.097868
1.596159	0.109556
1.395566	0.075756
1.199711	0.099132
0.995642	0.060277
0.802630	0.087128
0.591928	0.037216
0.398916	0.029003
0.202745	-0.044911
-0.008271	-0.125453
-0.199363	-0.203785
-0.403721	-0.364871
-0.601130	-0.437834
-0.817491	-0.610290
-0.993106	-0.675672
-1.207571	-0.830757
-1.401190	-0.941622
-1.602389	-1.063226
-1.810853	-1.139978
-1.999103	-1.162088
-2.216095	-1.263162
-2.394868	-1.323490
-2.616914	-1.425195
-2.796635	-1.440040
-3.012680	-1.470994
-3.203456	-1.487734
-3.407814	-1.585017
-3.599854	-1.670930
-3.798526	-1.693356
-4.010149	-1.718308
-4.195240	-1.714834
-4.410652	-1.823488
-4.600165	-1.875604
-4.804523	-1.929615
-5.006038	-1.926772
-5.203447	-1.944776
-5.411911	-2.023108
-5.602056	-2.084383
-5.818416	-2.178824
-5.994979	-2.153556
-6.211655	-2.210409
-6.400536	-2.218306
-6.610895	-2.313062
-6.809252	-2.355703
-7.002555	-2.390446
-7.213230	-2.433087
-7.395794	-2.423295
-7.614681	-2.510787
-7.795666	-2.508576
-8.014553	-2.607123
-8.203434	-2.639972
-8.413793	-2.672821
-8.603937	-2.662081
-8.803557	-2.697773
-9.010442	-2.806743
-9.197744	-2.876547
-9.416947	-2.909080
-9.603301	-2.869914
-9.811766	-2.878442
-9.991171	-2.991202
-9.802606	-3.008890
-9.612145	-2.956458
-9.401786	-2.837065
-9.204062	-2.764102
-8.996229	-2.763155
-8.805452	-2.805164
-8.590987	-2.744519
-8.409371	-2.680401
-8.204065	-2.555639
-8.000655	-2.562587
-7.809563	-2.576485
-7.596045	-2.536371
-7.410007	-2.475411
-7.199964	-2.374970
-7.018979	-2.356966
-6.796302	-2.322854
-6.613738	-2.322854
-6.408116	-2.229045
-6.201548	-2.203145
-6.009508	-2.120391
-5.801676	-2.111547
-5.614374	-2.073328
-5.399277	-2.028477
-5.212923	-2.022160
-4.995299	-1.917296
-4.804839	-1.895818
-4.609641	-1.813064
-4.405599	-1.815275
-4.211664	-1.777373
-3.996251	-1.740418
-3.799474	-1.662086
-3.598590	-1.567014
-3.414447	-1.580911
-3.206299	-1.532901
-3.006679	-1.502895
-2.808638	-1.398979
-2.603333	-1.336756
-2.403713	-1.314014
-2.202197	-1.283060
-2.015843	-1.242315
-1.797272	-1.111551
-1.612497	-1.007635
-1.406244	-0.889822
-1.201570	-0.833915
-1.002582	-0.718628
-0.804225	-0.595129
-0.607132	-0.445414
-0.399931	-0.331707
-0.213261	-0.224632
0.007206	-0.105555
0.194216	-0.049333
0.397021	0.047009
0.591612	0.048589
0.799787	0.090287
0.994695	0.085232
1.197183	0.101975
1.402831	0.095657
1.586682	0.089023
1.795489	0.116190
1.989133	0.086180
2.202046	0.109556
2.392531	0.091234
2.603549	0.111768
2.799088	0.096921
2.992732	0.104818
3.203749	0.113031
3.392971	0.112084
3.602725	0.140830
3.796053	0.107029
4.002332	0.141146
4.191238	0.112084
4.395622	0.140198
4.597163	0.129142
4.793018	0.127562
5.003720	0.136407
5.190730	0.099448
5.397326	0.148411
5.595076	0.109872
5.800408	0.153150
5.992472	0.101027
6.200015	0.128826
6.406926	0.117454
6.597095	0.137671
6.810325	0.158836
6.993228	0.108293
7.202034	0.157257
7.390940	0.115558
7.606064	0.170208
7.793074	0.134828
7.995879	0.152202
8.195841	0.138619
8.389484	0.130090
8.598923	0.154729
8.797305	0.128826
9.009271	0.156625
9.191858	0.108925
9.401612	0.154414
9.588306	0.134196
9.796798	0.141146
9.999918	0.148411
9.790164	0.134512
9.598415	0.158204
9.385502	0.116190
9.198808	0.150939
8.993160	0.125667
8.802675	0.168629
8.590077	0.136407
8.393907	0.129774
8.197420	0.132617
7.989245	0.123140
7.805079	0.156941
7.587427	0.112399
7.408946	0.140830
7.182133	0.103238
7.002073	0.145253
6.793266	0.137039
6.592357	0.152834
6.401872	0.134828
6.195909	0.110504
6.002896	0.145884
5.788404	0.119349
5.601394	0.145884
5.381846	0.126931
5.210000	0.130090
4.991084	0.105450
4.793650	0.143673
4.597163	0.135144
4.391831	0.115558
4.199451	0.127878
3.991908	0.104502
3.803319	0.119981
3.586930	0.105450
3.395182	0.129142
3.194904	0.111136
2.991784	0.107029
2.800667	0.123140
2.592492	0.089655
2.405167	0.128510
2.184988	0.104186
2.002400	0.119349
1.784433	0.084917
1.593632	0.101027
1.403147	0.080178
1.193709	0.087128
1.003224	0.106082
0.784940	0.061540
0.604248	0.064383
0.379015	0.015104
0.209379	-0.020274
-0.012062	-0.134297
-0.200311	-0.206628
-0.408775	-0.323178
-0.609974	-0.447309
-0.803909	-0.590707
-1.008899	-0.724945
-1.195569	-0.820334
-1.412877	-0.928356
-1.596704	-1.024691
