# Configuration automatically generated by WRITE_CONFIG()
connection eth
ip 192.168.0.10
samplehz 1000.000000
settleus 10.000000
nsample 128

# Analog Inputs
aichannel 0
ainegative 199
airange 10.000000
airesolution 0

aichannel 1
ainegative 199
airange 10.000000
airesolution 0

# Analog Outputs
aochannel 0
aosignal triangle
aofrequency 5.000000
aoamplitude 2.000000
aooffset 2.500000
aoduty 0.500000

# Meta Parameters
int:periods 10
flt:tip_T_C 341.243223
flt:plate_T_C 282.757756
flt:plate_Q_kW 1.290279
flt:cool_Thigh_C 52.437134
flt:cool_Tlow_C 16.440109
flt:air_psig 20.000000
flt:water_gph 7.700000
flt:standoff_in 0.228000
flt:oxygen_scfh 14.531250
flt:fuel_scfh 7.968406
flt:flow_scfh 22.499656
flt:ratio_fto 0.548363

## End Configuration ##
#: Wed Apr 19 16:49:31 2017
-7.010451	-3.610277
-9.156999	-4.308000
-9.171844	-4.286521
-9.160473	-4.278625
-9.135521	-4.288733
-9.095407	-4.298840
-9.005388	-4.294418
-8.804189	-4.214191
-8.600147	-4.128594
-8.401158	-4.061949
-8.215120	-4.008885
-7.998444	-3.941293
-7.797876	-3.918551
-7.602363	-3.834533
-7.392319	-3.761255
-7.205965	-3.683239
-7.000028	-3.621016
-6.798197	-3.576796
-6.609632	-3.523733
-6.393903	-3.434030
-6.197125	-3.371491
-6.007297	-3.290000
-5.799781	-3.226829
-5.616901	-3.157026
-5.398329	-3.103646
-5.205027	-3.048372
-5.008565	-2.969408
-4.794415	-2.877178
-4.609009	-2.828853
-4.412548	-2.757785
-4.198714	-2.705038
-4.015834	-2.642498
-3.793157	-2.549637
-3.608066	-2.492783
-3.405287	-2.386024
-3.203456	-2.320327
-3.002888	-2.254313
-2.807374	-2.182614
-2.596384	-2.102071
-2.412872	-2.042375
-2.197144	-1.947303
-2.012053	-1.897713
-1.803905	-1.800746
-1.597967	-1.747998
-1.405296	-1.675036
-1.205676	-1.590071
-0.997528	-1.491209
-0.812121	-1.419510
-0.602078	-1.262214
-0.406880	-1.097338
-0.208523	-0.826019
-0.001323	-0.555647
0.195796	-0.296962
0.400812	-0.056597
0.602353	0.117454
0.799787	0.244444
0.995326	0.369538
1.194972	0.432717
1.395882	0.497792
1.598370	0.511691
1.791066	0.529381
1.989133	0.570447
2.200466	0.595719
2.397585	0.621307
2.597231	0.646578
2.801931	0.631731
2.987045	0.669323
3.204065	0.689540
3.387600	0.689856
3.594196	0.758721
3.804266	0.742926
3.990960	0.743874
4.196608	0.783361
4.392147	0.758089
4.591793	0.804526
4.804390	0.832640
4.985714	0.792206
5.195153	0.845276
5.405539	0.853805
5.586231	0.832640
5.803883	0.870548
5.995631	0.879393
6.197172	0.871180
6.403451	0.900558
6.598675	0.896135
6.796425	0.898663
7.003021	0.907823
7.188135	0.912878
7.403892	0.930568
7.591218	0.933411
7.801603	0.962789
7.999986	0.915089
8.191734	0.949838
8.393907	0.961526
8.601766	0.968475
8.791303	0.975425
8.999478	0.995010
9.192490	0.935938
9.398454	0.971950
9.593677	0.971002
9.796481	0.981111
9.990757	1.031654
9.800272	1.020282
9.586095	0.944151
9.391820	0.982375
9.196596	0.953944
8.996003	0.979848
8.809625	0.989956
8.598607	0.971318
8.398330	0.941624
8.196472	0.940677
7.993352	0.910667
7.793390	0.959630
7.603221	0.963421
7.392203	0.933727
7.203930	0.880972
6.986910	0.858544
6.796741	0.886658
6.602149	0.911930
6.397766	0.921723
6.194645	0.912246
6.001001	0.869916
5.791563	0.813371
5.606764	0.820952
5.383426	0.868021
5.207472	0.884447
4.997402	0.825375
4.794598	0.785256
4.595583	0.751139
4.397202	0.754298
4.186499	0.792206
4.006123	0.794417
3.787840	0.743558
3.609359	0.719550
3.394234	0.643735
3.192377	0.679747
2.999681	0.721761
2.800035	0.686065
2.595651	0.657950
2.395690	0.617200
2.190674	0.543912
1.995450	0.575818
1.794857	0.557180
1.585734	0.529381
1.405990	0.487683
1.195288	0.405550
0.997854	0.315204
0.795049	0.259607
0.591928	0.117770
0.395442	-0.048701
0.204641	-0.302332
-0.009535	-0.580916
-0.200943	-0.817807
-0.403090	-1.089442
-0.613765	-1.271374
-0.803277	-1.387608
-1.004161	-1.493735
-1.199675	-1.564487
-1.397716	-1.676615
-1.607759	-1.756526
-1.795692	-1.801378
-1.997523	-1.915085
-2.215463	-1.972887
-2.395816	-2.060694
-2.608070	-2.157978
-2.793793	-2.216095
-3.001309	-2.301060
-3.215459	-2.344332
-3.400865	-2.399291
-3.599538	-2.497837
-3.810844	-2.579328
-3.994356	-2.645341
-4.211664	-2.726200
-4.402756	-2.763787
-4.607114	-2.845593
-4.806418	-2.903394
-4.998142	-2.966565
-5.204395	-3.058479
-5.410964	-3.123861
-5.600161	-3.166185
-5.812731	-3.260942
-5.998137	-3.319375
-6.207233	-3.411920
-6.402747	-3.480145
-6.599524	-3.533208
-6.804198	-3.578691
-7.013926	-3.643441
-7.206281	-3.687977
-7.406217	-3.785892
-7.599836	-3.833586
-7.807352	-3.909707
-8.006657	-3.937818
-8.208803	-3.991197
-8.405265	-4.061317
-8.611834	-4.161759
-8.801662	-4.234406
-8.996545	-4.307368
-9.090985	-4.305789
-9.120359	-4.305473
-9.142469	-4.302630
-9.140259	-4.312106
-9.156052	-4.320318
-9.167738	-4.292523
-9.165526	-4.273571
-9.150050	-4.269149
-9.113727	-4.275783
-8.997492	-4.278941
-8.808611	-4.232194
-8.593514	-4.166181
-8.411898	-4.109327
-8.207540	-4.007622
-8.000655	-3.937818
-7.801667	-3.919814
-7.609943	-3.853801
-7.393267	-3.785892
-7.221126	-3.713245
-6.995606	-3.633650
-6.808936	-3.578691
-6.607421	-3.504150
-6.396430	-3.460246
-6.203443	-3.383809
-6.005402	-3.288421
-5.801991	-3.214827
-5.609004	-3.136495
-5.398014	-3.081852
-5.207553	-3.055005
-4.998774	-2.949193
-4.788730	-2.899604
-4.611220	-2.844330
-4.396123	-2.782106
-4.198714	-2.741993
-4.006674	-2.676295
-3.795052	-2.586276
-3.602065	-2.514893
-3.407814	-2.413820
-3.201245	-2.346227
-3.006679	-2.300428
-2.803584	-2.207567
-2.600174	-2.127340
-2.403713	-2.048060
-2.203145	-1.948566
-2.006052	-1.904662
-1.811485	-1.823803
-1.596704	-1.741050
-1.404664	-1.691460
-1.208203	-1.566698
-0.989947	-1.480470
-0.808647	-1.393294
-0.603026	-1.256845
-0.404353	-1.082177
-0.209787	-0.826651
0.009102	-0.557858
0.192005	-0.324442
0.391335	-0.052175
0.604248	0.126931
0.786520	0.245075
1.003224	0.345846
1.194024	0.421977
1.398093	0.510111
1.601213	0.530961
1.789803	0.534751
1.993239	0.552757
2.204257	0.558128
2.386529	0.615936
2.601969	0.672797
2.794665	0.665532
2.991784	0.697753
3.195220	0.671218
3.393286	0.676904
3.591985	0.753667
3.803950	0.788731
3.989381	0.772936
4.200715	0.793469
4.388356	0.736608
4.599374	0.769777
4.798704	0.803894
4.996139	0.847172
5.200207	0.866125
5.394166	0.859176
5.590653	0.793785
5.801355	0.828218
5.990261	0.867389
6.199699	0.929620
6.399345	0.905928
6.598359	0.890765
6.798636	0.869284
6.997018	0.887290
7.192242	0.924250
7.398521	0.977320
7.596272	0.949206
7.801603	0.946363
7.994931	0.902769
8.192050	0.924566
8.393591	0.969107
8.597343	0.997538
8.797936	0.970371
8.997267	0.964053
9.196596	0.938781
9.388345	0.974477
9.600626	0.976057
9.786057	1.023441
10.001182	1.031023
9.799324	0.966580
9.584831	0.958683
9.397190	0.971950
9.190910	0.968475
8.993792	1.019650
8.803939	0.974161
8.590077	0.929304
8.402436	0.964685
8.194577	0.917932
7.987666	0.937202
7.800024	0.970055
7.596903	0.927725
7.396626	0.905296
7.198244	0.917932
6.989753	0.895504
6.798952	0.911614
6.599938	0.897399
6.395238	0.885395
6.208544	0.893924
5.991840	0.884447
5.797249	0.858544
5.594760	0.856333
5.389428	0.847172
5.199575	0.836115
5.000245	0.808632
4.792702	0.804210
4.600006	0.789047
4.395622	0.761248
4.190606	0.776411
3.999805	0.741031
3.793842	0.724604
3.596091	0.744822
3.399605	0.687960
3.186059	0.668059
2.995890	0.683222
2.804458	0.631415
2.598810	0.647526
2.397269	0.636785
2.191621	0.583715
1.996714	0.580556
1.795805	0.538226
1.585734	0.495896
1.399988	0.495264
1.199395	0.411552
0.987429	0.341108
0.799471	0.246023
0.588769	0.091866
0.397969	-0.081234
0.204957	-0.329496
-0.004797	-0.581232
-0.203154	-0.825387
-0.400879	-1.093548
-0.614080	-1.268531
-0.795065	-1.400242
-1.009215	-1.499737
-1.199043	-1.583438
-1.407823	-1.681037
-1.601126	-1.757474
-1.805168	-1.815907
-2.006367	-1.892028
-2.215463	-1.974150
-2.394553	-2.043322
-2.610913	-2.152292
-2.799794	-2.202829
-3.012996	-2.289373
-3.202824	-2.335804
-3.406551	-2.407503
-3.601117	-2.482992
-3.808002	-2.576485
-3.999410	-2.627337
-4.210084	-2.707565
-4.405599	-2.731570
-4.611220	-2.834222
-4.805470	-2.891708
-5.001932	-2.976357
-5.203131	-3.068270
-5.408121	-3.123545
-5.597634	-3.172187
-5.805466	-3.260626
-5.993400	-3.304530
-6.200600	-3.408130
-6.404326	-3.450770
-6.592891	-3.506676
-6.807041	-3.560056
-7.012978	-3.614383
-7.205649	-3.686082
-7.401795	-3.793157
-7.603626	-3.842430
-7.801667	-3.928026
-8.013289	-3.946978
-8.196169	-4.005727
-8.413793	-4.081848
-8.603937	-4.114065
-8.800399	-4.185132
-9.006652	-4.264728
-9.115622	-4.270413
-9.142785	-4.274835
-9.165211	-4.276730
-9.151629	-4.295365
-9.148471	-4.319055
-9.140259	-4.321581
-9.120675	-4.316528
-9.111516	-4.315896
-9.078035	-4.315580
-8.998124	-4.301682
-8.808611	-4.249882
-8.594146	-4.163654
-8.411898	-4.114065
-8.204698	-4.016150
-7.990548	-3.933396
-7.801983	-3.888545
-7.595098	-3.820004
-7.403059	-3.787155
-7.204702	-3.717983
-7.002555	-3.647232
-6.808936	-3.587535
-6.609948	-3.518679
-6.400536	-3.452034
-6.201548	-3.411920
-6.000664	-3.309899
-5.807361	-3.247676
-5.606478	-3.161763
-5.402120	-3.087222
-5.206922	-3.043002
-5.007301	-2.976989
-4.792836	-2.891076
-4.612484	-2.832643
-4.407494	-2.728095
-4.207874	-2.690192
-4.008254	-2.612808
-3.803264	-2.557218
-3.604591	-2.493415
-3.403392	-2.408134
-3.195244	-2.322222
-3.000046	-2.279897
-2.808638	-2.172507
-2.596068	-2.140605
-2.408766	-2.038584
-2.197775	-1.967201
-2.014264	-1.880973
-1.801062	-1.798219
-1.600494	-1.737891
-1.406560	-1.697778
-1.210098	-1.587860
-0.992158	-1.507949
-0.818123	-1.411613
-0.597656	-1.278323
-0.411934	-1.090389
-0.198100	-0.811805
0.001204	-0.559438
0.198639	-0.296331
0.393862	-0.055650
0.602037	0.131669
0.786520	0.260554
1.005435	0.362588
1.189602	0.417870
1.403147	0.484208
1.596159	0.497792
1.796752	0.554021
1.995135	0.583715
2.198887	0.591612
2.387476	0.610882
2.603549	0.648158
2.795929	0.630468
2.998102	0.698385
3.196484	0.690488
3.388548	0.691751
3.599250	0.723025
3.794789	0.737872
3.996330	0.758089
4.196924	0.806421
4.388988	0.773568
4.598742	0.797892
4.801863	0.779254
4.989820	0.799156
5.199575	0.858544
5.398905	0.872443
5.591917	0.842749
5.799144	0.835168
5.995947	0.813055
6.198120	0.873075
6.403136	0.905928
6.588882	0.925829
6.800216	0.923618
6.999546	0.868968
7.193821	0.872443
7.411157	0.918248
7.592165	0.962789
7.800340	1.002592
7.993668	0.951417
8.186996	0.911298
8.400540	0.926461
8.598923	0.947942
8.788144	1.012385
9.003585	1.020914
9.191858	0.976689
9.394663	0.950469
9.595256	0.919196
9.796481	0.991220
10.001813	1.071773
9.799324	1.029127
9.585464	1.002592
9.402245	0.958683
9.186172	0.901506
9.001058	0.991536
8.797305	1.013017
8.597028	1.002276
8.397066	0.983006
8.193629	0.905296
7.993352	0.865493
7.808237	0.950153
7.600694	0.950469
7.397258	0.983322
7.198244	0.914773
6.991964	0.854753
6.798636	0.845592
6.601834	0.889502
6.390816	0.902769
6.201279	0.925514
5.993420	0.861387
5.791879	0.833272
5.598551	0.798524
5.389112	0.858228
5.202734	0.870548
4.997718	0.844644
4.791439	0.804842
4.593688	0.771041
4.398465	0.731554
4.194396	0.776095
4.011178	0.765039
3.795105	0.758405
3.602725	0.727763
3.396761	0.668691
3.191746	0.658898
2.994627	0.685433
2.803510	0.672797
2.589649	0.662057
2.406114	0.604564
2.183092	0.577081
2.001768	0.571079
1.788223	0.535383
1.588893	0.542333
1.402515	0.495896
1.199711	0.413763
0.996590	0.342687
0.801999	0.268452
0.586558	0.132933
0.399232	-0.037014
0.195164	-0.298226
0.001520	-0.564175
-0.197152	-0.841496
-0.403090	-1.084704
-0.604289	-1.282745
-0.796329	-1.405296
-1.002266	-1.513318
-1.192410	-1.573331
-1.399927	-1.689565
-1.606495	-1.753052
-1.790955	-1.843386
-2.006367	-1.920771
-2.205356	-1.983942
-2.401501	-2.056588
-2.605859	-2.151345
-2.802953	-2.214515
-3.006047	-2.317168
-3.216722	-2.355703
-3.399918	-2.410029
-3.601117	-2.501943
-3.808002	-2.561640
-3.998146	-2.648184
-4.206295	-2.733149
-4.402756	-2.755259
-4.605219	-2.840855
-4.806418	-2.869282
-4.994668	-2.952036
-5.208501	-3.074903
-5.411911	-3.117228
-5.599845	-3.161448
-5.813363	-3.210405
-6.000032	-3.265048
-6.202811	-3.370859
-6.406853	-3.457403
-6.598577	-3.511730
-6.811463	-3.581534
-7.012346	-3.594800
-7.202806	-3.650706
-7.410323	-3.728722
-7.598257	-3.803264
-7.806089	-3.871173
-7.997812	-3.911286
-8.201539	-3.976668
-8.404001	-4.069530
-8.602674	-4.151651
-8.797873	-4.235669
-9.001283	-4.329162
-9.061610	-4.331688
-9.103304	-4.326635
-9.126677	-4.313369
-9.129835	-4.320950
-9.119412	-4.339269
-9.127309	-4.332320
-9.127309	-4.312421
-9.139627	-4.286837
-9.112147	-4.269781
-9.006652	-4.265675
-8.799767	-4.209769
-8.602358	-4.164286
-8.406844	-4.092271
-8.212910	-4.010465
-7.998444	-3.933712
-7.807352	-3.914129
-7.603626	-3.840535
-7.403374	-3.811792
-7.209755	-3.688293
-7.005397	-3.607434
-6.806409	-3.530997
-6.610263	-3.477302
-6.399904	-3.422975
-6.205970	-3.396759
-6.005402	-3.302319
-5.804834	-3.253045
-5.611531	-3.158921
-5.396119	-3.132705
-5.204710	-3.062901
-4.995931	-2.985832
-4.794100	-2.917608
-4.608061	-2.844014
-4.405283	-2.742309
-4.200293	-2.693035
-4.006990	-2.602069
-3.793473	-2.554375
-3.615962	-2.481413
-3.400865	-2.374970
-3.208510	-2.332329
-3.009837	-2.265368
-2.803268	-2.200934
-2.603017	-2.139658
-2.405292	-2.055957
-2.201566	-1.970992
-2.016791	-1.902135
-1.798219	-1.809274
-1.603021	-1.754947
-1.410666	-1.678195
-1.196200	-1.582175
-1.000055	-1.506054
-0.809279	-1.405928
-0.601762	-1.269163
-0.408459	-1.096075
-0.199363	-0.816227
0.006890	-0.558806
0.190426	-0.294752
0.395757	-0.036067
0.596351	0.126931
0.791258	0.255184
0.999433	0.353743
1.195604	0.407446
1.394934	0.509164
1.599318	0.530013
1.788223	0.539806
1.994819	0.562234
2.200782	0.560971
2.392531	0.601405
2.600706	0.654476
2.802563	0.663952
2.994627	0.689224
3.199643	0.666480
3.390444	0.676588
3.597355	0.734713
3.803950	0.739135
3.990328	0.786520
4.201030	0.775147
4.386461	0.756826
4.599058	0.794101
4.798388	0.794733
4.989189	0.825059
5.203682	0.865493
5.398905	0.827586
5.583388	0.826322
5.807042	0.860755
5.997842	0.845276
6.203490	0.894556
6.393659	0.900242
6.598990	0.876550
6.793266	0.897083
6.997650	0.904980
7.191294	0.892660
7.406103	0.945415
7.591849	0.945099
7.804762	0.941624
7.996511	0.919827
8.192998	0.951101
8.397697	0.949522
8.598291	0.970055
8.790987	0.958367
9.004216	0.967844
9.187119	0.967212
9.398454	0.994063
9.588939	0.946994
9.795850	0.996590
10.001497	0.995326
9.797429	0.980795
9.590202	1.002276
9.390556	1.011753
9.192806	0.941308
9.002953	0.988061
8.798569	0.955840
8.587551	0.964685
8.398961	0.988061
8.195525	0.947942
7.988929	0.919827
7.801603	0.944467
7.598799	0.916037
7.395046	0.945099
7.200139	0.934043
6.990701	0.908771
6.805586	0.877813
6.596779	0.847488
6.392079	0.874339
6.202858	0.895188
6.001001	0.886343
5.799460	0.874339
5.605185	0.819373
5.385637	0.844644
5.207788	0.828850
4.992348	0.819057
4.794598	0.844960
4.597795	0.799156
4.390252	0.752403
4.194081	0.739135
4.001700	0.732186
3.791946	0.759353
3.606200	0.761248
3.395814	0.688276
3.188586	0.684170
3.002840	0.647526
2.793086	0.632363
2.599126	0.671218
2.392215	0.637733
2.193517	0.597614
1.997346	0.566025
1.792014	0.500951
1.589209	0.509480
1.402515	0.504109
1.195288	0.424504
0.994379	0.361325
0.795365	0.245075
0.589717	0.108609
0.395126	-0.057545
0.196743	-0.306122
-0.011114	-0.573019
-0.196837	-0.826651
-0.404669	-1.098286
-0.609974	-1.253686
-0.805488	-1.413508
-1.007319	-1.488050
-1.194621	-1.574278
-1.407507	-1.674720
-1.602074	-1.754000
-1.793797	-1.829173
-2.002577	-1.926772
-2.210093	-1.971623
-2.393289	-2.062589
-2.608070	-2.129551
-2.792529	-2.221148
-3.010153	-2.286215
-3.205351	-2.348438
-3.395180	-2.406239
-3.598274	-2.483624
-3.803580	-2.530686
-3.997514	-2.608702
-4.212927	-2.698720
-4.396755	-2.744204
-4.614378	-2.810849
-4.795995	-2.866755
-5.001300	-2.934980
-5.203447	-3.014575
-5.401488	-3.102699
-5.598266	-3.166817
-5.811467	-3.247044
-5.994979	-3.287473
-6.209760	-3.386336
-6.400536	-3.441295
-6.609000	-3.532577
-6.810831	-3.585008
-7.009188	-3.648811
-7.205018	-3.700927
-7.407796	-3.780522
-7.598572	-3.833270
-7.810195	-3.936555
-8.003498	-3.965929
-8.205329	-4.039207
-8.411582	-4.066371
-8.604569	-4.114065
-8.798188	-4.173761
-9.003809	-4.281784
-9.076140	-4.320318
-9.101092	-4.328214
-9.118780	-4.325372
-9.131099	-4.322529
-9.153209	-4.313369
-9.136784	-4.316528
-9.123202	-4.315264
-9.133942	-4.292207
-9.120675	-4.262201
-9.006336	-4.246408
-8.804189	-4.182921
-8.596041	-4.168708
-8.417583	-4.125751
-8.203118	-4.024362
-7.999392	-3.974773
-7.809247	-3.909391
-7.599520	-3.831375
-7.404006	-3.815266
-7.211019	-3.733144
-7.002555	-3.671869
-6.816201	-3.591957
-6.602683	-3.497833
-6.402115	-3.460246
-6.211023	-3.409077
-5.997190	-3.318743
-5.810204	-3.251466
-5.604898	-3.162395
-5.400856	-3.112806
-5.211659	-3.047740
-4.998142	-2.978884
-4.797258	-2.930558
-4.611852	-2.841803
-4.396755	-2.757469
-4.208821	-2.705038
-4.000357	-2.626074
-3.807370	-2.579959
-3.603328	-2.510471
-3.407498	-2.412556
-3.201561	-2.331697
-3.012048	-2.259367
-2.802321	-2.168085
-2.602701	-2.140290
-2.401186	-2.042375
-2.207251	-1.973518
-2.006367	-1.893291
-1.805800	-1.797272
-1.597336	-1.731574
-1.406560	-1.681985
-1.200938	-1.576489
-0.999423	-1.516161
-0.809594	-1.392978
-0.601130	-1.280534
-0.411934	-1.090705
-0.201890	-0.821913
0.000573	-0.549330
0.194848	-0.301069
0.391651	-0.045226
0.598878	0.128826
0.788099	0.278876
1.004171	0.361009
1.188654	0.418818
1.402515	0.474099
1.591421	0.502214
1.789803	0.565393
1.997030	0.596035
2.201414	0.581188
2.394742	0.585610
2.611130	0.602985
2.792454	0.673429
3.003788	0.721129
3.186059	0.699333
3.399605	0.707230
3.603357	0.684801
3.801423	0.698385
3.995067	0.777359
4.201030	0.809264
4.387724	0.792838
4.603165	0.810528
4.791754	0.749560
4.993611	0.793469
5.204629	0.856333
5.397957	0.870548
5.592233	0.868652
5.800092	0.860755
5.988997	0.792838
6.202858	0.853805
6.393975	0.894556
6.596779	0.940045
6.802427	0.924566
6.998598	0.898978
7.201087	0.846856
7.400417	0.889502
7.598483	0.952681
7.804762	1.010173
7.993668	0.966264
8.191102	0.952681
8.401804	0.910035
8.596395	0.915405
8.796673	0.994379
9.001058	1.015228
9.191858	0.998801
9.391504	0.977004
9.594940	0.926461
9.792690	0.964685
10.007500	1.025968
9.798377	1.004487
9.593361	1.018071
9.407299	0.953944
9.188383	0.926777
8.998215	0.969423
8.796673	0.984902
8.590394	1.004487
8.404648	0.991220
8.193314	0.907192
7.988297	0.910035
7.808869	0.918880
7.587742	0.933411
7.401364	0.961210
7.197928	0.903401
6.999546	0.881920
6.802427	0.887922
6.598990	0.859807
6.392079	0.911298
6.210124	0.922986
5.982363	0.871811
5.801987	0.867705
5.590969	0.832640
5.391007	0.833588
5.199575	0.837063
4.998350	0.841486
4.789543	0.795997
4.600322	0.790942
4.388041	0.770725
4.198819	0.772304
3.991276	0.744822
3.800159	0.766934
3.601777	0.706598
3.396761	0.690488
3.191430	0.687645
2.994311	0.679115
2.798456	0.647526
2.592808	0.659530
2.398533	0.592560
2.195412	0.600142
1.998609	0.572027
1.789171	0.533804
1.589525	0.520220
1.400620	0.499687
1.199711	0.407130
0.989008	0.357218
0.800735	0.255500
0.589717	0.138935
0.400496	-0.044911
0.192637	-0.294120
-0.001954	-0.548383
-0.196521	-0.842128
-0.408143	-1.091968
-0.608079	-1.247685
-0.800119	-1.404033
-1.009530	-1.490261
-1.191463	-1.577437
-1.417614	-1.668403
-1.598283	-1.729679
-1.802957	-1.843702
-2.009210	-1.902135
-2.206619	-1.959621
-2.398659	-2.034163
-2.610281	-2.110284
-2.796320	-2.209146
-3.012364	-2.318116
-3.201877	-2.352544
-3.399918	-2.447616
-3.608066	-2.495626
-3.800737	-2.559429
-4.004779	-2.652606
-4.208821	-2.720515
-4.400861	-2.765682
-4.613431	-2.823483
-4.798522	-2.839908
-5.002248	-2.925188
-5.214186	-3.008574
-5.402751	-3.084695
-5.606793	-3.175661
-5.811152	-3.217985
-6.001296	-3.259362
-6.210076	-3.363910
-6.404958	-3.428976
-6.599524	-3.531945
-6.813358	-3.598274
-7.004766	-3.608382
-7.208808	-3.673448
-7.406533	-3.737250
-7.599204	-3.821268
-7.808931	-3.906549
-8.004762	-3.958664
-8.205013	-4.013307
-8.417268	-4.067950
-8.601411	-4.110906
-8.793135	-4.211664
-9.007915	-4.298208
-9.068244	-4.326003
-9.108673	-4.322213
-9.134573	-4.308000
-9.143417	-4.308000
-9.171212	-4.306420
-9.143101	-4.309263
-9.120992	-4.315896
-9.130783	-4.303894
-9.087194	-4.296945
-9.007915	-4.297892
-8.803557	-4.220824
-8.602042	-4.181973
-8.408739	-4.119119
-8.207856	-4.024994
-7.999392	-3.936870
-7.815565	-3.862645
-7.588781	-3.747674
-7.410639	-3.734092
-7.203754	-3.668394
-7.011399	-3.633334
-6.809884	-3.552791
-6.605525	-3.476986
-6.396430	-3.407814
-6.207549	-3.376860
-5.996558	-3.302634
-5.804834	-3.277998
-5.597634	-3.169976
-5.400540	-3.130178
-5.205974	-3.038580
-4.998142	-3.000362
-4.793468	-2.932453
-4.609641	-2.870229
-4.404335	-2.778948
-4.206610	-2.718935
-4.004463	-2.617230
-3.799790	-2.584381
-3.606171	-2.500996
-3.402760	-2.428349
-3.205667	-2.356966
-3.005731	-2.269158
-2.804216	-2.178824
-2.599542	-2.121970
-2.410029	-2.044270
-2.200934	-1.988995
-2.018054	-1.897713
-1.796956	-1.804220
-1.604600	-1.754000
-1.407507	-1.663033
-1.198727	-1.584070
-1.001002	-1.511107
-0.808331	-1.392662
-0.603657	-1.278638
-0.414460	-1.079650
-0.190204	-0.828230
-0.007324	-0.567650
0.195164	-0.271062
0.396073	-0.029750
0.593508	0.124088
0.796312	0.271295
1.001013	0.355323
1.189918	0.427979
1.408833	0.488315
1.588262	0.508848
1.790750	0.558443
2.000821	0.568552
2.189726	0.587190
2.400112	0.614989
2.598178	0.620675
2.798140	0.663005
2.999997	0.675325
3.194904	0.666164
3.389496	0.722709
3.604936	0.729343
3.794158	0.715443
4.000437	0.789047
4.194396	0.769461
4.394042	0.794417
4.595900	0.823164
4.800915	0.802946
4.987609	0.798524
5.201155	0.858544
5.396694	0.820636
5.590653	0.856964
5.801040	0.875602
5.994051	0.852226
6.200015	0.858228
6.399029	0.875602
6.599938	0.871811
6.798005	0.927093
6.999862	0.932147
7.189399	0.905296
7.403575	0.920775
7.589638	0.914141
7.806026	0.947942
7.990509	0.962473
8.189838	0.993115
8.397697	0.959946
8.600186	0.925514
8.789092	0.940045
9.008639	0.983638
9.180170	0.996274
9.404140	1.024389
9.586095	0.962789
9.799008	0.963105
10.003077	0.959946
9.796165	0.989008
9.587358	1.032918
9.400349	1.036077
9.185225	0.958051
9.004216	0.947626
8.790039	0.913825
8.600502	0.981743
8.395487	0.997854
8.194577	0.974793
7.991772	0.937833
7.807921	0.888238
7.595956	0.858228
7.401049	0.958367
7.194769	0.941308
6.997334	0.944151
6.799900	0.900874
6.594252	0.836115
6.398397	0.841486
6.201594	0.893608
5.996263	0.906876
5.795985	0.903401
5.590337	0.837379
5.392271	0.804526
5.207157	0.767882
4.995507	0.826954
4.801547	0.847803
4.600322	0.823795
4.395306	0.770093
4.192185	0.723657
4.000437	0.705335
3.791630	0.755562
3.606832	0.750824
3.387916	0.713864
3.194273	0.705019
2.999049	0.633311
2.793718	0.619727
2.598494	0.662373
2.395058	0.639628
2.194780	0.610566
2.002716	0.564761
1.785064	0.501582
1.595527	0.507584
1.405042	0.485156
1.188338	0.434297
0.999749	0.369538
0.795049	0.236230
0.591612	0.113031
0.396389	-0.063546
0.193269	-0.303595
0.001836	-0.562912
-0.193678	-0.847181
-0.413513	-1.106182
-0.599867	-1.251791
-0.812121	-1.423300
-0.999423	-1.486787
-1.200307	-1.574594
-1.404664	-1.655453
-1.604285	-1.720835
-1.796008	-1.816539
-2.010158	-1.916033
-2.205356	-1.969097
-2.403397	-2.054693
-2.601753	-2.120707
-2.804848	-2.215779
-3.005731	-2.294743
-3.207246	-2.381287
-3.400865	-2.442563
-3.607750	-2.510471
-3.806738	-2.536687
-3.999410	-2.616598
-4.211980	-2.670294
-4.400229	-2.758733
-4.615010	-2.826010
-4.802944	-2.871809
-4.999721	-2.951088
-5.205342	-3.035737
-5.409069	-3.094802
-5.602687	-3.208510
-5.818100	-3.259994
-5.990241	-3.305161
-6.210707	-3.354435
-6.399589	-3.394232
-6.603946	-3.485830
-6.811147	-3.579955
-7.011714	-3.637440
-7.198700	-3.699980
-7.411586	-3.767888
-7.594151	-3.826637
-7.813985	-3.939397
-8.000655	-4.000989
-8.209751	-4.076794
-8.411266	-4.085322
-8.603937	-4.112170
-8.800083	-4.169339
-9.008547	-4.259674
-9.084036	-4.302946
-9.112779	-4.318423
-9.118780	-4.316528
-9.145944	-4.314001
-9.142785	-4.320002
-9.122254	-4.330110
-9.097302	-4.343691
-9.099513	-4.331688
-9.083405	-4.309579
-9.011390	-4.279572
-8.799452	-4.180079
-8.603306	-4.172498
-8.413477	-4.112802
-8.201222	-4.042366
-8.006657	-3.980143
-7.803878	-3.885070
-7.599836	-3.821268
-7.402427	-3.781470
-7.209440	-3.719563
-7.002239	-3.669342
-6.813358	-3.587219
-6.599524	-3.480145
-6.400220	-3.447296
-6.206601	-3.397707
-5.989294	-3.351592
-5.801991	-3.286526
-5.604582	-3.185768
-5.402120	-3.102067
-5.212923	-3.027209
-4.998142	-2.943824
-4.795679	-2.917924
-4.614694	-2.842434
-4.394860	-2.762523
-4.205347	-2.691140
-4.004148	-2.606491
-3.799158	-2.555639
-3.605223	-2.497205
-3.400865	-2.406239
-3.204720	-2.352228
-3.012996	-2.256524
-2.792845	-2.170612
-2.614072	-2.133973
-2.394237	-2.037637
-2.206619	-1.987416
-2.008262	-1.900240
-1.801694	-1.808642
-1.603337	-1.749262
-1.410034	-1.681669
-1.194305	-1.576173
-1.003213	-1.534481
-0.802962	-1.385081
-0.608079	-1.291273
-0.403721	-1.093548
-0.203785	-0.847181
-0.002902	-0.566702
0.196743	-0.292225
0.397337	-0.054386
0.592876	0.121876
0.800103	0.270347
0.995010	0.355323
1.196236	0.427031
1.402515	0.442826
1.592684	0.512323
1.792014	0.561286
1.993239	0.598878
2.199519	0.590665
2.388108	0.597930
2.603865	0.591928
2.790243	0.646262
2.999049	0.696174
3.198379	0.700912
3.400552	0.715759
3.600830	0.699333
3.802371	0.692699
3.993487	0.751455
4.196608	0.797260
4.384565	0.813687
4.604113	0.811791
4.792702	0.768514
4.992664	0.789995
5.205261	0.837379
5.391639	0.857280
5.597287	0.878129
5.806726	0.868652
5.986786	0.836747
6.209492	0.869284
6.391131	0.858544
6.601518	0.936886
6.800532	0.936570
6.990069	0.890765
7.197612	0.904349
7.406419	0.912878
7.598483	0.917932
7.813292	0.969107
7.989877	0.962473
8.195209	0.966896
8.397697	0.946679
8.589130	0.936886
8.799517	0.970055
8.996951	0.988061
9.190595	0.992483
9.397506	0.972898
9.589254	0.966264
9.794271	0.992799
10.001497	0.989008
9.792690	0.997538
9.596204	1.005119
9.394347	0.970371
9.192806	0.980163
8.995687	0.969107
8.802360	0.942572
8.592289	0.972266
8.400540	0.971950
8.192998	0.919196
7.992088	0.959946
7.802551	0.932779
7.595008	0.897399
7.394414	0.940677
7.201403	0.900558
6.993860	0.891713
6.804638	0.920775
6.600254	0.859176
6.399345	0.861071
6.212967	0.890133
5.989313	0.843697
5.802935	0.886027
5.589390	0.860439
5.393851	0.842433
5.203366	0.820320
4.992664	0.811160
4.793650	0.803894
4.602533	0.809264
4.387724	0.776727
4.201662	0.783361
3.991276	0.721761
3.803319	0.745137
3.595144	0.702176
3.394550	0.723972
3.190482	0.732186
2.999365	0.686381
2.791506	0.621307
2.599126	0.650053
2.392531	0.590033
2.196044	0.626677
1.992292	0.580556
1.791066	0.544544
1.589525	0.504741
1.401568	0.459252
1.196236	0.399548
0.996274	0.361957
0.793154	0.233387
0.592560	0.138935
0.404602	-0.068284
0.192005	-0.292856
-0.001007	-0.559438
-0.203470	-0.857604
-0.404037	-1.099549
-0.607448	-1.268215
-0.802962	-1.413824
-1.007951	-1.496578
-1.194305	-1.577753
-1.411929	-1.653242
-1.598283	-1.719571
-1.804852	-1.823172
-2.010789	-1.910348
-2.209146	-1.978256
-2.396448	-2.054061
-2.610281	-2.127024
-2.796635	-2.203461
-3.011101	-2.298849
-3.196823	-2.354755
-3.402445	-2.439720
-3.603644	-2.500996
-3.803580	-2.533213
-3.999726	-2.629233
-4.211980	-2.699352
-4.396755	-2.765366
-4.615958	-2.857280
-4.795995	-2.867387
-5.000669	-2.965618
-5.214186	-3.025314
-5.401804	-3.071745
-5.605214	-3.195560
-5.808625	-3.237884
-5.999717	-3.291264
-6.210707	-3.360436
-6.402431	-3.396759
-6.601736	-3.487093
-6.812726	-3.564794
-7.001607	-3.611540
-7.201227	-3.701243
-7.398636	-3.726827
-7.601099	-3.789051
-7.806721	-3.874647
-8.006341	-3.956138
-8.203118	-4.034470
-8.416004	-4.108064
-8.601411	-4.150704
-8.801978	-4.243881
-9.003809	-4.301998
-9.068244	-4.328846
-9.088458	-4.339269
-9.114042	-4.331057
-9.138363	-4.312737
-9.168054	-4.299156
-9.152893	-4.302630
-9.138363	-4.302946
-9.121623	-4.308947
-9.080878	-4.305473
-9.007600	-4.275151
-8.799767	-4.190186
-8.600779	-4.143439
-8.412213	-4.106484
-8.205013	-4.052157
-8.000024	-3.994356
-7.813354	-3.922657
-7.595098	-3.820952
-7.410639	-3.782102
-7.205018	-3.691767
-7.010135	-3.655760
-6.811463	-3.573638
-6.595734	-3.476355
-6.398009	-3.404340
-6.211655	-3.353487
-5.993400	-3.265048
-5.818100	-3.270417
-5.598581	-3.163343
-5.408121	-3.132389
-5.207237	-3.031947
-4.997510	-2.976041
-4.805155	-2.934980
-4.609957	-2.875599
-4.401176	-2.787476
-4.207558	-2.725884
-3.998146	-2.609650
-3.805475	-2.574906
-3.605223	-2.474464
-3.399286	-2.442247
-3.208510	-2.373390
-3.008890	-2.268527
-2.800426	-2.174402
-2.602069	-2.112179
-2.402765	-2.033847
-2.204092	-2.001630
-2.010789	-1.897713
-1.796008	-1.816855
-1.609654	-1.747367
-1.404349	-1.654505
-1.207255	-1.581859
-0.995001	-1.515845
-0.805804	-1.413824
-0.597024	-1.279902
-0.407196	-1.086599
-0.192731	-0.829493
-0.000059	-0.579021
0.199587	-0.284644
0.404287	-0.052491
0.597930	0.119033
0.795681	0.254236
1.001960	0.365747
1.193709	0.435876
1.405990	0.493685
1.589841	0.500635
1.790119	0.540753
2.001768	0.587506
2.190989	0.602353
2.396322	0.630783
2.600074	0.618464
2.794349	0.620991
2.999997	0.664268
3.191114	0.682590
3.395498	0.745137
3.609359	0.754298
3.797001	0.706914
4.007703	0.734081
4.194396	0.749876
4.394042	0.814634
4.599058	0.840538
4.794281	0.845592
4.994243	0.808632
5.206525	0.804842
5.385637	0.806105
5.595076	0.893608
5.793458	0.896135
5.997211	0.899610
6.202542	0.858544
6.395554	0.827586
6.598043	0.873391
6.804323	0.926777
6.995755	0.938149
7.196664	0.937518
7.407682	0.898978
7.594376	0.870548
7.802867	0.921723
7.992088	0.994063
8.192366	0.999117
8.395487	1.004487
8.600502	0.943835
8.792566	0.888238
9.002953	0.998485
9.184277	1.010805
9.402876	1.021546
9.588306	0.998801
9.798377	0.972582
9.998022	0.923302
9.799641	0.966580
9.586095	1.028180
9.406351	1.039868
9.182065	0.994063
9.009586	0.971002
8.789723	0.884763
8.601450	0.964369
8.398645	0.991852
8.191418	0.976373
7.986718	0.961210
7.806026	0.913194
7.592481	0.848751
7.404207	0.922355
7.190662	0.917300
6.996703	0.952049
6.797688	0.904033
6.590461	0.849383
6.399345	0.858860
6.199699	0.868652
5.992788	0.887922
5.800092	0.909403
5.589390	0.846540
5.398589	0.826954
5.201155	0.794417
4.996139	0.805789
4.801231	0.850015
4.595900	0.830113
4.392147	0.786204
4.193133	0.759984
3.999805	0.730290
3.795421	0.732186
3.600830	0.734397
3.390444	0.706282
3.195220	0.698069
2.995259	0.654791
2.790874	0.641840
2.600390	0.637417
2.398849	0.623834
2.192569	0.615620
1.999873	0.570447
1.787591	0.522747
1.592684	0.524011
1.401883	0.473152
1.195604	0.418186
1.001960	0.360693
0.794417	0.238758
0.591928	0.117454
0.399864	-0.074285
0.190741	-0.315914
-0.001954	-0.565123
-0.197784	-0.850971
-0.409723	-1.108393
-0.601446	-1.259371
-0.809279	-1.424247
-0.999739	-1.496578
-1.203465	-1.594809
-1.406560	-1.677879
-1.603021	-1.736628
-1.799483	-1.838017
-2.014264	-1.940038
-2.203461	-1.977940
-2.402765	-2.083752
-2.602701	-2.117232
-2.803900	-2.209778
-3.007626	-2.271685
-3.208510	-2.352544
-3.405603	-2.441299
-3.606802	-2.516473
-3.802316	-2.548058
-4.008885	-2.641235
-4.207558	-2.676927
-4.398018	-2.778948
-4.607114	-2.841171
-4.799469	-2.879074
-4.999089	-2.953931
-5.203447	-2.995308
-5.405910	-3.062269
-5.602687	-3.173766
-5.813994	-3.244201
-6.000980	-3.314005
-6.209760	-3.376229
-6.401168	-3.432767
-6.611843	-3.518679
-6.809884	-3.607434
-7.005082	-3.682923
-7.204386	-3.731565
-7.408744	-3.779259
-7.596045	-3.806107
-7.813669	-3.898652
-8.002234	-3.958033
-8.208488	-4.050578
-8.413793	-4.089428
-8.601411	-4.117223
-8.798820	-4.176920
-9.010442	-4.269781
-9.079299	-4.307683
-9.106146	-4.328530
-9.107725	-4.332636
-9.140574	-4.319055
-9.168054	-4.304841
-9.141838	-4.308947
-9.120675	-4.320002
-9.109620	-4.323792
-9.079299	-4.318423
-9.001283	-4.290627
-8.791555	-4.190817
-8.597304	-4.182605
-8.419163	-4.116908
-8.197748	-4.054052
-8.010447	-4.017097
-7.806721	-3.909391
-7.600152	-3.838956
-7.400847	-3.789682
-7.198700	-3.722405
-7.001607	-3.689556
-6.806093	-3.607750
-6.598261	-3.489936
-6.403695	-3.440979
-6.198705	-3.368648
-5.992452	-3.297897
-5.815573	-3.232515
-5.603951	-3.147550
-5.401172	-3.069218
-5.210712	-2.986148
-4.996878	-2.901183
-4.801048	-2.865176
-4.614694	-2.808954
-4.397387	-2.748941
-4.211664	-2.684823
-4.001621	-2.604280
-3.802948	-2.538898
-3.606487	-2.472885
-3.404655	-2.410977
-3.207878	-2.360440
-3.013312	-2.290637
-2.801689	-2.193985
-2.609018	-2.131130
-2.397395	-2.029741
-2.208830	-1.993733
-2.007947	-1.914454
-1.802641	-1.830121
-1.600494	-1.763159
-1.408771	-1.676931
-1.198727	-1.571436
-1.004161	-1.528795
-0.805173	-1.392346
-0.605868	-1.300748
-0.406564	-1.082177
-0.197784	-0.842128
-0.002586	-0.580284
0.198007	-0.292225
0.399864	-0.046174
0.592876	0.122508
0.797260	0.299409
0.995642	0.352796
1.199079	0.424188
1.407885	0.460516
1.593000	0.497476
1.800227	0.548967
2.000821	0.582767
2.203310	0.585610
2.398849	0.604564
2.600706	0.618779
2.794981	0.670902
3.001261	0.663952
3.187323	0.711337
3.399605	0.735977
3.596407	0.710073
3.797948	0.732818
3.995383	0.750824
4.197872	0.769777
4.382986	0.790310
4.606640	0.794101
4.796493	0.775147
5.000877	0.832640
5.200523	0.838011
5.394798	0.844644
5.592233	0.883184
5.800408	0.874339
5.991209	0.861703
6.203806	0.892976
6.393975	0.847172
6.600254	0.891713
6.803691	0.916037
6.989753	0.892660
7.195085	0.916669
7.399785	0.945731
7.594692	0.917932
7.805710	0.945731
7.988929	0.937202
8.193945	0.960894
8.410334	0.962473
8.587551	0.968475
8.802360	0.969107
9.000742	0.948574
9.186804	0.972582
9.399085	0.975741
9.590202	0.991220
9.799641	1.028495
10.004340	0.996590
9.789532	0.981427
9.597783	1.012701
9.398769	0.974793
9.189647	1.003856
9.001373	0.998169
8.794778	0.944467
8.597975	0.952365
8.402121	0.939413
8.186996	0.945099
7.993984	0.993747
7.801919	0.971002
7.591218	0.903717
7.400101	0.898978
7.192873	0.887606
6.996071	0.907192
6.794846	0.934359
6.597095	0.900874
6.393659	0.867705
6.203490	0.840854
5.989313	0.830745
5.806094	0.879393
5.594444	0.876550
5.397957	0.874023
5.193889	0.814634
4.996139	0.777991
4.795861	0.787467
4.600322	0.820636
4.388988	0.799156
4.194713	0.803578
3.994435	0.724288
3.798896	0.706914
3.599882	0.762828
3.405607	0.708809
3.202170	0.722709
3.003472	0.690803
2.792770	0.632047
2.600390	0.618148
2.393794	0.572975
2.196992	0.634574
1.995766	0.581188
1.786328	0.556864
1.598686	0.510743
1.399356	0.437771
1.195604	0.397969
0.994063	0.369854
0.796312	0.249182
0.588453	0.129142
0.398600	-0.081234
0.191057	-0.304543
0.003732	-0.547751
-0.200311	-0.858868
-0.409091	-1.091653
-0.596708	-1.274217
-0.808015	-1.420141
-1.003845	-1.501000
-1.196516	-1.602705
-1.413193	-1.665560
-1.596704	-1.726520
-1.805168	-1.827910
-2.009526	-1.893923
-2.207251	-1.978572
-2.405607	-2.056904
-2.602701	-2.126392
-2.802953	-2.187668
-3.008258	-2.260630
-3.204720	-2.312430
-3.397075	-2.421400
-3.607434	-2.489941
-3.797894	-2.539846
-4.002568	-2.631128
-4.198082	-2.689245
-4.399282	-2.769156
-4.609957	-2.866755
-4.797258	-2.919819
-4.999089	-3.010785
-5.210080	-3.068586
-5.394223	-3.111227
-5.604582	-3.213248
-5.804518	-3.262521
-5.995295	-3.340221
-6.203759	-3.399286
-6.398009	-3.429924
-6.608368	-3.487409
-6.813674	-3.553739
-7.000976	-3.598590
-7.201543	-3.709455
-7.406848	-3.739461
-7.598257	-3.799790
-7.808616	-3.854432
-8.002550	-3.918867
-8.205013	-4.025310
-8.417268	-4.112485
-8.598884	-4.154178
-8.797873	-4.240407
-9.009179	-4.293154
-9.071718	-4.315580
-9.089722	-4.338637
-9.082457	-4.356957
-9.108041	-4.349377
-9.150050	-4.319055
-9.152893	-4.299788
-9.144997	-4.291259
-9.121939	-4.303894
-9.072034	-4.316528
-9.012021	-4.299471
-8.795345	-4.212296
-8.607096	-4.172814
-8.410634	-4.101431
-8.204065	-4.057527
-8.004445	-4.009517
-7.809247	-3.926447
-7.596677	-3.840219
-7.409376	-3.781786
-7.201543	-3.693347
-7.009820	-3.678817
-6.807988	-3.604907
-6.603946	-3.534156
-6.402747	-3.453297
-6.205022	-3.365489
-5.997821	-3.280841
-5.813678	-3.260942
-5.601424	-3.169976
-5.410964	-3.125124
-5.206606	-3.025630
-4.996562	-2.955826
-4.805470	-2.893919
-4.610272	-2.840855
-4.403072	-2.780527
-4.207874	-2.718935
-4.001305	-2.613124
-3.803580	-2.570484
-3.605855	-2.473200
-3.396443	-2.421400
-3.214511	-2.377496
-3.009206	-2.269158
-2.807690	-2.179140
-2.607123	-2.110915
-2.398027	-2.032899
-2.205987	-1.994049
-2.010789	-1.905610
-1.796640	-1.831384
-1.610286	-1.771372
-1.409402	-1.654190
-1.191147	-1.579332
-1.000686	-1.512371
-0.802330	-1.397084
-0.602710	-1.271058
-0.403721	-1.092284
-0.197468	-0.844338
-0.003849	-0.575862
0.193585	-0.278643
0.403655	-0.044911
0.583399	0.113347
0.801051	0.274770
0.989008	0.362273
1.196236	0.441562
1.403463	0.488315
1.589525	0.487999
1.790119	0.512007
2.000821	0.574870
2.191621	0.611830
2.398849	0.652580
2.597231	0.637101
2.800035	0.633942
2.995259	0.629204
3.193957	0.684486
3.392023	0.737556
3.607779	0.760616
3.795105	0.733765
4.002964	0.732186
4.200083	0.697437
4.390883	0.811160
4.600638	0.844644
4.792386	0.834220
4.997402	0.838327
5.198311	0.802946
5.392271	0.770093
5.590653	0.866441
5.800408	0.896451
5.991209	0.910982
6.205070	0.880341
6.393975	0.839906
6.608151	0.856333
6.797688	0.908139
6.999546	0.938465
7.191926	0.968159
7.404523	0.938465
7.591218	0.896135
7.807921	0.897715
7.986086	0.949206
8.200895	1.010173
8.397066	0.997538
8.595764	0.969107
8.797936	0.929620
9.000742	0.933095
9.187752	0.985218
9.401928	1.017123
9.589254	1.007015
9.799641	0.996274
10.003077	0.950469
9.796798	0.947626
9.595888	0.998801
9.395294	1.017123
9.186172	1.000381
9.003585	0.971318
8.792883	0.926461
8.598923	0.957103
8.398645	0.952681
8.183520	0.967212
7.994616	0.980163
7.801919	0.923934
7.595956	0.906876
7.398837	0.914141
7.192873	0.890133
6.999546	0.936570
6.800532	0.905296
6.598359	0.853489
6.400609	0.885079
6.204753	0.860439
5.991840	0.865493
5.799144	0.883815
5.592865	0.849699
5.395114	0.833904
5.203366	0.821900
4.991084	0.796312
4.795861	0.815582
4.602849	0.802946
4.383618	0.776727
4.201346	0.752403
3.992224	0.746085
3.804898	0.735977
3.599566	0.710073
3.389812	0.713864
3.199011	0.708178
3.002208	0.668059
2.783925	0.655739
2.607971	0.639944
2.391267	0.590981
2.196992	0.616884
1.992292	0.563814
1.793594	0.540121
1.592368	0.532224
1.404411	0.471888
1.192129	0.406182
1.003540	0.387228
0.788731	0.246971
0.599194	0.130090
0.389755	-0.081234
0.197691	-0.288434
-0.001323	-0.556911
-0.202838	-0.842128
-0.406880	-1.099233
-0.599551	-1.261266
-0.803593	-1.416351
-0.999423	-1.496894
-1.197148	-1.599231
-1.405296	-1.654190
-1.602389	-1.725573
-1.803589	-1.806747
-2.009526	-1.903399
-2.207567	-1.973203
-2.399291	-2.074276
-2.606491	-2.133973
-2.803268	-2.218306
-3.011417	-2.274844
-3.200929	-2.353807
-3.406235	-2.450459
-3.607434	-2.515841
-3.806738	-2.551217
-4.000673	-2.630812
-4.210084	-2.684507
-4.397702	-2.779263
-4.619748	-2.861386
-4.791257	-2.920450
-5.009829	-3.008890
-5.209764	-3.027209
-5.399593	-3.080273
-5.607110	-3.175661
-5.808625	-3.233778
-6.000032	-3.312110
-6.207233	-3.362647
-6.393587	-3.392653
-6.605842	-3.459614
-6.808304	-3.511730
-7.000976	-3.591010
-7.212914	-3.700927
-7.402111	-3.749253
-7.602363	-3.812424
-7.809563	-3.883807
-7.999708	-3.958033
-8.208172	-4.063844
-8.413793	-4.117855
-8.595409	-4.163338
-8.807347	-4.218928
-9.001283	-4.258726
-9.090670	-4.303894
-9.099829	-4.326319
-9.091301	-4.348113
-9.108357	-4.349692
-9.141206	-4.331688
-9.134889	-4.316212
-9.135837	-4.307368
-9.122887	-4.300735
-9.085299	-4.305473
-9.006652	-4.285258
-8.801031	-4.199030
-8.603621	-4.144071
-8.412213	-4.071740
-8.202802	-3.997514
-8.006341	-3.978563
-7.808931	-3.899284
-7.598572	-3.820320
-7.409376	-3.749885
-7.198069	-3.674711
-7.006661	-3.642178
-6.818096	-3.585640
-6.599524	-3.513941
-6.404010	-3.468774
-6.213234	-3.358857
-5.990241	-3.267890
-5.821890	-3.226514
-5.596055	-3.153235
-5.412543	-3.115649
-5.204079	-3.023419
-4.994351	-2.947614
-4.800417	-2.875599
-4.608377	-2.794740
-4.396755	-2.740413
-4.213875	-2.706933
-3.994356	-2.608702
-3.811160	-2.563219
-3.598274	-2.452354
-3.408446	-2.402449
-3.206931	-2.331382
-3.009521	-2.276739
-2.801373	-2.187352
-2.607754	-2.120707
-2.396448	-2.026898
-2.210725	-1.984889
-2.003525	-1.890133
-1.802641	-1.845597
-1.608706	-1.767897
-1.403085	-1.663033
-1.204097	-1.573962
-1.002266	-1.505422
-0.808647	-1.391399
-0.605868	-1.281797
-0.403721	-1.078071
-0.198100	-0.846865
-0.008903	-0.575230
0.201798	-0.284328
0.400496	-0.055965
0.592876	0.135776
0.795365	0.282983
0.996274	0.358166
1.190866	0.430190
1.408517	0.469993
1.582576	0.503478
1.794857	0.555284
2.004296	0.575502
2.193517	0.594140
2.399796	0.618148
2.595020	0.628572
2.795613	0.661425
2.999681	0.650685
3.192693	0.669007
3.399289	0.713232
3.607464	0.710705
3.791314	0.748296
4.005176	0.780202
4.191238	0.745769
4.395306	0.786204
4.599374	0.793154
4.790807	0.803578
4.998981	0.856333
5.205261	0.831377
5.387533	0.800735
5.601078	0.844960
5.792826	0.827902
6.001949	0.872443
6.198120	0.904349
6.394922	0.891081
6.603097	0.884447
6.800848	0.888238
6.985646	0.894872
7.200139	0.954576
7.396626	0.947310
7.598483	0.953628
7.800972	0.899610
7.993036	0.909719
8.193945	0.936886
8.397066	0.990272
8.592921	0.989956
8.794462	0.984270
9.002953	0.935622
9.187752	0.935306
9.400349	0.953312
9.592729	1.008910
9.797113	1.036393
10.002130	0.997538
9.794271	0.940992
9.590202	0.937518
9.401612	0.965632
9.184592	1.019966
9.008323	1.023125
8.788144	0.986481
8.604293	0.961210
8.386642	0.890765
8.191102	0.938781
7.997143	0.983638
7.805710	0.962789
7.594692	0.925829
7.406734	0.890449
7.184029	0.836431
7.006495	0.914141
6.793266	0.933727
6.597727	0.934675
6.406926	0.919512
6.197488	0.845276
5.993104	0.806105
5.801355	0.861703
5.588126	0.886343
5.398905	0.885079
5.192626	0.831061
4.993296	0.794733
4.802495	0.754614
4.588318	0.774200
4.396254	0.814950
4.202610	0.791258
3.999805	0.763143
3.803003	0.739767
3.593248	0.670270
3.395814	0.705335
3.201222	0.728079
2.993363	0.685749
2.798772	0.656371
2.598810	0.613409
2.397585	0.585926
2.195412	0.602985
1.998294	0.588769
1.786012	0.562234
1.600582	0.530013
1.396513	0.443773
1.191181	0.404918
0.999749	0.348689
0.796312	0.254868
0.602669	0.124403
0.395757	-0.076180
0.193269	-0.302016
-0.003218	-0.543329
-0.198100	-0.850971
-0.416671	-1.098601
-0.595761	-1.264741
-0.812121	-1.426458
-0.997212	-1.497842
-1.205360	-1.610286
-1.406560	-1.681669
-1.599231	-1.747367
-1.802957	-1.834543
-2.013316	-1.880341
-2.196512	-1.962464
-2.407503	-2.070170
-2.590383	-2.116916
-2.809901	-2.202513
-3.001309	-2.238205
-3.203456	-2.320959
-3.408762	-2.416662
-3.609013	-2.492152
-3.796315	-2.563219
-4.008885	-2.655764
-4.200293	-2.666503
-4.409389	-2.767261
-4.603323	-2.823483
-4.799469	-2.925504
-5.004775	-3.000046
-5.207553	-3.056268
-5.400856	-3.119123
-5.607741	-3.211984
-5.806729	-3.253045
-6.004770	-3.354435
-6.205022	-3.400234
-6.404958	-3.477618
-6.609948	-3.523733
-6.802303	-3.588799
-7.003502	-3.648179
-7.205965	-3.733460
-7.407480	-3.791577
-7.597625	-3.838324
-7.810511	-3.880332
-7.999076	-3.934344
-8.211015	-4.029100
-8.409055	-4.105853
-8.596357	-4.178815
-8.805137	-4.242302
-9.000650	-4.280520
-9.095091	-4.293154
-9.127625	-4.303262
-9.102040	-4.329162
-9.122887	-4.339585
-9.136152	-4.327582
-9.138680	-4.312106
-9.152261	-4.294418
-9.122887	-4.297576
-9.076772	-4.316528
-9.007283	-4.292523
-8.794397	-4.197766
-8.609623	-4.139018
-8.408739	-4.030047
-8.199327	-3.998146
-8.012658	-3.965297
-7.797245	-3.881280
-7.605521	-3.838956
-7.403690	-3.738514
-7.207229	-3.666499
-7.012662	-3.634282
-6.804830	-3.572374
-6.601419	-3.525628
-6.414118	-3.467510
-6.199337	-3.350960
-6.003823	-3.317480
-5.807993	-3.238200
-5.604582	-3.190822
-5.410648	-3.130178
-5.205342	-3.039844
-4.998457	-2.962775
-4.808629	-2.910975
-4.607430	-2.829484
-4.402124	-2.791898
-4.209769	-2.707565
-3.998146	-2.637445
-3.805159	-2.539530
-3.600169	-2.452986
-3.406867	-2.394868
-3.208826	-2.353176
-3.006047	-2.269474
-2.795372	-2.188931
-2.610913	-2.121023
-2.397395	-2.026582
-2.212305	-1.972571
-2.003209	-1.891080
-1.803589	-1.825067
-1.604916	-1.743576
-1.406244	-1.646293
-1.193358	-1.570804
-1.013636	-1.502264
-0.794749	-1.380975
-0.619450	-1.286219
-0.395193	-1.070174
-0.199995	-0.880030
-0.007324	-0.578073
0.199587	-0.286855
0.396389	-0.061651
0.586874	0.111452
0.799156	0.274138
0.995326	0.345846
1.213610	0.454514
1.398409	0.463043
1.596159	0.512323
1.804966	0.518325
1.994503	0.544544
2.195412	0.608039
2.400744	0.646262
2.594072	0.640576
2.804458	0.656371
2.993995	0.618148
3.193957	0.676588
3.398025	0.727447
3.594828	0.736924
3.797632	0.752403
4.000753	0.741663
4.195976	0.725236
4.393726	0.771357
4.596215	0.807369
4.794598	0.831377
5.002457	0.850646
5.195468	0.812107
5.391007	0.814318
5.599183	0.836431
5.803883	0.855385
5.999422	0.909087
6.202226	0.903401
6.388605	0.860123
6.605624	0.890133
6.797057	0.881604
6.985962	0.924250
7.201719	0.968475
7.396310	0.922039
7.595640	0.920459
7.801603	0.928041
7.989877	0.929304
8.200263	0.974477
8.396750	0.962789
8.588814	0.952365
8.804887	0.954260
8.990633	0.949206
9.203230	0.972898
9.394979	0.959946
9.600943	1.015860
9.799324	0.985534
10.000234	0.981427
9.787004	0.994379
9.604417	0.987113
9.390241	0.962789
9.200387	1.017123
9.002321	0.944467
8.795726	0.993115
8.601134	0.979532
8.393275	0.943204
8.192366	0.940361
7.998722	0.963105
7.794970	0.897715
7.597851	0.944467
7.397573	0.912562
7.194137	0.900242
6.999546	0.889817
6.789475	0.895188
6.600254	0.877497
6.401556	0.896451
6.199383	0.877497
5.992472	0.841170
5.803566	0.851910
5.597287	0.838327
5.403643	0.825691
5.192626	0.858860
4.999298	0.833272
4.793650	0.792838
4.598111	0.789679
4.390252	0.771357
4.201662	0.772620
3.990960	0.767882
3.803319	0.754930
3.589142	0.691751
3.399605	0.710705
3.201854	0.677852
2.993679	0.674693
2.795929	0.679115
2.605444	0.648158
2.390319	0.587506
2.207100	0.595403
1.984710	0.546439
1.795805	0.573606
1.599950	0.525274
1.395566	0.464938
1.192445	0.424188
0.998801	0.347110
0.790310	0.252341
0.599826	0.151886
0.386281	-0.070811
0.202745	-0.265377
0.010365	-0.566702
-0.206312	-0.850971
-0.399299	-1.071122
-0.605552	-1.280218
-0.808647	-1.401506
-1.001634	-1.504159
-1.204728	-1.600810
-1.402453	-1.670930
-1.598915	-1.754947
-1.809590	-1.832016
-2.003209	-1.875919
-2.202197	-1.968465
-2.406239	-2.041111
-2.600174	-2.120707
-2.807690	-2.185457
-3.005100	-2.235678
-3.201245	-2.307693
-3.405919	-2.400554
-3.607750	-2.473200
-3.790314	-2.560692
-4.009201	-2.632075
-4.196503	-2.687350
-4.402124	-2.765998
-4.607114	-2.820009
-4.798838	-2.889497
-5.006986	-2.984253
-5.208501	-3.012364
-5.401488	-3.068586
-5.613426	-3.149129
-5.797570	-3.183241
-6.008561	-3.286842
-6.203127	-3.343064
-6.404326	-3.436241
-6.605842	-3.512046
-6.808620	-3.571743
-6.996553	-3.639967
-7.216073	-3.740725
-7.395794	-3.768520
-7.611522	-3.878121
-7.802299	-3.876226
-8.006657	-3.955822
-8.211962	-3.996251
-8.404001	-4.056895
-8.600463	-4.152283
-8.801978	-4.235985
-9.000650	-4.265359
-9.094775	-4.298840
-9.112779	-4.312421
-9.104251	-4.338322
-9.097618	-4.358536
-9.096354	-4.366748
-9.109620	-4.350956
-9.120675	-4.321265
-9.113727	-4.308631
-9.085299	-4.308631
-9.001914	-4.300419
-8.799135	-4.253041
-8.608044	-4.156389
-8.402422	-4.070161
-8.206908	-4.034470
-8.005709	-3.969719
-7.804825	-3.930238
-7.601415	-3.869277
-7.404006	-3.773258
-7.204702	-3.681344
-7.012031	-3.624174
-6.797881	-3.525944
-6.602367	-3.513941
-6.408116	-3.458035
-6.198705	-3.368648
-6.001927	-3.305161
-5.810520	-3.227145
-5.602687	-3.159552
-5.411911	-3.120070
-5.197130	-3.034790
-5.002248	-2.977304
-4.809261	-2.901499
-4.601112	-2.819061
-4.407178	-2.789371
-4.204715	-2.713881
-4.005095	-2.661450
-3.808002	-2.583434
-3.598906	-2.487730
-3.406551	-2.439088
-3.212932	-2.367073
-2.996887	-2.272633
-2.798846	-2.250207
-2.603333	-2.124497
-2.396132	-2.064485
-2.210725	-1.960568
-2.000050	-1.888870
-1.808327	-1.845282
-1.609022	-1.758737
-1.393925	-1.655453
-1.203465	-1.590703
-1.002582	-1.483944
-0.800119	-1.410034
-0.614712	-1.270110
-0.398668	-1.076807
-0.205681	-0.840548
-0.004797	-0.557858
0.198007	-0.283697
0.397337	-0.061967
0.585610	0.131669
0.802630	0.265293
0.985850	0.351848
1.203185	0.429558
1.393354	0.485788
1.593948	0.536331
1.796752	0.542017
1.996082	0.557812
2.190989	0.576765
2.406430	0.622254
2.590281	0.641524
2.811092	0.682274
2.992732	0.651317
3.196168	0.672166
3.399920	0.669007
3.599250	0.719550
3.793210	0.762512
4.005807	0.789047
4.195976	0.756510
4.406994	0.779254
4.588002	0.756194
4.797757	0.843697
5.003720	0.862966
5.192626	0.855385
5.394483	0.835483
5.599498	0.806105
5.791879	0.796944
6.002264	0.898347
6.195277	0.897399
6.398397	0.922355
6.612258	0.897399
6.794214	0.834536
6.993544	0.880341
7.204562	0.936254
7.390624	0.968475
7.600694	0.971318
7.800656	0.927409
7.990825	0.893924
8.201842	0.894240
8.388221	0.962157
8.596711	1.030707
8.806150	1.002908
8.993476	0.974477
9.196913	0.922671
9.397506	0.914773
9.592413	1.016807
9.800588	1.037972
9.985071	1.021546
9.795534	1.003540
9.603786	0.917300
9.387713	0.932463
9.194701	1.019334
8.996634	1.018387
8.793199	1.006383
8.598923	0.965316
8.393907	0.901190
8.188575	0.914457
8.000301	0.973214
7.793074	0.957419
7.601642	0.966264
7.393467	0.888238
7.199507	0.867073
7.001757	0.873075
6.800216	0.909087
6.595200	0.930568
6.413560	0.924566
6.191486	0.844013
6.005424	0.866441
5.797565	0.837695
5.593181	0.892660
5.396694	0.868968
5.194205	0.845592
4.997718	0.803894
4.801547	0.788731
4.589898	0.765039
4.394990	0.800103
4.197556	0.776411
3.993487	0.781781
3.800791	0.705966
3.591037	0.704703
3.401500	0.708809
3.195220	0.691435
2.988941	0.686697
2.799404	0.663005
2.598178	0.616252
2.392531	0.620043
2.201098	0.578029
1.984394	0.578029
1.801175	0.576134
1.586682	0.501582
1.395882	0.471888
1.199079	0.428295
1.001328	0.358482
0.793469	0.282983
0.601405	0.150307
0.386912	-0.067968
0.206852	-0.284644
-0.008271	-0.581547
-0.204417	-0.843391
-0.405301	-1.089757
-0.605552	-1.270110
-0.810226	-1.389188
-0.998160	-1.473205
-1.206308	-1.597020
-1.400874	-1.664929
-1.602705	-1.774214
