# Configuration automatically generated by WRITE_CONFIG()
connection eth
ip 192.168.0.10
samplehz 1000.000000
settleus 10.000000
nsample 128

# Analog Inputs
aichannel 0
ainegative 199
airange 10.000000
airesolution 0

aichannel 1
ainegative 199
airange 10.000000
airesolution 0

# Analog Outputs
aochannel 0
aosignal triangle
aofrequency 5.000000
aoamplitude 2.000000
aooffset 2.500000
aoduty 0.500000

# Meta Parameters
int:periods 10
flt:tip_T_C 407.432093
flt:plate_T_C 278.684473
flt:plate_Q_kW 0.921839
flt:cool_Thigh_C 47.623773
flt:cool_Tlow_C 12.482630
flt:air_psig 20.000000
flt:water_gph 5.600000
flt:standoff_in 0.228000
flt:oxygen_scfh 9.628906
flt:fuel_scfh 5.296531
flt:flow_scfh 14.925437
flt:ratio_fto 0.550066

## End Configuration ##
#: Wed Apr 19 16:57:49 2017
-7.009820	-3.341800
-9.329455	-4.116908
-9.240700	-4.203136
-9.245754	-4.199977
-9.267232	-4.128278
-9.210062	-3.989934
-9.002230	-3.952031
-8.803557	-4.053737
-8.593514	-4.023415
-8.404634	-3.926131
-8.202802	-3.741041
-7.999392	-3.614067
-7.805773	-3.693978
-7.601415	-3.689556
-7.399584	-3.648179
-7.209124	-3.481408
-7.012662	-3.338010
-6.805461	-3.308952
-6.595734	-3.361383
-6.398641	-3.340537
-6.201232	-3.222407
-5.994979	-3.060690
-5.816521	-2.980463
-5.595107	-2.998151
-5.401172	-3.018997
-5.197130	-2.933716
-4.992772	-2.808322
-4.805786	-2.655448
-4.599849	-2.623547
-4.414127	-2.670925
-4.200925	-2.585329
-4.007938	-2.515525
-3.797894	-2.340857
-3.609645	-2.281793
-3.405603	-2.267263
-3.203772	-2.257156
-3.007942	-2.180719
-2.803584	-2.053746
-2.599542	-1.939722
-2.408450	-1.892660
-2.199986	-1.894871
-2.008894	-1.808958
-1.799167	-1.733785
-1.606811	-1.597652
-1.403717	-1.491209
-1.201886	-1.445410
-1.004793	-1.326964
-0.802330	-1.134925
-0.613765	-0.912563
-0.394562	-0.654194
-0.212313	-0.498478
0.002784	-0.298226
0.188846	-0.140930
0.392283	0.008786
0.596983	0.102923
0.795365	0.150307
0.996590	0.225806
1.195920	0.252025
1.400304	0.294355
1.589525	0.262450
1.793594	0.270979
1.994503	0.290564
2.196360	0.330683
2.398849	0.346794
2.603549	0.353743
2.788031	0.316152
3.001893	0.327840
3.185743	0.373961
3.403711	0.412184
3.591037	0.379331
3.801107	0.377120
4.005491	0.349637
4.190606	0.374277
4.397517	0.446617
4.588002	0.421977
4.802179	0.429558
4.986662	0.361641
5.203682	0.396705
5.396694	0.421977
5.591917	0.457673
5.797881	0.461780
5.995947	0.413132
6.207596	0.387228
6.397766	0.434297
6.599307	0.494948
6.799268	0.486103
6.989437	0.450723
7.201719	0.424504
7.394731	0.412184
7.597219	0.475679
7.799392	0.499687
7.988614	0.478522
8.200895	0.450407
8.391379	0.401759
8.599238	0.475679
8.801412	0.499055
8.991264	0.522115
9.199756	0.489578
9.389924	0.435244
9.603470	0.450723
9.796481	0.492105
9.997075	0.563182
9.799641	0.502214
9.585148	0.444721
9.402876	0.451355
9.187119	0.445985
9.003585	0.523695
8.792566	0.490842
8.602714	0.476311
8.395487	0.412500
8.190154	0.432085
7.998722	0.493685
7.794338	0.487683
7.603537	0.490210
7.401680	0.413448
7.203614	0.428295
6.992596	0.447564
6.796741	0.490842
6.601518	0.476311
6.400292	0.432401
6.195909	0.396389
6.003528	0.415975
5.789035	0.436824
5.603289	0.452934
5.390376	0.433033
5.203682	0.392283
4.993611	0.366379
4.790807	0.406814
4.599690	0.440299
4.389620	0.416291
4.198819	0.409973
3.993487	0.337317
3.803634	0.380910
3.587246	0.373329
3.396761	0.412816
3.194273	0.370802
2.992100	0.321522
2.792770	0.322154
2.603233	0.324049
2.393162	0.344267
2.200782	0.317100
1.993555	0.307623
1.796437	0.246339
1.589841	0.262450
1.406306	0.278244
1.201290	0.251393
0.996590	0.222015
0.806421	0.174947
0.590033	0.092182
0.402707	0.027424
0.190110	-0.135245
0.005311	-0.292541
-0.207260	-0.501952
-0.406880	-0.669355
-0.604921	-0.910036
-0.805173	-1.162720
-1.002582	-1.324121
-1.201254	-1.458676
-1.401822	-1.492788
-1.602074	-1.605548
-1.813380	-1.717676
-1.997208	-1.819066
-2.211989	-1.890133
-2.401501	-1.907189
-2.599226	-1.940038
-2.806427	-2.055641
-2.993413	-2.177245
-3.207246	-2.259051
-3.396759	-2.270738
-3.604276	-2.305166
-3.796947	-2.349701
-4.002884	-2.499100
-4.209137	-2.615335
-4.407178	-2.639656
-4.614694	-2.651658
-4.792204	-2.635550
-5.009512	-2.812428
-5.202816	-2.900236
-5.403699	-3.004468
-5.614690	-3.000046
-5.797885	-2.985517
-6.007297	-3.069850
-6.200284	-3.221144
-6.406221	-3.337063
-6.606473	-3.344959
-6.800408	-3.333588
-7.016452	-3.343380
-7.202806	-3.475407
-7.403059	-3.654812
-7.598257	-3.686082
-7.807984	-3.679765
-8.006024	-3.644389
-8.203434	-3.739461
-8.409371	-3.921078
-8.599832	-3.999410
-8.801347	-4.047735
-9.014864	-3.972246
-9.200271	-3.978563
-9.279235	-4.116591
-9.224908	-4.202504
-9.257125	-4.198714
-9.327876	-4.133964
-9.397048	-4.044893
-9.351565	-4.073004
-9.225855	-4.169339
-9.174055	-4.198082
-8.997492	-4.068898
-8.803557	-3.927079
-8.595725	-3.815582
-8.413161	-3.886018
-8.205013	-3.895178
-8.000024	-3.809897
-7.806089	-3.677870
-7.601415	-3.498464
-7.407480	-3.529418
-7.205649	-3.527523
-7.007924	-3.530997
-6.807357	-3.385388
-6.604578	-3.235989
-6.407169	-3.175029
-6.205022	-3.209457
-5.996874	-3.197139
-5.812099	-3.121334
-5.595107	-2.982674
-5.402120	-2.858859
-5.196183	-2.852542
-4.999405	-2.866755
-4.804839	-2.813060
-4.603323	-2.681033
-4.410336	-2.554059
-4.202820	-2.462461
-4.006359	-2.499100
-3.802001	-2.428349
-3.608066	-2.381918
-3.405287	-2.231256
-3.207246	-2.154819
-3.008258	-2.127024
-2.804532	-2.087858
-2.600174	-2.040796
-2.405607	-1.924561
-2.205356	-1.827278
-2.006999	-1.736628
-1.800746	-1.730626
-1.612497	-1.652610
-1.391083	-1.543009
-1.202833	-1.424247
-1.000055	-1.242315
-0.801066	-1.104918
-0.613449	-0.949834
-0.396141	-0.721471
-0.217367	-0.503531
0.005627	-0.274537
0.190110	-0.147247
0.392598	0.015736
0.599194	0.110188
0.798524	0.170208
1.006699	0.210327
1.199079	0.214118
1.401883	0.268452
1.589841	0.276033
1.792646	0.316468
2.000821	0.305727
2.191621	0.281403
2.404219	0.311729
2.600706	0.342687
2.795297	0.372065
3.000629	0.365747
3.187323	0.348689
3.407502	0.338264
3.589458	0.356586
3.802687	0.430190
3.997594	0.404918
4.190290	0.394494
4.395938	0.368275
4.592109	0.375856
4.804390	0.428926
4.991716	0.425767
5.200839	0.445353
5.397641	0.385017
5.584651	0.395757
5.805778	0.445037
5.992156	0.463043
6.202542	0.467466
6.398081	0.431454
6.597727	0.424504
6.799268	0.430506
6.985962	0.476942
7.203614	0.504109
7.392519	0.445037
7.603537	0.442510
7.794654	0.415027
8.001881	0.473783
8.200579	0.487999
8.399277	0.473468
8.599871	0.462411
8.800148	0.427663
8.989054	0.466202
9.201651	0.508848
9.387397	0.520536
9.599679	0.483892
9.789532	0.457989
10.001182	0.470940
9.798061	0.499055
9.585464	0.518641
9.403824	0.515166
9.186172	0.425767
9.012429	0.450723
8.788144	0.464623
8.604925	0.512007
8.390116	0.485788
8.191418	0.467782
7.997458	0.433033
7.796233	0.426715
7.601010	0.492421
7.398521	0.469361
7.203930	0.482944
6.992596	0.421345
6.797688	0.443458
6.602466	0.428295
6.396502	0.467466
6.195592	0.464938
5.994051	0.423872
5.790299	0.397021
5.603605	0.415343
5.382794	0.431138
5.204313	0.439351
4.996455	0.408077
4.798704	0.384385
4.595268	0.377435
4.394042	0.393230
4.196608	0.428611
3.996330	0.394494
3.802371	0.387860
3.587878	0.340160
3.403395	0.378067
3.191746	0.364484
2.988941	0.379647
2.798140	0.354691
2.595335	0.306359
2.397269	0.312993
2.198887	0.303200
1.992292	0.333526
1.798016	0.276349
1.585734	0.280140
1.407254	0.267820
1.192129	0.227385
0.995010	0.233703
0.797576	0.177158
0.586874	0.100395
0.399232	0.003732
0.189478	-0.129560
0.003732	-0.294120
-0.211998	-0.527220
-0.404037	-0.702836
-0.600499	-0.916037
-0.806752	-1.109656
-0.995317	-1.304539
-1.196516	-1.458360
-1.399927	-1.555643
-1.598915	-1.630816
-1.801694	-1.678195
-1.996576	-1.775478
-2.213252	-1.885395
-2.395500	-1.941933
-2.605543	-1.998155
-2.803584	-2.049955
-3.002257	-2.121654
-3.208510	-2.223675
-3.400234	-2.299165
-3.609013	-2.381287
-3.802632	-2.371495
-4.001621	-2.479202
-4.210084	-2.536687
-4.401493	-2.646605
-4.612484	-2.705669
-4.796627	-2.733464
-5.011092	-2.796320
-5.208185	-2.841803
-5.400856	-2.959301
-5.615322	-3.033842
-5.797570	-3.048372
-6.011719	-3.095118
-6.195862	-3.167449
-6.410012	-3.259047
-6.603314	-3.336115
-6.804198	-3.404340
-7.010135	-3.420448
-7.203123	-3.471933
-7.403059	-3.580586
-7.601415	-3.638072
-7.809247	-3.735671
-8.001603	-3.731881
-8.207224	-3.797263
-8.412530	-3.869909
-8.606149	-3.932448
-8.802609	-4.021204
-9.014233	-4.058158
-9.196165	-4.069213
-9.286183	-4.115644
-9.288078	-4.134280
-9.292816	-4.156389
-9.304502	-4.152599
-9.331035	-4.119119
-9.309240	-4.117539
-9.260599	-4.133016
-9.206588	-4.128278
-8.989280	-4.064476
-8.812402	-4.005095
-8.591619	-3.895178
-8.410003	-3.897073
-8.201855	-3.802632
-8.003498	-3.758413
-7.807352	-3.691767
-7.601099	-3.588799
-7.402742	-3.568268
-7.207229	-3.498780
-7.010767	-3.471301
-6.802619	-3.365174
-6.607105	-3.310215
-6.408432	-3.236305
-6.201863	-3.203772
-6.002244	-3.147866
-5.810835	-3.076483
-5.600792	-2.998151
-5.412543	-2.921398
-5.201552	-2.885706
-5.011408	-2.827589
-4.789678	-2.746415
-4.605535	-2.693035
-4.406230	-2.592278
-4.204083	-2.528791
-4.006042	-2.500680
-3.800737	-2.404344
-3.605539	-2.362020
-3.396443	-2.248944
-3.204404	-2.221464
-3.010785	-2.149765
-2.796635	-2.088490
-2.606807	-1.999103
-2.399291	-1.906557
-2.208514	-1.850967
-2.008578	-1.772319
-1.801378	-1.741681
-1.611865	-1.623236
-1.393925	-1.523742
-1.205044	-1.444778
-1.003213	-1.266320
-0.806120	-1.145980
-0.612501	-0.924250
-0.402458	-0.700940
-0.212629	-0.494372
0.002468	-0.281170
0.192637	-0.138719
0.396073	0.024581
0.596667	0.100080
0.795049	0.180633
0.994379	0.220120
1.196236	0.240337
1.400304	0.276033
1.593948	0.276349
1.795489	0.294039
2.002084	0.300041
2.186251	0.297830
2.401376	0.358166
2.590913	0.339528
2.805090	0.348373
2.999681	0.339844
3.193325	0.358798
3.400868	0.386912
3.590721	0.384701
3.799844	0.407446
4.000437	0.364484
4.187763	0.389124
4.397202	0.375540
4.593688	0.426083
4.801547	0.414711
4.994559	0.401128
5.200839	0.407130
5.391007	0.394178
5.588758	0.428295
5.805462	0.456093
5.986470	0.434613
6.200647	0.430190
6.393343	0.422608
6.602149	0.445353
6.791371	0.472204
6.992912	0.463675
7.200771	0.454198
7.394731	0.415659
7.607644	0.451039
7.794970	0.463675
8.000301	0.496528
8.192998	0.460832
8.395170	0.460832
8.599555	0.447564
8.799517	0.464307
8.991581	0.505057
9.197228	0.507268
9.386133	0.487051
9.595572	0.459568
9.791111	0.479786
10.005288	0.513586
9.788268	0.516113
9.595572	0.492105
9.397506	0.458621
9.186172	0.435876
9.007059	0.492105
8.790039	0.479786
8.607768	0.498107
8.384114	0.433665
8.204686	0.456409
7.991457	0.433033
7.795601	0.473468
7.604801	0.488946
7.397258	0.437771
7.202034	0.441562
6.993544	0.412184
6.795162	0.477258
6.600254	0.457041
6.392079	0.456725
6.200963	0.427663
5.994999	0.386596
5.795353	0.422608
5.599183	0.448512
5.385953	0.440615
5.204629	0.415975
4.987609	0.376804
4.799968	0.402707
4.598111	0.402391
4.388988	0.428295
4.196292	0.406182
3.990644	0.361325
3.803634	0.361957
3.596407	0.348057
3.403079	0.415027
3.195220	0.374277
2.987045	0.350584
2.811723	0.331947
2.589965	0.308254
2.401376	0.339528
2.193833	0.322470
1.992923	0.312993
1.793909	0.263081
1.590157	0.255184
1.407570	0.271926
1.192129	0.240021
0.992483	0.252025
0.794101	0.152202
0.596983	0.102291
0.391967	-0.016484
0.198955	-0.127033
0.000888	-0.308017
-0.201890	-0.515534
-0.406880	-0.691781
-0.597972	-0.914458
-0.809910	-1.153560
-0.995001	-1.332650
-1.196516	-1.458991
-1.400874	-1.524689
-1.602705	-1.596072
-1.808958	-1.698725
-1.999419	-1.806431
-2.210725	-1.913822
-2.396132	-1.916349
-2.607439	-1.971939
-2.804532	-2.016791
-3.010469	-2.163663
-3.205983	-2.248944
-3.407182	-2.308640
-3.606487	-2.325381
-3.805475	-2.342121
-3.996251	-2.482992
-4.211348	-2.586276
-4.402124	-2.687034
-4.610588	-2.668714
-4.801996	-2.704722
-5.000037	-2.755890
-5.193024	-2.899288
-5.403067	-3.016154
-5.609636	-3.046792
-5.800412	-3.006363
-6.014562	-3.048687
-6.195230	-3.177556
-6.411907	-3.326008
-6.597629	-3.380335
-6.809884	-3.378755
-7.005082	-3.349381
-7.205649	-3.444137
-7.406217	-3.610909
-7.603310	-3.706613
-7.807984	-3.744515
-8.003182	-3.672500
-8.207856	-3.730302
-8.409055	-3.852221
-8.598252	-4.010465
-8.806716	-4.085954
-9.007600	-4.027205
-9.201534	-3.986775
-9.315242	-4.064792
-9.254913	-4.167129
-9.236594	-4.213559
-9.277339	-4.182290
-9.370832	-4.084059
-9.366726	-4.047104
-9.271654	-4.118803
-9.171528	-4.195240
-8.999388	-4.125120
-8.809243	-3.963718
-8.594146	-3.802316
-8.416320	-3.830427
-8.200591	-3.854116
-8.003182	-3.849379
-7.804193	-3.715772
-7.590360	-3.547422
-7.399900	-3.473512
-7.199016	-3.506045
-7.001607	-3.530366
-6.799776	-3.437504
-6.602683	-3.299476
-6.410644	-3.157657
-6.196810	-3.130178
-5.999717	-3.198718
-5.809256	-3.135231
-5.606793	-3.032895
-5.403383	-2.876231
-5.199341	-2.806111
-5.007617	-2.835170
-4.795995	-2.809586
-4.609009	-2.746099
-4.410652	-2.585645
-4.200293	-2.467515
-4.008569	-2.447932
-3.802316	-2.449195
-3.605855	-2.395184
-3.407814	-2.283056
-3.205667	-2.171559
-3.011101	-2.082804
-2.792529	-2.065432
-2.613440	-2.063853
-2.392973	-1.945092
-2.213568	-1.855073
-2.000682	-1.725888
-1.805484	-1.693987
-1.609338	-1.647872
-1.395505	-1.563855
-1.204728	-1.459623
-0.992474	-1.238841
-0.805173	-1.108709
-0.600815	-0.919196
-0.400247	-0.752109
-0.200627	-0.489634
-0.001954	-0.284012
0.196112	-0.122611
0.391651	0.003100
0.593192	0.109240
0.789047	0.180633
1.003224	0.225806
1.191813	0.223595
1.401883	0.240337
1.588578	0.276033
1.794857	0.325945
1.992923	0.328788
2.190674	0.297514
2.396637	0.310150
2.594072	0.312361
2.803195	0.390071
2.987045	0.367327
3.198379	0.384385
3.398657	0.320574
3.597039	0.344898
3.804266	0.397021
4.006123	0.409657
4.187131	0.432717
4.399413	0.368275
4.588950	0.374908
4.798704	0.380910
4.992980	0.455462
5.204945	0.457357
5.389744	0.411868
5.595392	0.393546
5.805462	0.398600
5.995947	0.445037
6.209176	0.481997
6.395870	0.460516
6.609731	0.437140
6.786948	0.400496
6.999862	0.450723
7.197928	0.491474
7.395678	0.481365
7.597851	0.466202
7.799392	0.406814
7.998090	0.434613
8.192366	0.469045
8.397066	0.522431
8.598607	0.488315
8.792251	0.442826
8.999162	0.435876
9.195333	0.465570
9.398138	0.523063
9.603786	0.518325
9.795218	0.491158
10.006236	0.453250
9.783214	0.443458
9.599679	0.520852
9.394979	0.503794
9.190279	0.502214
9.003268	0.441562
8.793514	0.422924
8.601766	0.464307
8.387273	0.491790
8.196157	0.517061
7.994931	0.447880
7.795918	0.411236
7.603853	0.430506
7.397573	0.462727
7.198244	0.502846
6.994492	0.483260
6.795794	0.426083
6.601834	0.391651
6.395870	0.435560
6.203490	0.489578
5.991840	0.446617
5.800408	0.440299
5.591917	0.370802
5.398589	0.394810
5.198627	0.426399
4.995823	0.440299
4.802179	0.427663
4.594636	0.368275
4.388041	0.364484
4.201662	0.395757
3.989381	0.418818
3.803003	0.404918
3.593564	0.374592
3.395814	0.339844
3.191746	0.332262
2.990204	0.374592
2.809828	0.380594
2.594388	0.322154
2.407694	0.316784
2.187199	0.261502
1.999241	0.311413
1.786328	0.298778
1.598054	0.300041
1.402199	0.255184
1.192761	0.215381
0.996274	0.214118
0.796944	0.171472
0.593824	0.130090
0.399232	-0.015220
0.207168	-0.119452
-0.001954	-0.295699
-0.209471	-0.501005
-0.404669	-0.725893
-0.603341	-0.952361
-0.813069	-1.117237
-0.995001	-1.235366
-1.212941	-1.426458
-1.395505	-1.560381
-1.606811	-1.668087
-1.801694	-1.712307
-2.006052	-1.746735
-2.212620	-1.806747
-2.396764	-1.925825
-2.609334	-2.064485
-2.799478	-2.085331
-3.009521	-2.143764
-3.202193	-2.115969
-3.410025	-2.274528
-3.609645	-2.377496
-3.797263	-2.459303
-4.013307	-2.511735
-4.198714	-2.483308
-4.403072	-2.559429
-4.608377	-2.695562
-4.795995	-2.831379
-5.008249	-2.856648
-5.191761	-2.852226
-5.420439	-2.866439
-5.604898	-2.959616
-5.806729	-3.131757
-6.004770	-3.201877
-6.199968	-3.204088
-6.410012	-3.171239
-6.597313	-3.220512
-6.800092	-3.422659
-7.005713	-3.518679
-7.200595	-3.572690
-7.410323	-3.526259
-7.600152	-3.502886
-7.802614	-3.658602
-8.004129	-3.829480
-8.207856	-3.908443
-8.408108	-3.880964
-8.595725	-3.819373
-8.808295	-3.891387
-9.000019	-4.060369
-9.164264	-4.201872
-9.225539	-4.185764
-9.329140	-4.103642
-9.417579	-4.019624
-9.342405	-4.099535
-9.253966	-4.197766
-9.224908	-4.209453
-9.260283	-4.147545
-9.213536	-3.970983
-9.000019	-3.954558
-8.810506	-4.019940
-8.598884	-4.038891
-8.411266	-3.932133
-8.201539	-3.754307
-8.012658	-3.620384
-7.810195	-3.658602
-7.597309	-3.692399
-7.411271	-3.645968
-7.199016	-3.506992
-7.012662	-3.326639
-6.800724	-3.290316
-6.604578	-3.345275
-6.402747	-3.346222
-6.195230	-3.230620
-5.999401	-3.110595
-5.801991	-2.953931
-5.600161	-3.000678
-5.401488	-2.994045
-5.200921	-2.955194
-4.998774	-2.826326
-4.792521	-2.658923
-4.607430	-2.627337
-4.411916	-2.628917
-4.199030	-2.608386
-4.013939	-2.516157
-3.796631	-2.378444
-3.610909	-2.258103
-3.401813	-2.265368
-3.211668	-2.264736
-2.996887	-2.180403
-2.799794	-2.071118
-2.612176	-1.952672
-2.398027	-1.871813
-2.213884	-1.894555
-1.991522	-1.815275
-1.809274	-1.740418
-1.591334	-1.585965
-1.405296	-1.498789
-1.204728	-1.424563
-0.999423	-1.320331
-0.805488	-1.147875
-0.607132	-0.903719
-0.405301	-0.682937
-0.202838	-0.472578
-0.000691	-0.318125
0.194532	-0.134613
0.396705	0.015736
0.594140	0.096605
0.792522	0.156309
0.999749	0.220436
1.188970	0.256764
1.407570	0.285826
1.582576	0.273822
1.802123	0.275085
1.996082	0.268452
2.194464	0.330683
2.402323	0.361641
2.595967	0.343635
2.809196	0.336053
2.996522	0.305095
3.197432	0.390071
3.392023	0.390387
3.591985	0.419134
3.803950	0.390071
3.991592	0.337949
4.199135	0.382490
4.392147	0.407130
4.596215	0.445985
4.796493	0.420081
4.994243	0.395126
5.203998	0.384385
5.387217	0.407446
5.598551	0.476942
5.796301	0.452934
5.998158	0.446617
6.196540	0.390071
6.403451	0.415027
6.607204	0.469993
6.798320	0.477890
6.994807	0.483260
7.203930	0.439035
7.387781	0.411552
7.604485	0.460832
7.795601	0.497160
7.995563	0.497160
8.197104	0.453566
8.393591	0.418186
8.602082	0.446617
8.785617	0.477574
9.001373	0.540437
9.190279	0.477258
9.397506	0.464307
9.594940	0.421977
9.800904	0.502530
9.995496	0.529065
9.791427	0.511691
9.602838	0.487051
9.395294	0.419134
9.187752	0.469045
8.999794	0.493053
8.794462	0.528433
8.597028	0.471256
8.398645	0.431138
8.200579	0.420713
7.991140	0.460516
7.791495	0.503478
7.606696	0.499687
7.387149	0.444089
7.205825	0.417870
6.985014	0.431454
6.800848	0.484840
6.593305	0.477258
6.401872	0.447880
6.206965	0.406498
6.000053	0.402391
5.789351	0.459884
5.595707	0.448828
5.392903	0.453566
5.196100	0.390703
4.996770	0.364800
4.798704	0.388492
4.596531	0.416922
4.388988	0.432401
4.206085	0.405234
3.995067	0.353112
3.804898	0.364800
3.587878	0.400180
3.402447	0.398285
3.183848	0.372697
3.000313	0.353112
2.800667	0.302884
2.596283	0.320258
2.401692	0.345846
2.190042	0.324997
2.000821	0.319311
1.789487	0.254236
1.600266	0.268768
1.395882	0.250446
1.193393	0.273190
0.995642	0.236546
0.792206	0.169576
0.594771	0.087444
0.394810	-0.006376
0.199271	-0.128928
0.007206	-0.318441
-0.207260	-0.509217
-0.394877	-0.667460
-0.613449	-0.898981
-0.808647	-1.132082
-0.998475	-1.332965
-1.206624	-1.448884
-1.397400	-1.511423
-1.611549	-1.593230
-1.799798	-1.673773
-2.006683	-1.824119
-2.212305	-1.888554
-2.389183	-1.933405
-2.609965	-1.940985
-2.790634	-2.025003
-3.011732	-2.167453
-3.204720	-2.245153
-3.408446	-2.313694
-3.610277	-2.303902
-3.794104	-2.325696
-4.013623	-2.491520
-4.198398	-2.593225
-4.412231	-2.683875
-4.603955	-2.679769
-4.804839	-2.671557
-5.000985	-2.752732
-5.199341	-2.903710
-5.410016	-3.024683
-5.605214	-3.034158
-5.807045	-3.029736
-6.005718	-3.020261
-6.203759	-3.200613
-6.403063	-3.321902
-6.604894	-3.383809
-6.806093	-3.380966
-7.008240	-3.327903
-7.199332	-3.437820
-7.413166	-3.618805
-7.596045	-3.700927
-7.812406	-3.745778
-7.997497	-3.682292
-8.206277	-3.710087
-8.404001	-3.864224
-8.599832	-4.022151
-8.806716	-4.082479
-9.000019	-4.019309
-9.208798	-3.999726
-9.311768	-4.063528
-9.255861	-4.171866
-9.234067	-4.214191
-9.293764	-4.172498
-9.368937	-4.079637
-9.379360	-4.028468
-9.260283	-4.131437
-9.167106	-4.196187
-9.000967	-4.129226
-8.807347	-3.954874
-8.599832	-3.813056
-8.413793	-3.811792
-8.204065	-3.874015
-8.009183	-3.846536
-7.806405	-3.712614
-7.601099	-3.540789
-7.404953	-3.470037
-7.193647	-3.507624
-7.006345	-3.543000
-6.792827	-3.429608
-6.608368	-3.304530
-6.397377	-3.136495
-6.196494	-3.163343
-6.002559	-3.191454
-5.800097	-3.137127
-5.603951	-3.037948
-5.400540	-2.871493
-5.194919	-2.822851
-4.998774	-2.809901
-4.783045	-2.808322
-4.611220	-2.733464
-4.399597	-2.580591
-4.208189	-2.470674
-4.009201	-2.447932
-3.793157	-2.458039
-3.603012	-2.396132
-3.391706	-2.289689
-3.212300	-2.171243
-2.994360	-2.070802
-2.798846	-2.096702
-2.606175	-2.040796
-2.397395	-1.959937
-2.210093	-1.839596
-2.001314	-1.721151
-1.810853	-1.709464
-1.598283	-1.640608
-1.395820	-1.582175
-1.210414	-1.436250
-0.992790	-1.242947
-0.818123	-1.097654
-0.603026	-0.936252
-0.406248	-0.747687
-0.202522	-0.511744
0.006890	-0.297594
0.193269	-0.138404
0.406182	0.011945
0.600773	0.083969
0.795997	0.188530
1.005119	0.204957
1.196236	0.246655
1.402515	0.246971
1.589525	0.277929
1.799911	0.320890
1.995135	0.305411
2.189094	0.313941
2.402639	0.298778
2.589017	0.329104
2.803510	0.370802
2.988941	0.392914
3.203118	0.362588
3.392339	0.334158
3.595775	0.357850
3.806793	0.394810
3.991908	0.404287
4.201978	0.422608
4.386145	0.359745
4.606640	0.368275
4.789543	0.390387
4.999613	0.442826
5.192626	0.444721
5.393851	0.418818
5.590022	0.406498
5.798828	0.409341
5.996579	0.469045
6.198120	0.469361
6.400292	0.476942
6.598675	0.425767
6.792003	0.409973
6.996387	0.450091
7.203614	0.492421
7.389676	0.478206
7.606064	0.466518
7.792442	0.399864
8.005672	0.453566
8.186048	0.481049
8.405910	0.511375
8.595448	0.473152
8.796357	0.437771
8.999794	0.440615
9.191543	0.466834
9.400349	0.541701
9.587043	0.496212
9.803747	0.510427
9.999602	0.418186
9.798693	0.470625
9.607892	0.508532
9.390241	0.521168
9.194701	0.495896
8.994424	0.436824
8.794462	0.432717
8.602082	0.465254
8.388536	0.511059
8.202159	0.495580
7.986718	0.439667
7.798760	0.427347
7.601326	0.435244
7.394731	0.479470
7.200455	0.501582
6.990385	0.454514
6.800532	0.438087
6.598675	0.389755
6.404715	0.444721
6.204753	0.469361
5.994683	0.459252
5.798828	0.429242
5.593812	0.372065
5.394483	0.411868
5.198311	0.426715
4.996455	0.455146
4.796493	0.425767
4.586107	0.363536
4.401940	0.386281
4.185552	0.386281
4.001069	0.435876
3.803319	0.383753
3.598303	0.364168
3.403079	0.332894
3.191746	0.330051
2.995574	0.398600
2.797508	0.363536
2.588701	0.359429
2.403271	0.298146
2.191621	0.291828
1.996398	0.301621
1.793278	0.304148
1.592368	0.296250
1.401252	0.248550
1.186759	0.223279
1.006067	0.222963
0.783361	0.168945
0.599194	0.125351
0.394810	-0.002586
0.199587	-0.117873
-0.001323	-0.290014
-0.207576	-0.516166
-0.398036	-0.726841
-0.605868	-0.958678
-0.808015	-1.089126
-0.994369	-1.269795
-1.196200	-1.420773
-1.401822	-1.581859
-1.604916	-1.650083
-1.805484	-1.701568
-2.009210	-1.746103
-2.211041	-1.829489
-2.398659	-1.938143
-2.614388	-2.041111
-2.799162	-2.086279
-3.012996	-2.091332
-3.200929	-2.156398
-3.413499	-2.284003
-3.600801	-2.380971
-3.804527	-2.438456
-4.014255	-2.466883
-4.202504	-2.465620
-4.411284	-2.600806
-4.598902	-2.709144
-4.807682	-2.823167
-5.001300	-2.822536
-5.209448	-2.836117
-5.406857	-2.879074
-5.606162	-3.007942
-5.804203	-3.132073
-6.008245	-3.173450
-6.199968	-3.168080
-6.405590	-3.149129
-6.605842	-3.274523
-6.815569	-3.418237
-7.005082	-3.505413
-7.206597	-3.518679
-7.410323	-3.488989
-7.595730	-3.540473
-7.816828	-3.723984
-7.996865	-3.820004
-8.215436	-3.884123
-8.402422	-3.814319
-8.605201	-3.828848
-8.809243	-3.958980
-9.001283	-4.113117
-9.178161	-4.179762
-9.268811	-4.140281
-9.371464	-4.057843
-9.371148	-4.060686
-9.299449	-4.154810
-9.245122	-4.205347
-9.262494	-4.173761
-9.312399	-4.088165
-9.199324	-3.988671
-9.005073	-4.035417
-8.802609	-4.068582
-8.594461	-4.014571
-8.411266	-3.863276
-8.198064	-3.717036
-8.007604	-3.702190
-7.804193	-3.709455
-7.602678	-3.702190
-7.404638	-3.586588
-7.207860	-3.448559
-7.014873	-3.359488
-6.802935	-3.357909
-6.606789	-3.390758
-6.404010	-3.300108
-6.193967	-3.177872
-6.010140	-3.070797
-5.801044	-3.020261
-5.604582	-3.051214
-5.396750	-2.987096
-5.204079	-2.904658
-4.999405	-2.758733
-4.792836	-2.680085
-4.613747	-2.700300
-4.396123	-2.634918
-4.209769	-2.604912
-3.996567	-2.431192
-3.809897	-2.372759
-3.598274	-2.307061
-3.409393	-2.305798
-3.209457	-2.243574
-3.004468	-2.134604
-2.801689	-2.037637
-2.603648	-1.958989
-2.396448	-1.944460
-2.209778	-1.867391
-2.006367	-1.806747
-1.805168	-1.687670
-1.604285	-1.594177
-1.401822	-1.527848
-1.207887	-1.454569
-0.997212	-1.302643
-0.814332	-1.125765
-0.598288	-0.876556
-0.410354	-0.696519
-0.199048	-0.488055
-0.003534	-0.306438
0.196428	-0.125453
0.397021	0.012577
0.593508	0.084285
0.792206	0.181580
0.996274	0.208432
1.202870	0.272558
1.398093	0.254236
1.589525	0.290248
1.797384	0.279824
1.988185	0.306991
2.196360	0.340160
2.404219	0.325945
2.592176	0.319311
2.807301	0.331631
2.985466	0.358798
3.202170	0.379963
3.388232	0.378699
3.601777	0.377120
3.800791	0.354059
3.994119	0.373329
4.199451	0.408077
4.383934	0.409025
4.600322	0.419765
4.792702	0.369538
4.999929	0.399548
5.196100	0.409341
5.391007	0.452619
5.600446	0.434613
5.794722	0.422608
5.996579	0.427663
6.199383	0.429242
6.395554	0.468413
6.604045	0.461148
6.785369	0.437771
7.004600	0.446932
7.195401	0.422924
7.395678	0.471572
7.601958	0.475363
7.792442	0.454830
8.007883	0.444721
8.188891	0.436824
8.406858	0.495896
8.587551	0.474415
8.792566	0.508848
9.007376	0.461780
9.186172	0.467466
9.400033	0.477258
9.591782	0.494317
9.799324	0.520220
9.994864	0.477258
9.792059	0.489578
9.600626	0.480101
9.392451	0.462727
9.207021	0.490526
8.997898	0.476627
8.797621	0.464623
8.595448	0.452934
8.393275	0.460832
8.199947	0.479786
7.992088	0.450407
7.800024	0.463991
7.601010	0.435876
7.391888	0.455146
7.196348	0.457989
7.001757	0.454198
6.802427	0.446617
6.599938	0.415975
6.399661	0.444721
6.202858	0.433665
5.986786	0.448828
5.805146	0.445669
5.586863	0.406182
5.401748	0.409973
5.191362	0.411868
5.002772	0.417870
4.795861	0.404287
4.587370	0.391019
4.410153	0.397969
4.194396	0.365747
4.012441	0.404602
3.792262	0.375540
3.605884	0.404602
3.391075	0.349953
3.195220	0.365431
2.995259	0.358482
2.797508	0.338580
2.596599	0.333842
2.399796	0.318995
2.193833	0.318679
1.994503	0.285826
1.799911	0.287405
1.594580	0.268768
1.400304	0.254552
1.194656	0.230544
1.008278	0.223595
0.791574	0.175263
0.602037	0.131669
0.384069	-0.010798
0.207484	-0.115662
-0.008587	-0.316545
-0.202206	-0.495635
-0.403090	-0.708837
-0.609343	-0.928988
-0.810226	-1.111551
-1.001002	-1.298537
-1.202833	-1.428038
-1.404980	-1.569856
-1.603653	-1.611865
-1.797272	-1.714834
-2.014580	-1.773583
-2.204092	-1.854757
-2.398659	-1.945407
-2.607754	-1.998787
-2.799794	-2.069538
-3.013628	-2.122602
-3.200298	-2.216727
-3.420132	-2.303271
-3.597011	-2.338962
-3.802632	-2.432455
-3.997514	-2.468147
-4.203136	-2.542057
-4.401176	-2.635550
-4.598586	-2.704406
-4.809893	-2.750837
-4.996247	-2.785265
-5.199657	-2.862649
-5.409069	-2.939086
-5.603951	-3.031947
-5.808940	-3.076167
-6.004455	-3.107436
-6.201232	-3.165554
-6.406853	-3.226829
-6.600156	-3.358857
-6.814305	-3.420132
-6.998449	-3.424238
-7.211335	-3.499096
-7.398952	-3.519311
-7.604574	-3.656392
-7.805457	-3.728722
-7.998128	-3.765993
-8.211015	-3.804212
-8.397053	-3.818109
-8.610254	-3.935291
-8.805768	-4.019624
-9.002230	-4.097956
-9.207536	-4.094166
-9.297870	-4.093534
-9.326297	-4.102378
-9.288710	-4.150388
-9.279235	-4.181026
-9.314610	-4.138701
-9.317769	-4.105221
-9.312083	-4.080900
-9.187636	-4.102694
-9.006336	-4.123857
-8.796609	-4.017413
-8.604885	-3.904022
-8.408423	-3.823163
-8.197748	-3.785892
-8.006341	-3.803896
-7.801667	-3.738514
-7.596677	-3.622911
-7.405269	-3.499096
-7.209440	-3.466563
-7.007293	-3.437820
-6.803566	-3.435293
-6.610579	-3.338010
-6.403695	-3.218301
-6.201232	-3.148498
-6.013930	-3.117228
-5.794411	-3.106173
-5.616585	-3.064480
-5.395171	-2.931190
-5.212607	-2.842434
-4.995615	-2.765682
-4.807050	-2.774526
-4.604271	-2.739150
-4.399282	-2.610913
-4.214191	-2.528475
-3.998146	-2.409398
-3.811792	-2.425822
-3.594484	-2.364231
-3.413815	-2.330434
-3.205351	-2.191458
-3.004784	-2.106493
-2.806111	-2.050587
-2.604596	-2.017738
-2.394868	-1.964990
-2.211357	-1.853494
-2.002893	-1.771056
-1.805800	-1.667771
-1.603021	-1.629553
-1.400558	-1.567330
-1.203149	-1.450779
-0.997844	-1.269163
-0.809279	-1.092916
-0.603026	-0.894559
-0.412249	-0.733789
-0.198100	-0.486475
-0.007956	-0.312755
0.196112	-0.115662
0.400496	-0.006376
0.590665	0.102923
0.799156	0.189478
0.989956	0.217908
1.198131	0.256132
1.396829	0.227385
1.596159	0.283299
1.801175	0.290880
1.986921	0.318363
2.200782	0.332894
2.393794	0.301305
2.598810	0.321838
2.799404	0.345530
2.993679	0.384701
3.199011	0.378699
3.386969	0.354059
3.603357	0.365116
3.791630	0.368275
4.000753	0.423872
4.194396	0.418502
4.395306	0.394178
4.596531	0.374908
4.794281	0.373329
4.995823	0.433349
5.202102	0.438087
5.388165	0.436192
5.603289	0.415975
5.784929	0.399548
6.000685	0.437771
6.204122	0.442194
6.402188	0.472520
6.605624	0.441878
6.784737	0.424820
7.003652	0.443458
7.191610	0.437140
7.398521	0.500319
7.594692	0.452619
7.801603	0.451355
7.992404	0.409341
8.191102	0.466834
8.401804	0.506005
8.597028	0.479470
8.799517	0.463359
9.011482	0.421977
9.190279	0.457041
9.397190	0.492737
9.589886	0.545808
9.800272	0.500319
9.992652	0.455462
9.795850	0.452303
9.596204	0.481997
9.384870	0.502530
9.200071	0.511375
8.990949	0.444089
8.804570	0.440615
8.591658	0.432717
8.397066	0.497160
8.195525	0.500319
7.990193	0.463675
7.795918	0.438087
7.599115	0.411868
7.391256	0.473152
7.201719	0.472520
6.998914	0.492737
6.795477	0.432401
6.594884	0.413763
6.403451	0.426083
6.200331	0.456093
5.988681	0.468097
5.804514	0.447564
5.586863	0.380910
5.403959	0.387544
5.188203	0.415027
5.005300	0.448828
4.792070	0.420081
4.593372	0.395442
4.397517	0.368590
4.192185	0.364800
4.000121	0.425136
3.791314	0.395757
3.606516	0.393546
3.396446	0.322786
3.196800	0.357218
2.995259	0.363852
2.795297	0.368906
2.598494	0.349637
2.400112	0.308886
2.191305	0.286142
1.998925	0.278560
1.788855	0.309518
1.598370	0.297198
1.397777	0.260238
1.196236	0.238758
0.998169	0.200218
0.790310	0.175894
0.600773	0.122824
0.382490	-0.004481
0.206852	-0.109029
-0.007324	-0.312755
-0.204101	-0.483633
-0.400247	-0.749266
-0.615660	-0.965942
-0.798540	-1.127660
-1.003213	-1.262214
-1.198411	-1.376553
-1.404980	-1.560381
-1.601758	-1.648188
-1.799798	-1.741681
-2.024371	-1.758422
-2.197144	-1.799798
-2.412556	-1.942565
-2.598595	-2.024687
-2.805795	-2.118180
-3.003836	-2.139342
-3.202824	-2.152292
-3.411288	-2.237257
-3.596379	-2.362651
-3.806738	-2.486466
-4.005727	-2.499732
-4.201557	-2.522474
-4.407810	-2.529423
-4.612167	-2.687350
-4.796311	-2.826642
-5.000353	-2.870229
-5.201236	-2.890760
-5.411911	-2.853173
-5.595107	-2.941297
-5.817153	-3.110911
-5.993715	-3.195876
-6.211023	-3.234726
-6.400852	-3.187663
-6.609632	-3.213879
-6.808304	-3.368332
-7.003187	-3.515205
-7.214177	-3.597643
-7.403690	-3.536683
-7.605837	-3.543316
-7.801035	-3.610909
-8.011395	-3.822847
-8.205329	-3.895809
-8.404634	-3.918235
-8.601411	-3.861381
-8.806400	-3.861381
-9.004441	-4.050894
-9.169949	-4.195555
-9.203114	-4.201241
-9.311768	-4.131437
-9.405892	-4.033206
-9.376202	-4.069530
-9.260915	-4.177867
-9.218906	-4.217349
-9.246386	-4.167760
-9.200903	-4.010780
-9.013285	-3.943819
-8.795345	-3.980458
-8.608359	-4.042050
-8.401791	-3.944135
-8.207856	-3.796315
-8.008552	-3.622595
-7.803878	-3.620700
-7.602363	-3.688609
-7.405269	-3.634282
-7.208492	-3.546474
-7.006345	-3.334220
-6.807357	-3.296317
-6.609316	-3.309268
-6.400852	-3.329798
-6.205970	-3.260626
-6.006665	-3.113438
-5.801360	-2.965934
-5.614058	-2.956458
-5.397382	-2.988675
-5.211344	-2.938138
-4.991193	-2.836433
-4.807050	-2.692404
-4.608693	-2.595120
-4.403072	-2.623231
-4.206610	-2.601437
-4.003200	-2.518683
-3.806422	-2.406871
-3.595747	-2.257788
-3.413815	-2.254629
-3.207878	-2.223044
-3.000046	-2.191774
-2.804848	-2.092280
-2.594489	-1.954567
-2.407503	-1.879394
-2.209778	-1.856652
-2.001314	-1.827594
-1.810538	-1.726836
-1.595756	-1.612497
-1.410982	-1.498157
-1.198096	-1.399927
-1.000686	-1.336124
-0.808963	-1.156719
-0.603026	-0.933725
-0.409723	-0.691149
-0.195257	-0.471314
-0.009535	-0.331391
0.201482	-0.109977
0.393546	-0.008271
0.586874	0.110504
0.801051	0.162311
0.990588	0.203377
1.203501	0.251393
1.393986	0.274454
1.599634	0.295619
1.792646	0.262766
1.988185	0.277929
2.206784	0.326260
2.390635	0.336369
2.609867	0.370802
2.798140	0.326576
2.998102	0.332262
3.190166	0.346162
3.394234	0.391019
3.602725	0.418502
3.792262	0.380910
4.001069	0.367643
4.194396	0.352480
4.391200	0.409341
4.594952	0.430190
4.795861	0.433033
4.998034	0.410920
5.195153	0.367011
5.391007	0.411868
5.601710	0.468413
5.786508	0.463359
6.005424	0.461148
6.189590	0.396389
6.401556	0.409973
6.594252	0.450407
6.796425	0.493685
7.004284	0.479470
7.194769	0.405550
7.407366	0.418818
7.599747	0.412184
7.804762	0.513586
7.988614	0.483892
8.204370	0.482629
8.396118	0.416922
8.595132	0.424820
8.799832	0.489578
8.999794	0.518325
9.189331	0.515166
9.397821	0.459252
9.592413	0.440930
9.797429	0.460516
10.001497	0.519588
9.797745	0.529381
9.594625	0.495896
9.392767	0.439667
9.195649	0.457357
8.993476	0.476942
8.801096	0.531908
8.589446	0.479786
8.402752	0.457673
8.193945	0.399864
7.992088	0.451987
7.800656	0.501582
7.598483	0.492737
7.394414	0.473783
7.198244	0.393862
6.997650	0.436192
6.791055	0.444089
6.596779	0.500319
6.407242	0.463991
6.192750	0.409657
6.000053	0.398916
5.795353	0.411552
5.590969	0.466834
5.397009	0.442194
5.192309	0.420713
5.010038	0.380910
4.787332	0.361641
4.601585	0.433981
4.394674	0.422608
4.191554	0.422608
3.997910	0.361641
3.795105	0.337633
3.601777	0.378699
3.390444	0.380279
3.196168	0.401128
2.996206	0.349321
2.792454	0.305727
2.600074	0.311729
2.394742	0.330683
2.196044	0.351848
1.998609	0.313941
1.787276	0.285510
1.602793	0.256132
1.389248	0.250446
1.200027	0.282351
0.997222	0.214118
0.792522	0.189162
0.594771	0.084601
0.389124	-0.000059
0.204009	-0.141562
-0.009851	-0.332654
-0.199995	-0.501005
-0.400563	-0.717049
-0.614712	-0.891717
-0.796644	-1.133030
-1.004477	-1.338967
-1.187672	-1.470046
-1.406560	-1.533849
-1.599231	-1.560381
-1.808011	-1.676931
-2.011737	-1.799798
-2.202829	-1.888238
-2.410345	-1.958357
-2.594173	-1.943512
-2.811481	-2.018054
-2.999414	-2.127971
-3.208826	-2.267263
-3.410657	-2.314957
-3.600169	-2.321590
-3.803896	-2.344964
-4.008569	-2.434666
-4.201557	-2.601437
-4.406862	-2.670294
-4.608061	-2.723357
-4.801680	-2.680401
-4.999089	-2.733464
-5.198078	-2.894235
-5.405594	-3.014891
-5.598897	-3.055320
-5.815889	-3.062901
-5.993400	-3.011101
-6.213234	-3.151972
-6.396746	-3.300108
-6.612159	-3.406235
-6.802303	-3.402445
-7.004450	-3.364226
-7.215441	-3.406551
-7.397373	-3.557213
-7.611838	-3.734724
-7.798508	-3.738198
-8.012341	-3.752727
-8.204065	-3.659234
-8.407160	-3.829164
-8.610254	-3.993093
-8.796609	-4.087849
-9.006968	-4.084059
-9.207851	-3.997514
-9.344616	-4.023099
-9.293764	-4.128594
-9.231541	-4.213875
-9.266601	-4.200293
-9.329455	-4.115644
-9.399260	-4.020256
-9.303871	-4.079637
-9.178793	-4.172498
-9.008547	-4.154810
-8.795977	-4.017097
-8.613413	-3.841482
-8.399263	-3.746410
-8.212910	-3.841482
-8.005709	-3.833270
-7.800087	-3.753043
-7.608680	-3.595747
-7.398005	-3.437189
-7.211019	-3.470985
-7.005082	-3.478250
-6.804830	-3.477618
-6.606473	-3.339905
-6.392955	-3.168712
-6.210076	-3.135547
-5.995610	-3.132073
-5.809888	-3.163974
-5.603951	-3.049319
-5.397698	-2.924872
-5.202184	-2.785897
-4.996247	-2.777684
-4.812103	-2.804216
-4.604903	-2.715461
-4.408757	-2.636181
-4.205978	-2.451406
-4.002252	-2.420768
-3.803580	-2.424559
-3.603960	-2.394868
-3.410341	-2.315273
-3.206931	-2.177876
-3.000362	-2.073328
-2.813060	-2.060063
-2.596699	-2.027530
-2.405607	-1.977625
-2.208514	-1.857916
-2.004472	-1.742629
-1.803905	-1.660191
-1.601442	-1.637449
-1.409402	-1.581227
-1.194621	-1.441304
-1.002582	-1.292220
-0.804541	-1.055645
-0.608711	-0.943517
-0.402774	-0.725893
-0.207260	-0.529431
-0.006376	-0.303280
0.207484	-0.126401
0.397337	-0.022169
0.597299	0.110820
0.805473	0.176842
0.993431	0.242548
1.204765	0.226753
1.393038	0.252657
1.597739	0.278244
1.792646	0.310782
1.991344	0.334474
2.203310	0.325945
2.391899	0.286142
2.605760	0.327524
2.793402	0.337317
3.001577	0.392598
3.191114	0.381542
3.394234	0.365431
3.598619	0.339844
3.797317	0.359745
3.998857	0.419450
4.205137	0.410920
4.390252	0.409341
4.595268	0.358166
4.797125	0.399548
5.000561	0.426399
5.195785	0.466202
5.394483	0.447564
5.599498	0.411868
5.789667	0.384701
6.007003	0.439667
6.188959	0.463991
6.407874	0.482313
6.591093	0.442510
6.803691	0.411868
6.999862	0.400496
7.198875	0.461780
7.401049	0.501898
7.590586	0.463359
7.806974	0.452303
7.983875	0.391019
8.200895	0.477574
8.394539	0.484524
8.588182	0.512007
8.804887	0.470309
8.994108	0.423872
9.193438	0.455146
9.400033	0.492421
9.593677	0.530013
9.799956	0.505689
9.990441	0.462411
9.804063	0.439667
9.586727	0.470309
9.393715	0.525906
9.197544	0.502214
8.991897	0.456725
8.803623	0.433349
8.589130	0.435244
8.400225	0.514850
8.190154	0.492737
7.995247	0.491474
7.806974	0.432085
7.591218	0.401444
7.402944	0.464938
7.190662	0.483892
7.000177	0.491790
6.789475	0.430190
6.596779	0.415343
6.409453	0.419134
6.185484	0.450407
6.002264	0.487683
5.784297	0.420713
5.599498	0.407761
5.395430	0.360061
5.199891	0.417554
5.004668	0.445669
4.795545	0.425452
4.603481	0.410604
4.395306	0.338896
4.191238	0.393230
4.004859	0.393230
3.792262	0.428611
3.598303	0.391019
3.389496	0.338264
3.195852	0.337949
2.995574	0.345846
2.792454	0.364168
2.610183	0.361009
2.386213	0.305727
2.204257	0.281403
1.989448	0.276349
1.799595	0.297830
1.596475	0.286774
1.395566	0.259607
1.201922	0.245075
0.998169	0.186319
0.796312	0.199902
0.590033	0.100395
0.398600	0.024265
0.195480	-0.148195
-0.002586	-0.287487
-0.197152	-0.498794
-0.406564	-0.746424
-0.606184	-0.956151
-0.803277	-1.144084
-1.006372	-1.246737
-1.197148	-1.412561
-1.406875	-1.541430
-1.603969	-1.667771
-1.808011	-1.729047
-2.006683	-1.756526
-2.203145	-1.796324
-2.406555	-1.922034
-2.595436	-2.028161
-2.812744	-2.122286
-2.997519	-2.133973
-3.213563	-2.158609
-3.405287	-2.221148
-3.601433	-2.363283
-3.805475	-2.474148
-4.008254	-2.512366
-4.200293	-2.528791
-4.408441	-2.528475
-4.605535	-2.697457
-4.802312	-2.784001
-4.996247	-2.889181
-5.209764	-2.877810
-5.400856	-2.854121
-5.606162	-2.952036
-5.811467	-3.100172
-5.997506	-3.199350
-6.212286	-3.228724
-6.394219	-3.201245
-6.622582	-3.210721
-6.795670	-3.357909
-7.009820	-3.530997
-7.212914	-3.567005
-7.398321	-3.558477
-7.605837	-3.522785
-7.801035	-3.607434
-8.011395	-3.808318
-8.205960	-3.899915
-8.412530	-3.924868
-8.606464	-3.848115
-8.795345	-3.868014
-9.012653	-4.057527
-9.171212	-4.183553
-9.217958	-4.199661
-9.308293	-4.133332
-9.402102	-4.035101
-9.371779	-4.077110
-9.259651	-4.175656
-9.219853	-4.216402
-9.240700	-4.167760
-9.205641	-4.031627
-9.003809	-3.927079
-8.797556	-3.990566
-8.612149	-4.039207
-8.400527	-3.926131
-8.211646	-3.801053
-7.998760	-3.598906
-7.800719	-3.633334
-7.608364	-3.688293
-7.395478	-3.641231
-7.211650	-3.540789
-7.003187	-3.360120
-6.807988	-3.290632
-6.604578	-3.312742
-6.397377	-3.338642
-6.213550	-3.257151
-5.994031	-3.089433
-5.815258	-2.985517
-5.600476	-2.961196
-5.407805	-2.996256
-5.199657	-2.932453
-4.999405	-2.825378
-4.801996	-2.685455
-4.608061	-2.597647
-4.405599	-2.637445
-4.204083	-2.593541
-4.004463	-2.525632
-3.800421	-2.377181
-3.605539	-2.270738
-3.408130	-2.253681
-3.206931	-2.230624
-3.002573	-2.180719
-2.812428	-2.084383
-2.592593	-1.942565
-2.416347	-1.892660
-2.199039	-1.859495
-2.011421	-1.822540
-1.802641	-1.727152
-1.608075	-1.614708
-1.404980	-1.485207
-1.197780	-1.406560
-1.004477	-1.335492
-0.803909	-1.130187
-0.609659	-0.945728
-0.397720	-0.657984
-0.208207	-0.496267
-0.003534	-0.292225
0.202745	-0.136508
0.386596	-0.004165
0.590349	0.112084
0.799787	0.143357
0.990588	0.219488
1.199395	0.245075
1.403779	0.287089
1.597423	0.266556
1.793909	0.268768
1.989448	0.284878
2.196360	0.326892
2.392531	0.343951
2.604181	0.370486
2.791190	0.322154
3.000629	0.339212
3.183848	0.343635
3.401500	0.405234
3.592932	0.392914
3.792578	0.383753
4.007703	0.353112
4.199767	0.357850
4.393726	0.439667
4.589266	0.406498
4.799020	0.439983
4.995191	0.372697
5.191994	0.375856
5.402064	0.426083
5.593181	0.448196
5.795037	0.469361
6.004792	0.422608
6.193065	0.411236
6.410401	0.412816
6.592673	0.467466
6.808745	0.503794
6.987226	0.451987
7.197612	0.456093
7.403575	0.409973
7.596272	0.466202
7.802551	0.502214
7.989877	0.484524
8.202159	0.469361
8.390748	0.408393
8.596395	0.463675
8.801412	0.501582
8.991264	0.516429
9.200704	0.488946
9.398454	0.443142
9.596204	0.455146
9.797745	0.487683
9.992969	0.531276
9.803432	0.519904
9.587358	0.448512
9.396874	0.449144
9.190595	0.445985
8.999478	0.504109
8.798884	0.501898
8.593868	0.469361
8.400225	0.440615
8.183205	0.420397
7.993036	0.487051
7.804131	0.488946
7.589954	0.485156
7.403260	0.439351
7.190662	0.421661
6.999230	0.442194
6.792318	0.475363
6.596779	0.492737
6.403768	0.446301
6.185484	0.405550
6.008898	0.415343
5.789035	0.423872
5.601078	0.472520
5.392587	0.421977
5.201155	0.397337
5.001825	0.376488
4.795861	0.390071
4.598111	0.437771
4.394674	0.414711
4.198819	0.408393
4.001069	0.349321
3.795105	0.370486
3.596723	0.382806
3.396446	0.394810
3.199011	0.379015
2.992100	0.331631
2.795929	0.311413
2.607971	0.332578
2.387476	0.331631
2.207416	0.328472
1.986605	0.291828
1.798964	0.273822
1.591736	0.250446
1.394618	0.276033
1.202554	0.269399
0.992799	0.201798
0.801051	0.186951
0.586242	0.065331
0.400812	0.019842
0.192637	-0.153565
0.005627	-0.296647
-0.198416	-0.508585
-0.404037	-0.700940
-0.600183	-0.914142
-0.804541	-1.154824
-1.004161	-1.314014
-1.199043	-1.462782
-1.402769	-1.498473
-1.599547	-1.604600
-1.811169	-1.710727
-2.000998	-1.810222
-2.208199	-1.888870
-2.404660	-1.910979
-2.603333	-1.944460
-2.809901	-2.067643
-3.002888	-2.163347
-3.217038	-2.255893
-3.404971	-2.268527
-3.604276	-2.312430
-3.805475	-2.378128
-4.003200	-2.502575
-4.199030	-2.614388
-4.400229	-2.639972
-4.611536	-2.654817
-4.795363	-2.661134
-5.004459	-2.811796
-5.209764	-2.915397
-5.395487	-2.980147
-5.610584	-2.998782
-5.802939	-2.984569
-6.002875	-3.081220
-6.204074	-3.209141
-6.402431	-3.319691
-6.611843	-3.330745
-6.795354	-3.314637
-7.013294	-3.392337
-7.207544	-3.488041
-7.398636	-3.634913
-7.605837	-3.674711
-7.802930	-3.669973
-8.010131	-3.687030
-8.201222	-3.761887
-8.408423	-3.924868
-8.605516	-3.985512
-8.795977	-3.999726
-9.012021	-3.982353
-9.199639	-4.017097
-9.266916	-4.130173
-9.253334	-4.178184
-9.279235	-4.170287
-9.349986	-4.110590
-9.356935	-4.077426
-9.322190	-4.104273
-9.235015	-4.166812
-9.184162	-4.167444
-9.005704	-4.015203
-8.795345	-3.933396
-8.602042	-3.868646
-8.405896	-3.882544
-8.209435	-3.875279
-8.003498	-3.748305
-7.799140	-3.651970
-7.608995	-3.550896
-7.396741	-3.545211
-7.212282	-3.522785
-7.002871	-3.477618
-6.810515	-3.345906
-6.602683	-3.259047
-6.402115	-3.233462
-6.209128	-3.205035
-5.999085	-3.168396
-5.816521	-3.089433
-5.593843	-2.960564
-5.411911	-2.915081
-5.198393	-2.881284
-5.000353	-2.850015
-4.803259	-2.771999
-4.606166	-2.658607
-4.404651	-2.596068
-4.204083	-2.526896
-4.005095	-2.511419
-3.804527	-2.425506
-3.604276	-2.350017
-3.406867	-2.254629
-3.205983	-2.185457
-3.004468	-2.158925
-2.808322	-2.090069
-2.597331	-2.006683
-2.407819	-1.922034
-2.193038	-1.835806
-2.015211	-1.782111
-1.798535	-1.702199
-1.606495	-1.637449
-1.403085	-1.509528
-1.200938	-1.404349
-1.006688	-1.296010
-0.800119	-1.114078
-0.610922	-0.952045
-0.396773	-0.685148
-0.211998	-0.500689
0.002784	-0.279906
0.197691	-0.137140
0.393230	0.012892
0.596983	0.117770
0.795681	0.164206
0.994379	0.222963
1.199079	0.231176
1.396829	0.278876
1.596475	0.264661
1.799280	0.289933
2.008718	0.300673
2.188462	0.310782
2.397269	0.333526
2.604181	0.345530
2.795297	0.342371
3.003788	0.348373
3.185112	0.352480
3.405291	0.381542
3.593564	0.366379
3.795421	0.393546
4.002332	0.382806
4.190606	0.378383
4.397517	0.410920
4.588318	0.387860
4.805022	0.426399
4.997402	0.400812
5.190414	0.422608
5.397641	0.439035
5.586546	0.418818
5.802619	0.445353
5.994999	0.431454
6.195592	0.436508
6.400292	0.430506
6.595832	0.457673
6.803375	0.454198
6.991016	0.433033
7.204877	0.454514
7.405155	0.423240
7.602905	0.476627
7.803499	0.457673
7.989245	0.478838
8.200263	0.467466
8.392960	0.447248
8.596711	0.484524
8.802675	0.482944
8.987790	0.476627
9.197860	0.486419
9.390872	0.462095
9.598100	0.485788
9.794271	0.489578
9.995496	0.498107
9.802799	0.488631
9.586411	0.466518
9.396558	0.491474
9.190910	0.459252
9.009903	0.497476
8.796989	0.455777
8.595132	0.482629
8.398330	0.457357
8.190154	0.463043
7.999038	0.490842
7.801288	0.453882
7.588374	0.469993
7.401364	0.437456
7.196980	0.451039
6.996703	0.459252
6.789159	0.470940
6.607204	0.438719
6.400609	0.417238
6.198120	0.421977
6.008583	0.431138
5.786508	0.435876
5.604237	0.442826
5.382163	0.411236
5.205577	0.402075
4.990768	0.395442
4.795861	0.418818
4.597163	0.409973
4.395938	0.382806
4.194081	0.393862
3.999173	0.360693
3.801423	0.403023
3.594196	0.374277
3.398657	0.375856
3.198379	0.349953
2.988941	0.333526
2.796876	0.350584
2.599758	0.350900
2.396637	0.323733
2.208680	0.311098
1.988817	0.296566
1.800859	0.292776
1.585734	0.288985
1.405042	0.283615
1.199395	0.231808
0.992483	0.205904
0.799471	0.172420
0.589085	0.089023
0.396705	0.012577
0.190741	-0.143457
0.005943	-0.280538
-0.205049	-0.507322
-0.408143	-0.713259
-0.604921	-0.951097
-0.808015	-1.157982
-1.001634	-1.293168
-1.201886	-1.423300
-1.406875	-1.516793
-1.600810	-1.652610
-1.810538	-1.730942
-2.002261	-1.783690
-2.211041	-1.848440
-2.402133	-1.900872
-2.602069	-2.003209
-2.808006	-2.109020
-3.001941	-2.158609
-3.209141	-2.210093
-3.397391	-2.242942
-3.600801	-2.347490
-3.803264	-2.429612
-4.001936	-2.528791
-4.209137	-2.563219
-4.398650	-2.587540
-4.612799	-2.652290
-4.795363	-2.746731
-5.003827	-2.895814
-5.204710	-2.900867
-5.396119	-2.921082
-5.615637	-2.968460
-5.798517	-3.033526
-6.009192	-3.181978
-6.200284	-3.236305
-6.405590	-3.255256
-6.607737	-3.259678
-6.800408	-3.320954
-7.017400	-3.478250
-7.205333	-3.558161
-7.409060	-3.621016
-7.602047	-3.575533
-7.804193	-3.629228
-8.004129	-3.729670
-8.210382	-3.862013
-8.411266	-3.947609
-8.599516	-3.910023
-8.799135	-3.907812
-9.010442	-3.987091
-9.186689	-4.138070
-9.211957	-4.201872
-9.265653	-4.168392
-9.348091	-4.099852
-9.382834	-4.069845
-9.305450	-4.126067
-9.243858	-4.190186
-9.211326	-4.190186
-9.206588	-4.108064
-8.999388	-3.945714
-8.809875	-3.953611
-8.595725	-3.969719
-8.409055	-3.971614
-8.208803	-3.835481
-8.001287	-3.687661
-7.807352	-3.615330
-7.604258	-3.608066
-7.403690	-3.640283
-7.209124	-3.540789
-7.009188	-3.439084
-6.807357	-3.286842
-6.600788	-3.276734
-6.407801	-3.298528
-6.204074	-3.259994
-5.998453	-3.145971
-5.814310	-3.029420
-5.597950	-2.929294
-5.410648	-2.957721
-5.195235	-2.931190
-5.008565	-2.862965
-4.803259	-2.717672
-4.606798	-2.626390
-4.405599	-2.595752
-4.198082	-2.572379
-3.999726	-2.548374
-3.791261	-2.412556
-3.602381	-2.322854
-3.405919	-2.202197
-3.202509	-2.223044
-3.009521	-2.176297
-2.803268	-2.075540
-2.593225	-1.976993
-2.410345	-1.879078
-2.199039	-1.837069
-2.015843	-1.797903
-1.797588	-1.747367
-1.611233	-1.632396
-1.392978	-1.488366
-1.203149	-1.417614
-1.004793	-1.302012
-0.802014	-1.157350
-0.610922	-0.953624
-0.396773	-0.687359
-0.211682	-0.489950
0.006575	-0.293804
0.196428	-0.154512
0.391651	0.026792
0.596351	0.111136
0.793785	0.162627
0.998169	0.200218
1.196552	0.239389
1.399988	0.280456
1.595211	0.280772
1.794225	0.281719
1.999557	0.284562
2.190674	0.294987
2.398849	0.353112
2.603865	0.345846
2.800667	0.341108
3.000945	0.342055
3.187323	0.336369
3.406238	0.388808
3.589458	0.416922
3.796685	0.416922
4.004544	0.364484
4.190606	0.352796
4.397517	0.387544
4.590845	0.422293
4.800283	0.444721
4.995507	0.389755
5.195468	0.390387
5.402064	0.392283
5.584020	0.433981
5.801355	0.477574
5.989629	0.446932
6.204122	0.429558
6.395870	0.410604
6.600886	0.446617
6.797057	0.484524
6.991333	0.475995
7.203614	0.457673
7.395678	0.392598
7.600379	0.438403
7.796865	0.468413
7.998722	0.506005
8.192998	0.482629
8.395170	0.429558
8.593553	0.426399
8.802044	0.458305
8.994740	0.511375
9.204494	0.516745
9.387713	0.475679
9.600310	0.437771
9.793007	0.450723
10.003077	0.514218
9.794902	0.524643
9.591465	0.491790
9.405403	0.451039
9.187752	0.405550
9.007691	0.490526
8.786565	0.500951
8.605556	0.516113
8.391064	0.449460
8.200263	0.427347
7.993036	0.439667
7.794654	0.475363
7.595008	0.517061
7.397573	0.458305
7.199507	0.444721
6.995755	0.384385
6.794530	0.468413
6.602781	0.478206
6.393659	0.465886
6.196540	0.436192
5.995947	0.393230
5.792826	0.396705
5.609607	0.444405
5.386269	0.449144
5.206209	0.432085
4.993296	0.368590
4.802179	0.386596
4.595268	0.403023
4.390252	0.429242
4.194713	0.430190
3.999489	0.362904
3.803950	0.364800
3.591353	0.331631
3.398025	0.408077
3.198063	0.383122
2.984202	0.367643
2.806037	0.321522
2.595651	0.296566
2.394426	0.334158
2.200466	0.329735
1.988501	0.333526
1.800859	0.271611
1.587946	0.241916
1.415151	0.252973
1.199711	0.225806
1.001960	0.236230
0.801051	0.174315
0.587822	0.092814
0.398285	0.012577
0.194532	-0.148511
0.006259	-0.304543
-0.206628	-0.527220
-0.410038	-0.688622
-0.606184	-0.886979
-0.808331	-1.124501
-1.001318	-1.335176
-1.202518	-1.477627
-1.408455	-1.540798
-1.599231	-1.602074
