# Configuration automatically generated by WRITE_CONFIG()
connection eth
ip 192.168.0.10
samplehz 1000.000000
settleus 10.000000
nsample 128

# Analog Inputs
aichannel 0
ainegative 199
airange 10.000000
airesolution 0

aichannel 1
ainegative 199
airange 10.000000
airesolution 0

# Analog Outputs
aochannel 0
aosignal triangle
aofrequency 5.000000
aoamplitude 2.000000
aooffset 2.500000
aoduty 0.500000

# Meta Parameters
int:periods 10
flt:tip_T_C 429.518450
flt:plate_T_C 277.950993
flt:plate_Q_kW 0.674156
flt:cool_Thigh_C 46.138448
flt:cool_Tlow_C 12.449720
flt:air_psig 20.000000
flt:water_gph 4.200000
flt:standoff_in 0.228000
flt:oxygen_scfh 7.929688
flt:fuel_scfh 4.370750
flt:flow_scfh 12.300437
flt:ratio_fto 0.551188

## End Configuration ##
#: Wed Apr 19 17:00:47 2017
-6.813042	-3.024998
-9.626359	-3.809897
-9.608987	-3.809581
-9.572979	-3.789051
-9.400207	-3.703770
-9.209115	-3.660814
-9.000019	-3.624174
-8.811769	-3.615015
-8.596041	-3.518995
-8.417583	-3.459298
-8.199643	-3.366753
-8.015817	-3.358541
-7.809247	-3.299792
-7.592887	-3.243254
-7.407480	-3.208826
-7.201859	-3.088485
-7.016137	-3.099224
-6.797881	-3.043002
-6.610263	-3.044581
-6.394219	-2.915713
-6.206601	-2.830748
-6.004138	-2.767893
-5.805782	-2.747994
-5.599845	-2.732201
-5.402751	-2.624811
-5.208185	-2.554059
-4.996562	-2.446353
-4.806418	-2.476991
-4.607430	-2.410977
-4.406230	-2.363915
-4.211032	-2.275791
-4.007306	-2.181035
-3.796315	-2.161136
-3.606802	-2.130814
-3.403076	-2.099229
-3.204720	-1.993417
-3.003204	-1.895502
-2.812744	-1.833595
-2.599542	-1.801378
-2.399922	-1.764423
-2.209146	-1.687354
-1.996260	-1.576173
-1.812117	-1.488682
-1.591650	-1.435934
-1.413508	-1.354759
-1.193042	-1.215152
-1.011425	-1.049012
-0.804541	-0.822545
-0.605237	-0.681042
-0.411618	-0.525010
-0.193994	-0.341498
-0.012693	-0.196205
0.209695	-0.051859
0.379647	0.013524
0.606459	0.117138
0.795997	0.144621
0.996906	0.192637
1.205713	0.187898
1.395882	0.192321
1.598370	0.209063
1.786960	0.222015
2.001452	0.264029
2.189726	0.229281
2.395058	0.233703
2.597862	0.229281
2.798456	0.258975
2.996838	0.274138
3.195852	0.264977
3.398341	0.256764
3.593564	0.231492
3.790051	0.282983
4.005807	0.289933
4.187763	0.288037
4.399413	0.286774
4.597795	0.244760
4.800283	0.280456
4.998666	0.313941
5.196416	0.340476
5.400485	0.306359
5.582756	0.276033
5.806726	0.291828
5.988997	0.300357
6.201279	0.352480
6.398081	0.318995
6.597411	0.304148
6.799584	0.264661
6.991648	0.313625
7.209932	0.352480
7.388729	0.343951
7.601326	0.349953
7.798129	0.274770
7.997458	0.327840
8.193314	0.332578
8.393591	0.378067
8.601134	0.351848
8.792251	0.297830
8.999794	0.319943
9.190279	0.333842
9.393715	0.377435
9.602206	0.349637
9.797745	0.331315
9.996759	0.308886
9.793638	0.331631
9.597467	0.374908
9.394979	0.359429
9.189647	0.340792
9.005480	0.313309
8.788144	0.295619
8.604609	0.350900
8.388853	0.372065
8.198684	0.361957
7.993984	0.298778
7.797497	0.298146
7.603537	0.341108
7.391888	0.340160
7.209616	0.371118
6.984699	0.297830
6.801164	0.293723
6.593305	0.299725
6.406610	0.347110
6.199699	0.334790
5.998790	0.303832
5.800408	0.293091
5.594128	0.258659
5.399537	0.324681
5.190730	0.315520
5.001825	0.329104
4.791122	0.257079
4.603797	0.258343
4.398465	0.284562
4.190922	0.298462
3.999805	0.302884
3.799212	0.250130
3.596407	0.256132
3.393602	0.234967
3.197116	0.286774
2.999365	0.258343
2.796876	0.246971
2.599442	0.234967
2.394110	0.222331
2.192885	0.243180
1.997346	0.244444
1.789803	0.240337
1.595211	0.183476
1.394618	0.194532
1.204133	0.174947
0.998169	0.164838
0.798208	0.141146
0.601089	0.089023
0.383437	0.019526
0.206536	-0.060703
-0.013641	-0.185466
-0.196521	-0.347815
-0.417619	-0.503847
-0.600183	-0.657668
-0.813385	-0.855709
-1.006056	-1.048065
-1.198096	-1.218626
-1.409402	-1.342441
-1.596388	-1.413193
-1.818118	-1.498473
-2.000366	-1.575542
-2.212936	-1.689881
-2.401501	-1.726520
-2.603333	-1.776425
-2.807374	-1.832963
-2.999730	-1.895818
-3.205667	-2.022792
-3.398654	-2.048060
-3.609645	-2.112810
-3.802948	-2.127971
-4.000673	-2.218937
-4.210716	-2.307693
-4.400545	-2.356334
-4.611852	-2.410977
-4.800417	-2.436561
-5.005091	-2.518683
-5.200289	-2.555007
-5.403067	-2.674084
-5.611216	-2.680401
-5.802623	-2.721146
-6.009824	-2.800742
-6.204074	-2.835801
-6.407485	-2.942560
-6.603631	-2.969092
-6.806725	-3.025946
-7.006345	-3.066691
-7.200280	-3.136179
-7.408744	-3.212300
-7.600152	-3.243254
-7.809879	-3.296317
-8.003182	-3.337063
-8.205960	-3.409077
-8.408739	-3.466879
-8.597304	-3.536683
-8.813664	-3.557529
-8.999071	-3.592589
-9.206272	-3.694294
-9.409682	-3.747989
-9.574243	-3.785260
-9.638677	-3.773574
-9.662050	-3.770099
-9.626990	-3.788103
-9.556555	-3.810213
-9.406839	-3.771363
-9.209115	-3.657023
-9.000967	-3.582166
-8.814297	-3.565741
-8.599832	-3.546790
-8.412846	-3.494674
-8.203750	-3.401181
-8.010447	-3.322217
-7.800404	-3.263784
-7.601415	-3.275471
-7.409376	-3.248307
-7.194279	-3.148182
-7.011399	-3.055952
-6.796934	-2.994992
-6.609948	-2.977304
-6.400536	-2.948246
-6.204074	-2.881916
-6.006981	-2.776105
-5.796938	-2.690508
-5.607110	-2.702511
-5.391065	-2.661134
-5.211975	-2.625758
-4.996878	-2.516157
-4.805155	-2.415083
-4.607114	-2.359493
-4.403388	-2.356966
-4.206295	-2.340857
-4.003831	-2.233151
-3.803580	-2.154187
-3.599854	-2.049639
-3.413499	-2.060063
-3.200929	-2.014264
-3.006047	-1.951093
-2.805480	-1.846229
-2.604912	-1.737891
-2.401501	-1.715465
-2.209146	-1.666192
-2.003209	-1.637765
-1.804852	-1.508896
-1.604916	-1.417614
-1.404349	-1.282429
-1.199675	-1.206624
-1.001318	-1.094811
-0.807383	-0.884136
-0.601762	-0.667776
-0.411302	-0.481422
-0.198416	-0.351289
-0.004481	-0.177254
0.198639	-0.071126
0.387860	0.043850
0.596351	0.095973
0.793785	0.138303
0.995010	0.183476
1.201606	0.210959
1.392091	0.209695
1.597107	0.201798
1.789803	0.206852
1.994187	0.222963
2.190989	0.247287
2.393478	0.256132
2.598810	0.238442
2.798140	0.220751
2.996838	0.263713
3.188586	0.257711
3.398341	0.295303
3.589458	0.259922
3.802371	0.260238
3.996646	0.254552
4.196924	0.278876
4.403835	0.318363
4.597163	0.298778
4.799652	0.306359
4.991716	0.249498
5.202734	0.326892
5.389112	0.313625
5.590653	0.341108
5.802619	0.306043
5.991840	0.268452
6.203806	0.303516
6.398713	0.333842
6.597727	0.353427
6.792003	0.303832
6.995755	0.300041
7.198560	0.281719
7.391256	0.332894
7.601010	0.363536
7.796865	0.344582
7.990825	0.314888
8.197104	0.289617
8.394539	0.336685
8.599555	0.352796
8.791935	0.366379
9.004848	0.339528
9.191858	0.290564
9.396874	0.318363
9.593361	0.370170
9.793323	0.368275
10.001813	0.358166
9.792059	0.305727
9.603153	0.315520
9.388345	0.326892
9.198176	0.387860
9.000110	0.348057
8.793514	0.329104
8.600502	0.295619
8.389800	0.333842
8.200895	0.375224
7.985138	0.355955
7.802867	0.350584
7.597219	0.278244
7.391888	0.305411
7.205194	0.325629
6.996387	0.350269
6.800216	0.377120
6.596464	0.292776
6.403768	0.290564
6.188327	0.298146
5.993104	0.347425
5.796301	0.327524
5.584967	0.292460
5.401116	0.285510
5.197048	0.298462
5.005615	0.315836
4.794913	0.314572
4.595583	0.297514
4.400676	0.281719
4.187763	0.269083
4.007703	0.305727
3.789103	0.283615
3.602725	0.284246
3.390444	0.236230
3.194273	0.243496
2.999049	0.245707
2.794034	0.255816
2.604181	0.275717
2.393794	0.206536
2.196992	0.242864
1.994503	0.204641
1.798964	0.261186
1.589841	0.211591
1.396197	0.215381
1.202238	0.183792
0.993747	0.145253
0.796628	0.163574
0.593192	0.088076
0.391335	0.037532
0.198323	-0.095131
-0.001323	-0.184202
-0.204101	-0.373715
-0.409407	-0.543329
-0.604921	-0.714522
-0.805488	-0.888874
-1.005740	-1.037010
-1.195569	-1.216731
-1.409718	-1.356023
-1.601758	-1.449832
-1.808011	-1.493104
-2.002261	-1.575858
-2.208514	-1.644714
-2.402765	-1.726204
-2.601753	-1.798851
-2.811165	-1.864865
-2.998466	-1.902767
-3.216090	-1.970044
-3.399918	-2.030056
-3.606802	-2.134920
-3.797579	-2.161136
-4.006359	-2.217674
-4.207242	-2.274844
-4.403072	-2.329171
-4.614063	-2.438141
-4.791889	-2.444458
-5.013935	-2.515525
-5.193024	-2.546479
-5.411595	-2.641235
-5.607425	-2.682928
-5.804518	-2.760944
-6.008561	-2.794425
-6.205338	-2.848436
-6.410012	-2.926768
-6.600156	-2.971303
-6.813042	-3.075851
-7.005397	-3.053109
-7.206597	-3.151024
-7.405585	-3.193980
-7.603310	-3.271365
-7.805457	-3.318427
-8.004129	-3.332009
-8.199643	-3.401497
-8.406213	-3.461509
-8.600779	-3.541105
-8.803873	-3.568900
-8.998124	-3.618805
-9.202482	-3.652917
-9.406208	-3.727459
-9.555923	-3.806422
-9.617199	-3.800105
-9.639940	-3.792841
-9.654469	-3.761255
-9.583087	-3.756833
-9.424844	-3.760308
-9.199639	-3.696189
-9.012338	-3.645021
-8.807347	-3.519311
-8.596989	-3.471617
-8.414741	-3.479197
-8.199012	-3.459930
-8.013605	-3.390126
-7.797245	-3.266311
-7.609943	-3.208194
-7.407165	-3.175029
-7.205965	-3.191138
-7.009820	-3.116280
-6.804830	-3.020892
-6.612159	-2.936243
-6.398641	-2.888549
-6.215445	-2.907501
-6.003507	-2.844645
-5.805150	-2.778000
-5.612795	-2.640603
-5.401172	-2.579328
-5.203763	-2.587540
-5.003195	-2.569220
-4.802944	-2.506997
-4.607114	-2.363283
-4.402440	-2.296006
-4.212612	-2.269790
-3.997830	-2.258419
-3.810529	-2.214831
-3.596379	-2.101124
-3.411604	-2.011421
-3.204088	-1.947618
-3.005415	-1.959937
-2.808322	-1.899924
-2.593857	-1.812433
-2.408134	-1.709464
-2.199039	-1.597967
-2.014580	-1.613760
-1.798535	-1.537955
-1.606811	-1.479838
-1.404664	-1.312119
-1.201254	-1.151665
-1.010162	-1.043327
-0.800435	-0.905930
-0.606500	-0.764743
-0.399299	-0.521535
-0.205681	-0.356343
0.004363	-0.167462
0.193900	-0.067652
0.392914	0.037216
0.595719	0.109872
0.795997	0.136092
0.995326	0.171472
1.198763	0.174315
1.397145	0.223595
1.592684	0.216329
1.790119	0.225174
1.994503	0.204325
2.200782	0.211906
2.395374	0.252657
2.611130	0.269083
2.791506	0.260870
3.004735	0.238442
3.183848	0.241916
3.399920	0.264977
3.591669	0.302568
3.801739	0.300041
3.999173	0.265924
4.191554	0.240969
4.404151	0.285510
4.591793	0.290564
4.811024	0.329104
4.987294	0.317415
5.206525	0.281087
5.384690	0.281719
5.596655	0.333210
5.798512	0.340476
5.989629	0.321838
6.204753	0.301937
6.393659	0.257711
6.609415	0.321522
6.787264	0.333526
7.001441	0.356902
7.202982	0.292776
7.394731	0.288037
7.594692	0.313309
7.798760	0.343319
7.997458	0.376488
8.191102	0.330683
8.400857	0.322786
8.591658	0.293723
8.798253	0.357218
9.000425	0.364484
9.190595	0.356902
9.393715	0.322470
9.597152	0.300673
9.797429	0.334474
10.003393	0.354375
9.793323	0.392283
9.593992	0.338264
9.388345	0.301621
9.198176	0.330367
8.998846	0.350269
8.795094	0.375540
8.601766	0.345530
8.391379	0.318047
8.199947	0.294355
7.984823	0.350584
7.808237	0.373329
7.587427	0.335106
7.399153	0.325313
7.199507	0.283615
6.991016	0.306043
6.798320	0.338580
6.596464	0.337949
6.406926	0.309834
6.189275	0.268768
6.002264	0.303200
5.793774	0.306991
5.586546	0.341423
5.395746	0.305095
5.205893	0.275401
5.001509	0.279824
4.790491	0.299725
4.600006	0.328472
4.393411	0.282983
4.193449	0.276665
3.999489	0.260554
3.791630	0.265293
3.594512	0.286458
3.393602	0.274770
3.192693	0.263713
2.989573	0.225174
2.797508	0.239389
2.606392	0.247918
2.390319	0.241285
2.205205	0.248550
1.989133	0.204009
1.796752	0.214118
1.593948	0.206536
1.396829	0.239073
1.200974	0.189794
0.987745	0.165470
0.802946	0.156309
0.586874	0.070385
0.399864	0.047009
0.190110	-0.077759
0.001836	-0.187677
-0.207576	-0.350026
-0.404985	-0.503531
-0.603341	-0.703783
-0.809279	-0.914458
-1.000055	-1.043011
-1.202833	-1.203465
-1.400242	-1.310856
-1.608075	-1.446673
-1.802325	-1.532270
-2.006052	-1.593230
-2.212620	-1.654505
-2.406239	-1.707885
-2.597015	-1.790639
-2.809270	-1.876867
-3.001941	-1.933089
-3.209141	-1.970044
-3.407182	-2.052482
-3.603960	-2.106177
-3.799158	-2.168085
-4.004463	-2.235362
-4.211348	-2.277055
-4.394860	-2.329487
-4.622907	-2.398659
-4.792204	-2.460882
-5.008881	-2.521210
-5.205658	-2.561640
-5.411280	-2.624811
-5.605846	-2.687350
-5.803571	-2.758417
-6.013930	-2.830748
-6.194599	-2.841487
-6.416013	-2.911607
-6.596998	-2.973830
-6.815569	-3.043002
-7.006977	-3.096697
-7.211650	-3.141233
-7.407165	-3.164922
-7.602047	-3.245465
-7.807352	-3.337694
-7.996549	-3.366121
-8.211330	-3.436241
-8.399896	-3.400865
-8.608675	-3.517416
-8.802926	-3.580271
-9.002862	-3.662393
-9.205009	-3.679765
-9.409998	-3.678501
-9.589720	-3.741672
-9.606460	-3.803896
-9.603933	-3.835797
-9.609303	-3.807370
-9.592246	-3.754307
-9.411893	-3.671237
-9.199639	-3.675975
-9.011074	-3.687030
-8.804821	-3.605855
-8.606149	-3.522785
-8.409687	-3.376544
-8.207224	-3.403708
-8.009500	-3.382546
-7.801667	-3.377492
-7.612786	-3.263153
-7.400532	-3.126704
-7.207544	-3.100803
-7.002239	-3.123861
-6.801040	-3.094486
-6.603314	-3.004784
-6.402431	-2.892339
-6.205654	-2.808006
-5.996874	-2.813060
-5.807993	-2.833591
-5.602056	-2.744519
-5.405278	-2.623547
-5.207237	-2.509840
-5.001932	-2.488046
-4.810208	-2.509840
-4.602692	-2.453302
-4.409389	-2.380971
-4.208821	-2.223044
-4.003516	-2.180719
-3.806422	-2.182614
-3.598906	-2.154819
-3.413184	-2.092280
-3.198402	-1.946671
-3.012048	-1.887922
-2.800742	-1.823803
-2.604280	-1.840544
-2.408766	-1.771687
-2.201250	-1.659559
-2.008894	-1.553116
-1.798535	-1.490577
-1.603021	-1.470046
-1.398979	-1.362656
-1.201570	-1.246105
-1.007951	-1.013952
-0.799803	-0.833284
-0.612817	-0.717681
-0.395825	-0.539223
-0.207892	-0.370557
0.002468	-0.187361
0.196743	-0.068284
0.395126	0.029635
0.596035	0.111136
0.792838	0.144937
0.999117	0.195164
1.190866	0.163574
1.404411	0.197059
1.590789	0.216013
1.794541	0.242232
1.995766	0.240969
2.189726	0.221699
2.401376	0.234967
2.598810	0.226438
2.799720	0.277297
2.990836	0.269715
3.195852	0.277297
3.393286	0.217908
3.594196	0.256132
3.800475	0.293091
3.997594	0.293407
4.192817	0.309834
4.398149	0.271611
4.587370	0.276349
4.796177	0.284562
4.996139	0.340160
5.203682	0.319627
5.388796	0.299409
5.598235	0.287721
5.795669	0.287089
5.990577	0.325945
6.206017	0.335106
6.391131	0.314256
6.604361	0.272558
6.791055	0.286458
7.002705	0.320890
7.195716	0.347741
7.398837	0.333526
7.598799	0.316784
7.789916	0.284562
8.000934	0.342687
8.191418	0.343319
8.403384	0.362588
8.589762	0.327524
8.800148	0.316468
9.000110	0.321838
9.188699	0.353743
9.394979	0.384069
9.592413	0.325629
9.798061	0.330999
9.992336	0.290880
9.806906	0.371118
9.589886	0.360377
9.396242	0.362588
9.194386	0.316468
8.997582	0.295303
8.805202	0.332894
8.600186	0.338264
8.400540	0.392914
8.192681	0.299409
7.995247	0.322154
7.801919	0.297514
7.594692	0.348689
7.404207	0.353112
7.190346	0.316152
6.996703	0.300673
6.795794	0.281403
6.600886	0.329735
6.399977	0.323102
6.198751	0.320574
6.003212	0.298462
5.791563	0.280456
5.594128	0.305727
5.393851	0.331947
5.195785	0.315520
5.004352	0.293407
4.788911	0.277297
4.604429	0.287089
4.388672	0.285194
4.197240	0.316468
3.999173	0.270347
3.795737	0.258343
3.595459	0.244760
3.388548	0.257711
3.203749	0.282667
2.986098	0.246655
2.799720	0.264029
2.600074	0.210643
2.393162	0.231808
2.202678	0.254868
1.992923	0.225806
1.798016	0.218856
1.587314	0.199271
1.399672	0.206852
1.192445	0.182844
0.989640	0.183476
0.800419	0.143357
0.586558	0.093762
0.396705	0.028687
0.195164	-0.070495
-0.000375	-0.210418
-0.202206	-0.358870
-0.404985	-0.513007
-0.602710	-0.686411
-0.813069	-0.896139
-0.994369	-1.059751
-1.206939	-1.232524
-1.399927	-1.326017
-1.605548	-1.430565
-1.811169	-1.513003
-2.005736	-1.593861
-2.211041	-1.676615
-2.396764	-1.703779
-2.604912	-1.804536
-2.804848	-1.840228
-3.005731	-1.940985
-3.198402	-1.980467
-3.413184	-2.042059
-3.607118	-2.085331
-3.794420	-2.156714
-4.009517	-2.241679
-4.205978	-2.276107
-4.402440	-2.338015
-4.611536	-2.370548
-4.802944	-2.473200
-5.003511	-2.495310
-5.206290	-2.583434
-5.408753	-2.617230
-5.606478	-2.668083
-5.809256	-2.756522
-6.010771	-2.808638
-6.193019	-2.869282
-6.409696	-2.905921
-6.604262	-2.944771
-6.804514	-3.029104
-7.013926	-3.109963
-7.209755	-3.145971
-7.396741	-3.200929
-7.598572	-3.210721
-7.810827	-3.288105
-8.000971	-3.380335
-8.217332	-3.473828
-8.401158	-3.477302
-8.606464	-3.483303
-8.802926	-3.514257
-9.004441	-3.641231
-9.213221	-3.733144
-9.405892	-3.759992
-9.589720	-3.769468
-9.662050	-3.732828
-9.663630	-3.777364
-9.586246	-3.819688
-9.536972	-3.853485
-9.410630	-3.727459
-9.200271	-3.603328
-9.008862	-3.587535
-8.800399	-3.591957
-8.611518	-3.617226
-8.402106	-3.490252
-8.217015	-3.387599
-8.002550	-3.269154
-7.802930	-3.320954
-7.609943	-3.318111
-7.398636	-3.242938
-7.210387	-3.133968
-7.007608	-3.004468
-6.801672	-3.013312
-6.603631	-3.007942
-6.400536	-2.991518
-6.203759	-2.874967
-5.996242	-2.746415
-5.814942	-2.699352
-5.598581	-2.713250
-5.406857	-2.704406
-5.203447	-2.620389
-4.992456	-2.488361
-4.804207	-2.385709
-4.592585	-2.381287
-4.416654	-2.396132
-4.203768	-2.300112
-4.004779	-2.220517
-3.804843	-2.086594
-3.595747	-2.073960
-3.415079	-2.075855
-3.197139	-2.028161
-3.015207	-1.947303
-2.794425	-1.793797
-2.608070	-1.769476
-2.401501	-1.721467
-2.202829	-1.713254
-2.011105	-1.619130
-1.802325	-1.499421
-1.611549	-1.379080
-1.397400	-1.306750
-1.210098	-1.254949
-1.000686	-1.067648
-0.806120	-0.895823
-0.612817	-0.657668
-0.403721	-0.503847
-0.207576	-0.346236
-0.001954	-0.199679
0.198955	-0.072706
0.399232	0.034057
0.596035	0.085864
0.793785	0.133249
1.001328	0.185055
1.195288	0.197691
1.408201	0.211591
1.586998	0.192321
1.793909	0.215697
1.995450	0.228965
2.190989	0.250130
2.404851	0.262766
2.585543	0.205589
2.803195	0.252657
2.988625	0.233387
3.196484	0.302568
3.392023	0.273822
3.598619	0.260870
3.803003	0.245075
3.990960	0.265293
4.195660	0.324997
4.395306	0.293723
4.601585	0.314256
4.797125	0.236862
5.005615	0.296250
5.192309	0.300357
5.392903	0.339528
5.594760	0.319627
5.795037	0.277929
5.996894	0.280772
6.200963	0.301621
6.399661	0.355323
6.598675	0.318995
6.797057	0.317415
6.998282	0.275401
7.195085	0.305727
7.400417	0.350584
7.601010	0.360061
7.800340	0.322154
8.001249	0.319943
8.187628	0.329104
8.399593	0.348057
8.591973	0.377435
8.796989	0.350900
8.998215	0.311413
9.188699	0.304780
9.402560	0.358798
9.587043	0.354375
9.805642	0.373329
9.991073	0.306359
9.804695	0.319627
9.585464	0.312045
9.394347	0.366379
9.194069	0.360693
8.994424	0.327840
8.802044	0.322786
8.589130	0.299409
8.404963	0.361009
8.183205	0.354691
8.001881	0.361957
7.794338	0.290248
7.598483	0.312045
7.396310	0.319943
7.194137	0.349005
6.997334	0.348057
6.791687	0.304464
6.597411	0.314572
6.395870	0.283931
6.201594	0.338580
5.999106	0.329735
5.792511	0.302568
5.592549	0.304148
5.394166	0.296566
5.197996	0.317100
4.999298	0.317731
4.793966	0.311413
4.597479	0.282351
4.383934	0.272874
4.198503	0.301305
3.995383	0.284246
3.793842	0.282983
3.601777	0.252657
3.397077	0.254552
3.198379	0.265293
2.988941	0.267188
2.809828	0.270347
2.592176	0.222015
2.397269	0.252657
2.196676	0.211591
1.991660	0.238126
1.796121	0.223595
1.586366	0.217277
1.402199	0.204325
1.191181	0.174315
1.000697	0.185687
0.791574	0.148096
0.587506	0.113663
0.397337	0.021738
0.197691	-0.065757
-0.003218	-0.210418
-0.206944	-0.374347
-0.406880	-0.532274
-0.606816	-0.725577
-0.816543	-0.898350
-0.996265	-1.056277
-1.212309	-1.218626
-1.398979	-1.340862
-1.608706	-1.428038
-1.801694	-1.517109
-2.006052	-1.589123
-2.209778	-1.658927
-2.396448	-1.721467
-2.612492	-1.792218
-2.797899	-1.833279
-3.010153	-1.941933
-3.204088	-1.971623
-3.413815	-2.047744
-3.604591	-2.087226
-3.802316	-2.161136
-4.008254	-2.242942
-4.200925	-2.287478
-4.412863	-2.374022
-4.600481	-2.374970
-4.809893	-2.451722
-4.995299	-2.500680
-5.207237	-2.600490
-5.407489	-2.639972
-5.605214	-2.689877
-5.810204	-2.728095
-6.002875	-2.783054
-6.207865	-2.901499
-6.401799	-2.942560
-6.608684	-3.003204
-6.802619	-3.003520
-7.010767	-3.062585
-7.209755	-3.162395
-7.398321	-3.229672
-7.602994	-3.276103
-7.810511	-3.284315
-8.001287	-3.316848
-8.211646	-3.404971
-8.404634	-3.523417
-8.604569	-3.588799
-8.801662	-3.569847
-9.005704	-3.555002
-9.207851	-3.640283
-9.401155	-3.777996
-9.531919	-3.861697
-9.589720	-3.823795
-9.697110	-3.747989
-9.667735	-3.724616
-9.576453	-3.789682
-9.396732	-3.806738
-9.206588	-3.720510
-9.011705	-3.592905
-8.796925	-3.482987
-8.608991	-3.500360
-8.399263	-3.514573
-8.220490	-3.497201
-7.998128	-3.342116
-7.813354	-3.235358
-7.605837	-3.167765
-7.402111	-3.237568
-7.209124	-3.230304
-7.003818	-3.127651
-6.813674	-2.973198
-6.598893	-2.873072
-6.409380	-2.936559
-6.200284	-2.910343
-5.998137	-2.869282
-5.813994	-2.735991
-5.603635	-2.605228
-5.403699	-2.598911
-5.205658	-2.616598
-5.002564	-2.597647
-4.804207	-2.460566
-4.603955	-2.344332
-4.412548	-2.286530
-4.194292	-2.289689
-4.004463	-2.289373
-3.798210	-2.176929
-3.605223	-2.068591
-3.406867	-1.982047
-3.202509	-1.995628
-3.012680	-1.956462
-2.795056	-1.898977
-2.610597	-1.817171
-2.394868	-1.651663
-2.209462	-1.642819
-2.007947	-1.603969
-1.806116	-1.565119
-1.603337	-1.450148
-1.403401	-1.290957
-1.207571	-1.163036
-0.998791	-1.029745
-0.810542	-0.929619
-0.608711	-0.708205
-0.396773	-0.519956
-0.200311	-0.312124
-0.005429	-0.185150
0.197691	-0.066073
0.388492	0.037216
0.592560	0.093446
0.794101	0.137039
1.000065	0.166733
1.191813	0.197375
1.402515	0.216329
1.590473	0.228017
1.797068	0.210959
1.992923	0.196743
2.195412	0.238442
2.402323	0.261502
2.588386	0.246971
2.811092	0.252657
2.985150	0.221383
3.203749	0.244760
3.389812	0.273190
3.603673	0.300357
3.798264	0.273506
3.995699	0.257711
4.199451	0.267188
4.388988	0.264977
4.607272	0.325945
4.789227	0.307939
5.005300	0.296882
5.191362	0.265609
5.392903	0.303516
5.596971	0.335421
5.792511	0.327524
6.001949	0.321838
6.191486	0.266556
6.403451	0.317731
6.595516	0.311729
6.799268	0.365116
6.991964	0.318047
7.198560	0.306043
7.401049	0.305095
7.595324	0.345530
7.795601	0.379647
7.995879	0.339528
8.198051	0.327208
8.393275	0.284246
8.596711	0.356902
8.804255	0.359429
8.994740	0.361009
9.193122	0.345214
9.400349	0.315836
9.587043	0.324997
9.800588	0.355323
9.991705	0.379963
9.796798	0.338580
9.588939	0.324681
9.397506	0.329735
9.191858	0.331947
9.000742	0.361957
8.801096	0.357218
8.589762	0.327840
8.402121	0.305727
8.186048	0.329104
8.003461	0.353427
7.790547	0.336685
7.604169	0.330367
7.394414	0.298778
7.202982	0.302252
6.998282	0.330367
6.791055	0.338896
6.603097	0.324997
6.397449	0.289933
6.200015	0.308570
5.999422	0.305411
5.792194	0.331631
5.595076	0.316468
5.394166	0.288669
5.198627	0.300357
4.996139	0.282667
4.796177	0.328472
4.594320	0.288037
4.389936	0.292776
4.208296	0.272242
3.990012	0.268768
3.796369	0.293723
3.593564	0.267188
3.396761	0.270347
3.195220	0.238442
2.993047	0.269399
2.806669	0.244128
2.589965	0.231492
2.405167	0.256132
2.189726	0.216645
1.998925	0.240653
1.792014	0.210959
1.589525	0.226753
1.399040	0.197059
1.194972	0.180001
1.005119	0.177158
0.800419	0.128194
0.593824	0.114927
0.396073	0.021106
0.202745	-0.047753
-0.007008	-0.203154
-0.203154	-0.352553
-0.407196	-0.520903
-0.610290	-0.728420
-0.810226	-0.881609
-0.999423	-1.067016
-1.205676	-1.198411
-1.403717	-1.351917
-1.605232	-1.441304
-1.804220	-1.507317
-2.011105	-1.590387
-2.205040	-1.653874
-2.397079	-1.743892
-2.610597	-1.802957
-2.794425	-1.846229
-3.015839	-1.903399
-3.200613	-1.987100
-3.413499	-2.049639
-3.598906	-2.103966
-3.800421	-2.166190
-4.007938	-2.186404
-4.197766	-2.266000
-4.412548	-2.365178
-4.596375	-2.424559
-4.815262	-2.470989
-4.995299	-2.485203
-5.216397	-2.546479
-5.401488	-2.638077
-5.607110	-2.724621
-5.811467	-2.769788
-5.993715	-2.776737
-6.213234	-2.827905
-6.398325	-2.892339
-6.615633	-3.019945
-6.800408	-3.074903
-7.008556	-3.087853
-7.214493	-3.085011
-7.400847	-3.163974
-7.604258	-3.298844
-7.809247	-3.337694
-8.006024	-3.374018
-8.207224	-3.336115
-8.414109	-3.424554
-8.595725	-3.524364
-8.806400	-3.657655
-9.010126	-3.685450
-9.201534	-3.634598
-9.401786	-3.659550
-9.585298	-3.768520
-9.563503	-3.852853
-9.568557	-3.870541
-9.617830	-3.802316
-9.611197	-3.679449
-9.395784	-3.669657
-9.207220	-3.733460
-9.005073	-3.688293
-8.801662	-3.611540
-8.608675	-3.438136
-8.403686	-3.387284
-8.208172	-3.418237
-8.000971	-3.443506
-7.810511	-3.391074
-7.598888	-3.210089
-7.405585	-3.105857
-7.207860	-3.117544
-7.004766	-3.151340
-6.808304	-3.127019
-6.600156	-2.995308
-6.410327	-2.843382
-6.197125	-2.801057
-6.001296	-2.854753
-5.811467	-2.822536
-5.602372	-2.733780
-5.408753	-2.583118
-5.201552	-2.488361
-5.008565	-2.528475
-4.797890	-2.489625
-4.612484	-2.483308
-4.406230	-2.321590
-4.195240	-2.216727
-4.014886	-2.192722
-3.798210	-2.188300
-3.609961	-2.167137
-3.405287	-2.049955
-3.210405	-1.941933
-3.003836	-1.858547
-2.800110	-1.880973
-2.616598	-1.843386
-2.387920	-1.733469
-2.218937	-1.635870
-2.001314	-1.519951
-1.807379	-1.518056
-1.605232	-1.464361
-1.403085	-1.381607
-1.209150	-1.210730
-0.995633	-0.995001
-0.809910	-0.884452
-0.598288	-0.712311
-0.408459	-0.564175
-0.200943	-0.350026
-0.002586	-0.188940
0.202430	-0.067336
0.397021	0.033110
0.588138	0.101975
0.797260	0.180949
0.996906	0.149359
1.196867	0.180949
1.398409	0.184424
1.593000	0.233071
1.796437	0.238442
1.986605	0.229597
2.200150	0.228649
2.396322	0.208432
2.592176	0.262134
2.805090	0.261186
2.988625	0.277613
3.203749	0.234967
3.393602	0.254552
3.600830	0.281087
3.791314	0.283931
3.996646	0.318679
4.199135	0.285826
4.388356	0.258975
4.603481	0.285826
4.788911	0.320574
5.000245	0.320574
5.194205	0.317731
5.401116	0.277297
5.598551	0.274454
5.800724	0.318995
5.999106	0.346162
6.194961	0.311413
6.405979	0.312045
6.591093	0.283931
6.801164	0.314572
6.992280	0.338580
7.198875	0.354375
7.398837	0.317100
7.599747	0.285194
7.801288	0.330367
7.987350	0.345530
8.199947	0.394178
8.392327	0.320258
8.603346	0.330999
8.796989	0.318995
8.992212	0.354691
9.195965	0.386596
9.394979	0.343003
9.593361	0.348689
9.797113	0.295619
9.996443	0.363852
9.789216	0.347741
9.594625	0.382806
9.398138	0.329104
9.185540	0.311413
9.003268	0.330999
8.804570	0.349005
8.597975	0.370170
8.397697	0.336053
8.197104	0.342687
7.993036	0.305095
7.793390	0.338264
7.601010	0.348373
7.393467	0.323417
7.199192	0.304464
6.999230	0.299093
6.792003	0.310782
6.604993	0.330999
6.387657	0.323102
6.205701	0.307307
5.985522	0.288669
5.798512	0.315204
5.591917	0.311413
5.391955	0.311729
5.199891	0.305095
4.991084	0.282983
4.804706	0.297514
4.585791	0.282983
4.395938	0.313625
4.195660	0.278560
3.992540	0.274454
3.801423	0.271295
3.595459	0.260238
3.406238	0.271611
3.192693	0.250762
3.000945	0.278560
2.804458	0.238126
2.591229	0.251077
2.404535	0.245075
2.190989	0.221699
2.000189	0.226122
1.791382	0.218224
1.594580	0.217908
1.395250	0.192637
1.193393	0.205589
1.004803	0.168945
0.786836	0.129774
0.602669	0.108925
0.383437	0.014472
0.208116	-0.072706
-0.003849	-0.197784
-0.205049	-0.332022
-0.396773	-0.526905
-0.617871	-0.724630
-0.800435	-0.880030
-1.010162	-1.065753
-1.200622	-1.178828
-1.410034	-1.348758
-1.597652	-1.434355
-1.804536	-1.516793
-2.010473	-1.575858
-2.205040	-1.625763
-2.403713	-1.728415
-2.605228	-1.775794
-2.805480	-1.888554
-3.006995	-1.888870
-3.205351	-1.988048
-3.406867	-2.022792
-3.598906	-2.127971
-3.809897	-2.198723
-4.000989	-2.228729
-4.203452	-2.278634
-4.409705	-2.303586
-4.605219	-2.416978
-4.804207	-2.488677
-5.002880	-2.572379
-5.209448	-2.553427
-5.404646	-2.581854
-5.611531	-2.689877
-5.810520	-2.784949
-5.999401	-2.861386
-6.211971	-2.870861
-6.397062	-2.870229
-6.614686	-2.939086
-6.801355	-3.064796
-7.013926	-3.169344
-7.207860	-3.174397
-7.401479	-3.151656
-7.612786	-3.179135
-7.800404	-3.283999
-8.017712	-3.425818
-8.198696	-3.452034
-8.419163	-3.459614
-8.594461	-3.415710
-8.805137	-3.553107
-9.007283	-3.681028
-9.199639	-3.762203
-9.414420	-3.769468
-9.601090	-3.688925
-9.680369	-3.723353
-9.610882	-3.812740
-9.557818	-3.867383
-9.540762	-3.834533
-9.407472	-3.688925
-9.200271	-3.580586
-9.000019	-3.605539
-8.799135	-3.657655
-8.599832	-3.576164
-8.411898	-3.470353
-8.202802	-3.284947
-8.010762	-3.311162
-7.808300	-3.334852
-7.605837	-3.310215
-7.405269	-3.234726
-7.213230	-3.068270
-7.005082	-3.007310
-6.808304	-3.036685
-6.601419	-3.069218
-6.409380	-2.978884
-6.200916	-2.839276
-6.009508	-2.724936
-5.803255	-2.707565
-5.607110	-2.759049
-5.406226	-2.706933
-5.202184	-2.584697
-5.008881	-2.441615
-4.791573	-2.408766
-4.617853	-2.433403
-4.398650	-2.398343
-4.207242	-2.336435
-4.006359	-2.168401
-3.800421	-2.106809
-3.609329	-2.104282
-3.403708	-2.101755
-3.216722	-2.045218
-2.997203	-1.894555
-2.814955	-1.804852
-2.606807	-1.756211
-2.401501	-1.760633
-2.211989	-1.699988
-2.000682	-1.601126
-1.807379	-1.466256
-1.605232	-1.393294
-1.405296	-1.347179
-1.202202	-1.246421
-0.998475	-1.094811
-0.812753	-0.879714
-0.595445	-0.671566
-0.409091	-0.536696
-0.202206	-0.370241
-0.006060	-0.218631
0.198639	-0.070811
0.398600	0.016051
0.582451	0.085548
0.802314	0.160731
0.988061	0.175894
1.198131	0.203693
1.395882	0.174315
1.601529	0.193585
1.793594	0.229281
1.991028	0.254552
2.203310	0.257395
2.390951	0.210959
2.603233	0.242548
2.798140	0.217277
2.996206	0.300357
3.191114	0.260870
3.398657	0.276665
3.596407	0.239073
3.786892	0.248234
4.002964	0.303200
4.193133	0.298146
4.390252	0.317100
4.597479	0.260554
4.801863	0.282035
4.995507	0.282351
5.197048	0.349953
5.394166	0.326260
5.592865	0.295935
5.792194	0.294987
6.000053	0.304148
6.193381	0.332894
6.402188	0.333210
6.604361	0.330367
6.794846	0.299093
6.991016	0.310782
7.202034	0.341423
7.398205	0.357850
7.593112	0.328788
7.802235	0.330367
7.985770	0.297514
8.199632	0.342371
8.384430	0.367959
8.609347	0.358482
8.794147	0.317731
8.998846	0.336369
9.196913	0.337949
9.386450	0.358166
9.601890	0.384385
9.788900	0.317415
10.007500	0.340476
9.785425	0.312045
9.600310	0.366063
9.395611	0.343003
9.188067	0.338264
8.999794	0.330051
8.793514	0.319627
8.600186	0.360693
8.396750	0.336369
8.205317	0.353112
7.987666	0.310466
7.797497	0.348057
7.601958	0.316468
7.394099	0.337949
7.192558	0.322470
6.997018	0.313941
6.794530	0.310150
6.597727	0.296250
6.401556	0.335106
6.207281	0.300673
5.995631	0.305095
5.802935	0.316152
5.594444	0.308570
5.391955	0.315836
5.202734	0.311413
4.992980	0.306359
4.801547	0.290880
4.582948	0.292460
4.404783	0.293407
4.190290	0.276981
4.002332	0.293091
3.797001	0.261502
3.593564	0.271611
3.402763	0.266872
3.186691	0.265924
3.002208	0.262450
2.788979	0.232440
2.604181	0.263397
2.394742	0.226753
2.193833	0.252025
1.996082	0.222015
1.792646	0.221383
1.597423	0.210643
1.395250	0.197691
1.199711	0.206220
0.995326	0.166418
0.794101	0.152202
0.599194	0.091866
0.390387	0.026476
0.204325	-0.071758
-0.000691	-0.196521
-0.204733	-0.333917
-0.395509	-0.511744
-0.612817	-0.691781
-0.797908	-0.886979
-1.008267	-1.079650
-1.195569	-1.195253
-1.407507	-1.323490
-1.603969	-1.428354
-1.807379	-1.539219
-2.007631	-1.595125
-2.201566	-1.668403
-2.412556	-1.712623
-2.596699	-1.747051
-2.811165	-1.887606
-3.000046	-1.929931
-3.214511	-2.022160
-3.408130	-2.030056
-3.596695	-2.083436
-3.805475	-2.167453
-3.996251	-2.252102
-4.211032	-2.336435
-4.404967	-2.324117
-4.611536	-2.379708
-4.795363	-2.418874
-5.009197	-2.559745
-5.200289	-2.622284
-5.405594	-2.662713
-5.610899	-2.659239
-5.809256	-2.689245
-6.006665	-2.838960
-6.205338	-2.933085
-6.405590	-2.996887
-6.605525	-2.934348
-6.805778	-2.973514
-7.012662	-3.077746
-7.205965	-3.212300
-7.399900	-3.287789
-7.610259	-3.265680
-7.797245	-3.207246
-8.015184	-3.299476
-8.199643	-3.453613
-8.414741	-3.534472
-8.595725	-3.569532
-8.805768	-3.511730
-9.006021	-3.526575
-9.199324	-3.681976
-9.417579	-3.849379
-9.520231	-3.865487
-9.637097	-3.790946
-9.720799	-3.699348
-9.660155	-3.746410
-9.531602	-3.835797
-9.409682	-3.831691
-9.210694	-3.727143
-9.002862	-3.523733
-8.807347	-3.486462
-8.596041	-3.524364
-8.415372	-3.559740
-8.202486	-3.452034
-8.012026	-3.302003
-7.804825	-3.178188
-7.605205	-3.230304
-7.404006	-3.280209
-7.210387	-3.221776
-7.008240	-3.093539
-6.803882	-2.908764
-6.609948	-2.935927
-6.400536	-2.943508
-6.206917	-2.956142
-6.005718	-2.829169
-5.807045	-2.676295
-5.606478	-2.611229
-5.404646	-2.643130
-5.203447	-2.652922
-5.004459	-2.555007
-4.798838	-2.446669
-4.612799	-2.303586
-4.400545	-2.317800
-4.212296	-2.358229
-4.003831	-2.272633
-3.803580	-2.180087
-3.601749	-2.034794
-3.400865	-2.008894
-3.206931	-2.007315
-2.993729	-1.988680
-2.811796	-1.900240
-2.595120	-1.745787
-2.405607	-1.684512
-2.213568	-1.646925
-2.003840	-1.638713
-1.807379	-1.547431
-1.601126	-1.421089
-1.409086	-1.272321
-1.195885	-1.164615
-1.004477	-1.088810
-0.808015	-0.913511
-0.603973	-0.713575
-0.406880	-0.490581
-0.208523	-0.339919
-0.003218	-0.208523
0.207168	-0.062598
0.386596	0.018894
0.588769	0.119665
0.797260	0.121876
0.987113	0.170524
1.205081	0.201798
1.390511	0.217908
1.596159	0.220436
1.788539	0.191373
1.994819	0.229912
2.200150	0.240021
2.387476	0.263397
2.608919	0.264029
2.790243	0.218224
3.004735	0.243180
3.191430	0.254868
3.398341	0.290564
3.591037	0.274770
3.798264	0.260554
4.006755	0.264029
4.187447	0.261186
4.397833	0.322786
4.588002	0.300673
4.805654	0.308570
4.990768	0.278560
5.208736	0.285510
5.396062	0.323733
5.589074	0.336053
5.798828	0.332894
5.993104	0.283931
6.201279	0.294987
6.395554	0.306991
6.607836	0.353743
6.790739	0.328156
6.994175	0.315520
7.196033	0.312677
7.395678	0.310782
7.591533	0.358798
7.803183	0.347741
7.993352	0.336685
8.202475	0.293407
8.397382	0.333526
8.598607	0.355955
8.787828	0.351848
9.000110	0.350584
9.198176	0.320574
9.386133	0.319627
9.603786	0.337949
9.784477	0.371433
10.006552	0.330683
9.793323	0.341739
9.605049	0.340476
9.383290	0.338264
9.187752	0.370802
9.002953	0.348689
8.789723	0.328788
8.604609	0.333526
8.389169	0.326260
8.201211	0.341739
7.990509	0.329419
7.803499	0.328788
7.596903	0.322154
7.394099	0.324365
7.194769	0.325945
6.992596	0.307939
6.807166	0.320890
6.596464	0.297198
6.404083	0.337001
6.194645	0.311098
5.995315	0.324049
5.794722	0.305727
5.593181	0.298146
5.395114	0.315836
5.196416	0.284246
5.002772	0.322154
4.787964	0.274770
4.596847	0.306675
4.401624	0.282351
4.187763	0.279192
4.003280	0.294987
3.790683	0.264661
3.596723	0.277297
3.397393	0.244444
3.197747	0.277297
2.993679	0.241916
2.798456	0.260554
2.606076	0.250446
2.387161	0.226122
2.199835	0.250130
1.991660	0.228649
1.794857	0.229912
1.591736	0.204325
1.394302	0.197691
1.201290	0.193900
0.988377	0.167049
0.798840	0.161679
0.593192	0.088076
0.391019	0.036901
0.201166	-0.063230
0.000888	-0.207260
-0.198732	-0.346236
-0.407512	-0.530695
-0.604921	-0.669039
-0.806436	-0.880030
-1.007004	-1.061962
-1.199043	-1.236314
-1.410034	-1.353180
-1.600178	-1.415088
-1.811169	-1.501948
-1.998155	-1.576173
-2.211989	-1.715781
-2.405923	-1.742313
-2.599858	-1.790955
-2.813060	-1.819066
-3.000362	-1.906873
-3.212932	-2.003525
-3.403708	-2.079014
-3.607118	-2.119128
-3.802948	-2.115969
-3.992145	-2.200302
-4.212296	-2.305166
-4.393281	-2.387288
-4.616273	-2.448564
-4.795679	-2.428033
-5.008249	-2.450775
-5.201236	-2.566062
-5.409069	-2.699036
-5.610899	-2.746415
-5.801044	-2.751468
-6.010140	-2.745783
-6.196178	-2.806111
-6.410327	-2.966881
-6.600472	-3.040159
-6.807357	-3.067639
-7.008240	-3.008258
-7.205333	-3.051214
-7.405585	-3.217354
-7.601731	-3.314637
-7.805141	-3.378440
-8.005393	-3.316216
-8.211962	-3.319691
-8.403686	-3.430871
-8.601411	-3.607118
-8.799767	-3.686714
-9.002230	-3.631755
-9.205324	-3.570795
-9.415051	-3.642178
-9.549606	-3.818741
-9.534445	-3.887913
-9.584982	-3.863592
-9.668367	-3.743567
-9.604565	-3.672816
-9.410315	-3.739146
-9.206272	-3.787155
-9.003493	-3.727143
-8.810506	-3.550896
-8.596673	-3.395812
-8.411898	-3.396127
-8.201539	-3.486146
-8.009183	-3.430871
-7.807036	-3.347486
-7.603942	-3.154183
-7.406217	-3.105541
-7.205333	-3.147866
-7.011399	-3.182294
-6.802935	-3.091012
-6.613738	-2.936875
-6.402431	-2.817798
-6.206601	-2.859491
-5.998453	-2.874020
-5.806098	-2.815271
-5.614374	-2.693983
-5.399277	-2.529423
-5.213554	-2.543952
-4.994668	-2.547742
-4.811472	-2.548058
-4.606798	-2.408134
-4.404967	-2.293795
-4.213559	-2.207567
-4.000041	-2.214831
-3.810529	-2.231572
-3.597011	-2.129551
-3.420764	-2.042691
-3.200613	-1.886974
-3.012364	-1.925825
-2.804532	-1.881921
-2.597647	-1.847808
-2.400554	-1.736312
-2.201250	-1.608075
-2.006052	-1.567014
-1.804536	-1.530059
-1.607127	-1.494999
-1.403717	-1.339283
-1.198411	-1.183882
-1.008899	-1.025639
-0.801698	-0.889822
-0.606816	-0.756215
-0.403721	-0.552805
-0.201890	-0.355396
-0.008271	-0.201259
0.205904	-0.081234
0.385333	0.014472
0.600142	0.109240
0.791890	0.125667
0.995326	0.177790
1.199079	0.165786
1.395250	0.204325
1.601213	0.228649
1.789803	0.221699
2.002084	0.238758
2.187515	0.200850
2.398533	0.268452
2.596283	0.253920
2.796561	0.284878
2.999365	0.238758
3.191746	0.249498
3.401184	0.256448
3.588826	0.277297
3.805846	0.311413
3.995383	0.268452
4.188395	0.279824
4.400992	0.266240
4.588634	0.311413
4.799652	0.335737
4.995507	0.318363
5.203050	0.296882
5.392271	0.292460
5.592233	0.312045
5.803883	0.338264
5.988681	0.321522
6.206017	0.315836
6.389868	0.301621
6.601518	0.302252
6.798952	0.326576
7.001441	0.327840
7.202351	0.337317
7.389676	0.311413
7.603537	0.338580
7.793706	0.320258
7.998406	0.370170
8.188575	0.331631
8.400857	0.332894
8.594816	0.331631
8.792566	0.340476
9.005795	0.367959
9.189015	0.326576
9.398138	0.357218
9.590202	0.312361
9.805642	0.345846
9.990441	0.332894
9.801851	0.364168
9.593677	0.323733
9.391504	0.330367
9.195649	0.345530
9.000742	0.327208
8.791619	0.356902
8.593868	0.318995
8.399277	0.356271
8.191734	0.316468
7.997143	0.348057
7.799077	0.341423
7.598483	0.337949
7.391888	0.315836
7.200455	0.319943
6.992596	0.322786
6.795794	0.311098
6.598359	0.310150
6.403768	0.303832
6.197172	0.314888
5.991524	0.316784
5.795037	0.311413
5.589705	0.301621
5.397641	0.308254
5.188835	0.294987
5.007195	0.310466
4.787016	0.309518
4.604744	0.318363
4.390252	0.269399
4.195028	0.282667
4.003912	0.282983
3.791946	0.271611
3.599250	0.281403
3.385073	0.242232
3.205329	0.261818
2.983886	0.235914
2.807301	0.276349
2.597547	0.239073
2.394110	0.238442
2.206152	0.224858
1.995135	0.218224
1.801175	0.246971
1.587630	0.216329
1.400304	0.224226
1.194656	0.169576
0.993115	0.172420
0.800735	0.146200
0.593508	0.098184
0.391019	0.033110
0.199902	-0.068600
-0.001007	-0.185466
-0.205365	-0.356027
-0.408775	-0.526589
-0.600815	-0.718313
-0.810226	-0.881609
-1.003845	-1.011110
-1.197780	-1.213572
-1.396136	-1.366762
-1.600178	-1.474152
-1.808958	-1.503527
-2.000682	-1.558170
-2.216411	-1.645977
-2.395500	-1.722098
-2.603017	-1.847808
-2.804848	-1.868023
-3.005731	-1.901188
-3.213563	-1.935616
-3.404340	-2.057536
-3.609013	-2.157978
-3.799158	-2.209778
-4.010149	-2.236310
-4.205978	-2.205987
-4.402124	-2.333593
-4.605850	-2.420137
-4.805155	-2.526264
-5.003511	-2.542057
-5.202500	-2.503522
-5.411280	-2.591962
-5.603003	-2.696510
-5.805782	-2.834854
-6.005086	-2.858543
-6.200600	-2.827589
-6.406853	-2.828221
-6.602051	-2.975725
-6.803566	-3.112174
-7.000344	-3.146602
-7.207229	-3.133337
-7.408112	-3.082800
-7.596993	-3.170923
-7.815248	-3.338958
-7.997497	-3.439715
-8.212910	-3.469090
-8.403686	-3.376229
-8.608675	-3.415079
-8.806085	-3.588799
-9.000019	-3.736934
-9.216379	-3.785260
-9.401155	-3.680081
-9.613725	-3.667762
-9.643099	-3.745778
-9.580560	-3.858539
-9.536340	-3.887597
-9.562872	-3.820004
-9.415684	-3.611224
-9.204377	-3.583113
-9.010758	-3.674711
-8.803557	-3.646284
-8.608675	-3.595747
-8.400843	-3.377176
-8.211646	-3.300424
-8.005709	-3.337379
-7.804193	-3.406235
-7.606469	-3.344959
-7.405269	-3.169660
-7.205018	-3.044266
-7.009188	-3.041107
-6.807041	-3.108068
-6.604262	-3.051530
-6.409696	-2.947614
-6.210707	-2.782738
-6.008876	-2.718935
-5.799149	-2.786528
-5.612163	-2.772946
-5.392960	-2.686402
-5.202500	-2.521210
-5.000353	-2.433719
-4.804523	-2.433403
-4.606482	-2.460882
-4.410020	-2.398975
-4.205347	-2.269790
-4.002252	-2.148502
-3.810844	-2.124813
-3.593221	-2.135236
-3.407498	-2.099229
-3.199982	-2.007315
-3.011417	-1.878130
-2.788107	-1.794745
-2.602069	-1.811801
-2.400870	-1.753684
-2.201250	-1.667771
-2.013948	-1.565750
-1.796640	-1.459623
-1.613760	-1.431196
-1.396136	-1.364235
-1.210414	-1.266004
-1.000371	-1.046170
-0.803277	-0.870239
-0.598919	-0.696834
-0.396773	-0.543329
-0.208207	-0.369925
0.002468	-0.185466
0.198639	-0.097342
0.395126	0.032794
0.596983	0.088391
0.786836	0.153466
0.997854	0.190426
1.199079	0.175894
1.403147	0.193900
1.591421	0.191057
1.796752	0.266556
1.991976	0.230860
2.188778	0.240653
2.403903	0.238758
2.591861	0.220120
2.803195	0.264661
2.992416	0.264977
3.195536	0.275717
3.396130	0.244760
3.594196	0.267820
3.806793	0.270347
3.988749	0.290564
4.201030	0.313941
4.394358	0.268136
4.605061	0.289933
4.795545	0.292776
4.998350	0.328788
5.197996	0.318047
5.386901	0.305095
5.596655	0.311098
5.792511	0.294671
5.999738	0.337949
6.196540	0.319311
6.403451	0.312677
6.596779	0.310782
6.792318	0.301937
6.994492	0.326576
7.192558	0.326892
7.397573	0.346162
7.605433	0.316468
7.794970	0.329104
7.995879	0.325313
8.193314	0.347425
8.398330	0.346794
8.591658	0.323417
8.800148	0.344898
9.002321	0.325629
9.183013	0.338580
9.403508	0.346478
9.584516	0.336053
9.806590	0.332894
9.993284	0.339844
9.804379	0.344267
9.594625	0.342055
9.393399	0.342371
9.198808	0.344582
8.988421	0.327840
8.805202	0.348373
8.586919	0.329735
8.403068	0.337001
8.190154	0.325945
7.998090	0.331947
7.797181	0.330367
7.595956	0.323102
7.403260	0.332262
7.192242	0.291512
7.002705	0.326576
6.789475	0.301621
6.603729	0.323102
6.402504	0.302252
6.199068	0.298146
6.000053	0.316468
5.798512	0.298146
5.593496	0.333842
5.395114	0.286774
5.199575	0.309834
4.991084	0.269083
4.798388	0.313625
4.596215	0.301305
4.392779	0.288669
4.188395	0.283615
4.001385	0.261502
3.795421	0.271926
3.598934	0.263081
3.394866	0.297514
3.191114	0.235283
2.986098	0.248866
2.805722	0.240653
2.592492	0.253289
2.396006	0.262766
2.199835	0.230544
1.990396	0.206852
1.808125	0.191373
1.595527	0.219172
1.407570	0.216645
1.188654	0.192953
1.000381	0.179369
0.787783	0.134828
0.591612	0.100080
0.397969	0.044798
0.191057	-0.075233
0.006259	-0.186413
-0.214209	-0.344341
-0.395509	-0.492476
-0.609027	-0.724630
-0.806752	-0.920459
-0.998475	-1.073333
-1.197780	-1.186409
-1.398031	-1.275164
-1.611549	-1.468467
-1.796640	-1.542061
-2.013632	-1.638713
-2.207251	-1.633659
-2.398659	-1.687986
-2.612176	-1.779584
-2.798846	-1.900240
-3.009206	-1.975414
-3.202193	-1.989627
-3.415395	-2.008262
-3.600485	-2.043006
-3.806738	-2.212620
-4.009833	-2.292216
-4.196819	-2.325065
-4.414758	-2.302955
-4.602692	-2.322222
-4.802944	-2.456776
-5.002880	-2.570168
-5.206606	-2.657660
-5.406857	-2.624811
-5.598897	-2.606807
-5.809572	-2.730938
-5.996242	-2.854437
-6.205970	-2.961828
-6.402431	-2.953931
-6.599524	-2.903394
-6.807357	-2.945403
-6.996870	-3.084063
-7.212282	-3.243570
-7.400847	-3.256835
-7.600783	-3.215459
-7.807668	-3.173450
-8.005709	-3.328535
-8.209119	-3.482671
-8.403370	-3.539526
-8.613413	-3.516784
-8.796609	-3.429608
-9.007283	-3.578060
-9.207851	-3.736303
-9.397048	-3.862013
-9.552133	-3.837376
-9.688582	-3.715772
-9.734065	-3.687977
-9.608987	-3.790946
-9.527496	-3.859170
-9.408735	-3.797263
-9.199639	-3.644389
-9.007600	-3.489620
-8.789344	-3.538262
-8.601727	-3.602696
-8.398632	-3.572374
-8.211646	-3.411604
-8.001287	-3.231251
-7.801667	-3.220196
-7.614049	-3.280841
-7.394846	-3.277366
-7.213546	-3.208194
-6.993395	-3.020576
-6.807041	-2.937507
-6.602051	-2.962143
-6.405590	-2.996571
-6.205970	-2.925504
-5.998453	-2.756522
-5.808625	-2.661134
-5.600792	-2.637761
-5.411280	-2.679769
-5.196814	-2.609018
-5.008249	-2.519315
-4.799153	-2.373390
-4.606482	-2.340226
-4.411284	-2.364231
-4.200609	-2.336120
-4.008254	-2.260314
-3.801053	-2.106809
-3.607750	-2.060379
-3.401181	-2.023423
-3.210089	-2.057220
-3.005731	-1.953304
-2.795056	-1.833279
-2.605543	-1.744524
-2.398975	-1.679458
-2.207883	-1.677247
-2.009526	-1.607759
-1.802325	-1.538587
-1.603337	-1.388240
-1.399611	-1.296326
-1.205360	-1.212309
-1.000686	-1.091021
-0.806752	-0.915090
-0.609659	-0.697150
-0.398036	-0.507006
-0.209787	-0.359502
0.004047	-0.205049
0.196428	-0.076496
0.403971	0.027740
0.595087	0.085232
0.790942	0.154098
1.001013	0.187582
1.190866	0.192321
1.405674	0.221383
1.583839	0.202745
1.804966	0.225490
1.986921	0.220436
2.198571	0.257711
2.397585	0.242232
2.594072	0.243812
2.802563	0.244444
2.988941	0.244444
3.201538	0.286142
3.386969	0.252657
3.609359	0.279192
3.796053	0.238126
4.000753	0.283615
4.205137	0.276033
4.399097	0.290248
4.603797	0.303200
4.792702	0.291512
5.001509	0.309834
5.194837	0.293723
5.395114	0.331631
5.596971	0.308886
5.794405	0.300673
5.998158	0.315204
6.198751	0.307623
6.393659	0.325945
6.602466	0.312677
6.796425	0.317100
7.009023	0.303516
7.196980	0.314888
7.403892	0.342055
7.590901	0.326892
7.796549	0.341108
7.994299	0.325945
8.189838	0.341108
8.396750	0.343319
8.591973	0.341108
8.806466	0.338264
8.993476	0.323102
9.195017	0.367643
9.393084	0.334790
9.596519	0.354691
9.793323	0.333210
9.994864	0.340160
9.796798	0.344267
9.587358	0.339528
9.407615	0.348373
9.190910	0.314572
8.996319	0.337001
8.798569	0.325313
8.595764	0.352164
8.404648	0.322786
8.190471	0.339844
7.997775	0.330683
7.793706	0.313309
7.594060	0.342055
7.403260	0.325313
7.189714	0.319311
6.994807	0.301937
6.791055	0.309518
6.602149	0.319943
6.394922	0.316468
6.196540	0.322470
6.005424	0.295935
5.785245	0.282983
5.614346	0.313941
5.385953	0.303832
5.202418	0.337949
4.992664	0.298462
4.801231	0.277613
4.593688	0.277613
4.388988	0.298778
4.199135	0.318363
3.993487	0.259607
3.806478	0.270031
3.586930	0.236230
3.406554	0.279508
3.189534	0.251709
3.005051	0.261502
2.803510	0.236230
2.596283	0.227385
2.396006	0.253289
2.193517	0.230544
1.996714	0.264661
1.787591	0.198955
1.593632	0.208432
1.393986	0.180633
1.195288	0.202745
1.001960	0.178422
0.802946	0.140198
0.588769	0.090603
0.398916	0.028055
0.197059	-0.044279
-0.003849	-0.208207
-0.199679	-0.361713
-0.407512	-0.516166
-0.608079	-0.672829
-0.811490	-0.874660
-1.000055	-1.079650
-1.211046	-1.241052
-1.397716	-1.335176
-1.609970	-1.385713
-1.794429	-1.496894
-2.011737	-1.621657
-2.196512	-1.694619
-2.402449	-1.763159
-2.603017	-1.744524
-2.795688	-1.814644
-3.012048	-1.928667
-3.199350	-2.029109
-3.420132	-2.098281
-3.590694	-2.085963
-3.814950	-2.112494
-4.002252	-2.188300
-4.200925	-2.345595
-4.408757	-2.408766
-4.602060	-2.417610
-4.810208	-2.389499
-4.994351	-2.455513
-5.208817	-2.633023
-5.400225	-2.700616
-5.606793	-2.758101
-5.814626	-2.698089
-6.003507	-2.715461
-6.201548	-2.870229
-6.404958	-2.999730
-6.607737	-3.064164
-6.798829	-3.011417
-7.002555	-2.994676
-7.210703	-3.072376
-7.394215	-3.238516
-7.606469	-3.332641
-7.796613	-3.322849
-7.999076	-3.263784
-8.204065	-3.294106
-8.398948	-3.491831
-8.606780	-3.605855
-8.790607	-3.645021
-9.015180	-3.585640
-9.196796	-3.527839
-9.405577	-3.731565
-9.521811	-3.862961
-9.542026	-3.885702
-9.644994	-3.800421
-9.705007	-3.688925
-9.599827	-3.717036
-9.391994	-3.754622
-9.209746	-3.804527
-9.004126	-3.643126
-8.803873	-3.488357
-8.602990	-3.378124
-8.408739	-3.465616
-8.214173	-3.498464
-8.001287	-3.420764
-7.810511	-3.272312
-7.604258	-3.120702
-7.397689	-3.181346
-7.213546	-3.215143
-7.005397	-3.173766
-6.805778	-3.026578
-6.606157	-2.879389
-6.407485	-2.850015
-6.202811	-2.889497
-5.994031	-2.898025
-5.818100	-2.780843
-5.597950	-2.620073
-5.410016	-2.549637
-5.199341	-2.560376
-5.005406	-2.571431
-4.799153	-2.484887
-4.603008	-2.381918
-4.411284	-2.267263
-4.191449	-2.249575
-4.013939	-2.286530
-3.791893	-2.200934
-3.612172	-2.116916
-3.395812	-2.000682
-3.206615	-1.959621
-2.996256	-1.951409
-2.800742	-1.906557
-2.610281	-1.807379
-2.397079	-1.669666
-2.211989	-1.634291
-1.998155	-1.565434
-1.814328	-1.557222
-1.597336	-1.446041
-1.407507	-1.323806
-1.201254	-1.168721
-1.001318	-1.035746
-0.807383	-0.912563
-0.607448	-0.714838
-0.406248	-0.536064
-0.202838	-0.320020
-0.006060	-0.199048
0.201482	-0.060703
0.395757	0.034373
0.591296	0.100395
0.795365	0.152202
0.995958	0.159468
1.192129	0.198323
1.404095	0.198955
1.591421	0.238126
1.793278	0.204009
1.991344	0.230860
2.195728	0.232124
2.394426	0.245391
2.595335	0.254236
2.804774	0.252341
2.984518	0.254552
3.199011	0.243812
3.398657	0.260870
3.607148	0.264977
3.790998	0.257711
4.008335	0.280456
4.196924	0.269715
4.389936	0.292460
4.600954	0.310150
4.785437	0.296882
5.004668	0.302884
5.187255	0.300673
5.401432	0.310150
5.591601	0.297198
5.794090	0.314888
5.995947	0.306991
6.194961	0.309202
6.401556	0.329104
6.595516	0.303832
6.798636	0.325945
6.997018	0.295619
7.198875	0.348373
7.399785	0.321206
7.599747	0.336685
7.795918	0.350900
7.993036	0.318995
8.196157	0.351216
8.391696	0.318363
8.599871	0.370802
8.795726	0.329104
8.990633	0.339212
9.198808	0.343003
9.388660	0.325945
9.598731	0.356271
9.792059	0.336053
9.996759	0.350900
9.792059	0.308886
9.586411	0.351848
9.408246	0.351848
9.180801	0.337949
9.008007	0.348057
8.790039	0.305411
8.607136	0.325945
8.397697	0.330999
8.191102	0.361325
7.999986	0.328472
7.788020	0.305411
7.603221	0.323733
7.397573	0.297514
7.199192	0.339844
6.995123	0.319627
6.792003	0.308886
6.603413	0.291512
6.387025	0.292460
6.199699	0.335106
5.993104	0.313309
5.792194	0.320890
5.599183	0.275401
5.392587	0.294671
5.204629	0.291196
5.001825	0.313625
4.799968	0.312045
4.595583	0.264345
4.396254	0.282351
4.199135	0.270347
3.987801	0.296566
3.805530	0.282667
3.590089	0.261186
3.400236	0.228017
3.188586	0.248234
2.997786	0.274138
2.798456	0.252341
2.591861	0.250130
2.408957	0.214118
2.186883	0.206536
2.004296	0.235914
1.785380	0.242232
1.597423	0.220120
1.396197	0.191689
1.194972	0.175263
0.999117	0.167365
0.790310	0.149675
0.605196	0.113031
0.382490	0.012261
0.205273	-0.063862
-0.006060	-0.211050
-0.201574	-0.363292
-0.404669	-0.549330
-0.611554	-0.726841
-0.801698	-0.833599
-0.998791	-1.021533
-1.201886	-1.189883
-1.404980	-1.403085
-1.600178	-1.455201
