# Configuration automatically generated by WRITE_CONFIG()
connection eth
ip 192.168.0.10
samplehz 1000.000000
settleus 10.000000
nsample 128

# Analog Inputs
aichannel 0
ainegative 199
airange 10.000000
airesolution 0

aichannel 1
ainegative 199
airange 10.000000
airesolution 0

# Analog Outputs
aochannel 0
aosignal triangle
aofrequency 5.000000
aoamplitude 2.000000
aooffset 2.500000
aoduty 0.500000

# Meta Parameters
int:periods 10
flt:tip_T_C 408.190349
flt:plate_T_C 136.533972
flt:plate_Q_kW 0.355352
flt:cool_Thigh_C 46.179139
flt:cool_Tlow_C 14.858424
flt:air_psig 40.000000
flt:water_gph 2.000000
flt:standoff_in 0.233000
flt:oxygen_scfh 9.785156
flt:fuel_scfh 5.413719
flt:flow_scfh 15.198875
flt:ratio_fto 0.553258

## End Configuration ##
#: Wed Jun 14 14:56:13 2017
-6.824728	-3.337379
-9.445690	-4.020888
-9.431792	-4.001305
-9.349354	-4.070477
-9.283656	-4.116276
-9.219538	-4.086586
-9.024655	-3.948873
-8.819035	-3.819057
-8.621309	-3.823479
-8.426111	-3.846220
-8.220806	-3.806107
-8.024344	-3.705033
-7.822829	-3.561951
-7.622893	-3.479197
-7.420430	-3.500360
-7.225548	-3.492779
-7.017084	-3.436873
-6.824413	-3.296633
-6.624793	-3.168712
-6.424225	-3.163027
-6.221131	-3.168080
-6.020563	-3.127335
-5.830419	-3.018997
-5.625745	-2.902763
-5.420439	-2.843382
-5.220819	-2.836749
-5.021199	-2.785265
-4.819684	-2.726832
-4.626697	-2.621020
-4.418865	-2.522789
-4.223982	-2.491520
-4.022467	-2.463409
-3.820004	-2.392973
-3.618489	-2.314010
-3.429924	-2.208830
-3.226514	-2.141553
-3.024051	-2.092911
-2.820956	-2.062274
-2.623231	-1.984573
-2.420768	-1.884448
-2.228729	-1.800746
-2.025003	-1.750209
-1.821908	-1.694935
-1.621025	-1.626710
-1.422036	-1.525321
-1.226207	-1.391083
-1.022165	-1.281797
-0.824755	-1.154824
-0.624504	-0.975734
-0.426463	-0.797276
-0.224948	-0.579968
-0.022169	-0.371504
0.182528	-0.186413
0.371749	-0.021537
0.576765	0.107345
0.778622	0.176210
0.979216	0.212222
1.176966	0.234019
1.379771	0.255816
1.576573	0.276665
1.770849	0.292460
1.976497	0.281087
2.176774	0.291828
2.379895	0.313941
2.582068	0.329104
2.777923	0.340160
2.974410	0.341739
3.175003	0.343635
3.373069	0.357218
3.574610	0.362904
3.778679	0.381542
3.980536	0.379647
4.169125	0.365116
4.372878	0.370486
4.574103	0.389124
4.780698	0.387860
4.974658	0.401759
5.179042	0.394810
5.372370	0.393230
5.575490	0.397653
5.784297	0.412500
5.978257	0.426715
6.183273	0.425767
6.378180	0.415343
6.580037	0.418186
6.777472	0.423556
6.985646	0.421977
7.177079	0.438087
7.378620	0.422608
7.581740	0.417870
7.778227	0.433981
7.971871	0.447248
8.180362	0.439667
8.378112	0.434613
8.573019	0.428295
8.783090	0.435560
8.982736	0.450407
9.174800	0.469361
9.375393	0.453250
9.574091	0.444721
9.776264	0.471256
9.977805	0.457357
9.776264	0.458936
9.574091	0.454198
9.374762	0.448196
9.176379	0.438719
8.974206	0.445353
8.778667	0.449775
8.579021	0.440299
8.383166	0.430822
8.176887	0.423240
7.977241	0.430506
7.783597	0.431138
7.579213	0.426715
7.376725	0.429558
7.179922	0.411236
6.974906	0.413448
6.776208	0.426399
6.582564	0.440615
6.380707	0.415659
6.183589	0.409341
5.979520	0.401759
5.774189	0.408077
5.575490	0.410604
5.369527	0.403655
5.188835	0.377751
4.978765	0.377120
4.775012	0.381226
4.573787	0.416291
4.380143	0.381542
4.179234	0.376804
3.979904	0.360693
3.776783	0.369222
3.578401	0.360693
3.376544	0.373329
3.175319	0.346478
2.975673	0.339212
2.788663	0.318047
2.578593	0.316784
2.378631	0.319311
2.177406	0.311729
1.977760	0.282351
1.782221	0.263713
1.573099	0.260238
1.386089	0.250762
1.178861	0.252025
0.979848	0.222331
0.781781	0.162627
0.578029	0.086180
0.374908	-0.030065
0.179369	-0.182623
-0.022169	-0.363292
-0.214209	-0.563544
-0.426779	-0.759689
-0.618502	-0.949518
-0.825387	-1.147243
-1.017111	-1.312435
-1.221785	-1.425511
-1.421405	-1.513003
-1.623552	-1.589439
-1.821592	-1.679774
-2.026266	-1.779268
-2.224623	-1.844650
-2.419189	-1.899293
-2.621652	-1.943196
-2.818114	-2.025319
-3.024683	-2.115653
-3.216722	-2.195880
-3.428976	-2.245785
-3.621964	-2.285583
-3.823163	-2.336120
-4.026573	-2.430244
-4.220824	-2.536371
-4.424234	-2.601753
-4.629539	-2.624495
-4.820316	-2.660186
-5.018672	-2.743572
-5.222083	-2.849383
-5.419492	-2.935611
-5.627324	-2.963091
-5.823786	-2.976041
-6.022142	-3.023419
-6.222078	-3.125440
-6.425804	-3.223987
-6.623213	-3.294422
-6.824097	-3.303898
-7.025928	-3.327903
-7.228707	-3.394548
-7.421378	-3.499096
-7.622577	-3.618173
-7.823777	-3.643126
-8.024029	-3.645653
-8.222701	-3.659550
-8.426427	-3.798526
-8.614361	-3.913813
-8.822824	-3.958980
-9.016443	-3.964982
-9.223644	-3.963718
-9.360724	-4.011096
-9.336720	-4.088165
-9.318400	-4.127963
-9.358829	-4.097324
-9.403365	-4.040787
-9.415368	-3.999094
-9.339562	-4.047420
-9.219853	-4.090376
-9.023708	-4.001936
-8.821245	-3.896441
-8.624152	-3.786524
-8.424848	-3.749569
-8.223017	-3.771994
-8.025291	-3.743567
-7.821250	-3.642178
-7.617839	-3.528155
-7.422009	-3.434030
-7.226496	-3.427081
-7.026244	-3.420132
-6.826308	-3.368964
-6.624793	-3.241675
-6.422646	-3.129862
-6.224921	-3.089749
-6.020563	-3.096066
-5.824733	-3.056900
-5.629219	-2.968460
-5.424230	-2.859175
-5.223662	-2.753047
-5.018988	-2.760628
-4.817789	-2.742309
-4.624802	-2.668399
-4.423918	-2.565114
-4.220824	-2.445089
-4.021835	-2.415715
-3.821584	-2.383498
-3.621648	-2.335488
-3.424554	-2.247680
-3.224934	-2.151345
-3.023419	-2.067959
-2.821588	-2.025950
-2.619125	-1.991522
-2.413188	-1.917612
-2.217042	-1.833911
-2.025635	-1.722414
-1.820013	-1.659243
-1.624183	-1.612181
-1.420773	-1.523742
-1.222416	-1.434671
-1.022165	-1.284324
-0.826335	-1.106814
-0.625135	-0.947307
-0.426463	-0.781483
-0.220526	-0.569229
-0.019958	-0.355711
0.186951	-0.160829
0.372381	-0.027854
0.574554	0.109872
0.777043	0.193585
0.981427	0.223595
1.179493	0.235599
1.385457	0.231492
1.571519	0.263713
1.782221	0.289933
1.979024	0.303516
2.176774	0.303832
2.380211	0.292460
2.582068	0.297830
2.780766	0.334474
2.978516	0.371749
3.173739	0.364484
3.376860	0.362588
3.578401	0.334474
3.783417	0.349321
3.979904	0.388492
4.174180	0.398600
4.374141	0.379015
4.574103	0.364800
4.773748	0.361641
4.977817	0.389439
5.185676	0.411552
5.374265	0.415659
5.578649	0.391651
5.773872	0.370802
5.985838	0.387228
6.179798	0.435244
6.375337	0.443458
6.580669	0.422924
6.774944	0.389124
6.976801	0.399548
7.180238	0.441246
7.376409	0.457041
7.577002	0.458621
7.780123	0.424188
7.972503	0.397969
8.176255	0.422293
8.375585	0.457673
8.578390	0.466518
8.776456	0.449775
8.982103	0.412816
9.182697	0.411236
9.371602	0.459252
9.575987	0.478206
9.777528	0.475363
9.980332	0.449144
9.775316	0.424188
9.578514	0.446932
9.373498	0.472204
9.173852	0.463359
8.975786	0.451355
8.776140	0.418818
8.576494	0.413132
8.376848	0.444405
8.174992	0.462095
7.979453	0.444089
7.777911	0.421661
7.578897	0.397337
7.384622	0.395126
7.178342	0.445669
6.975853	0.453250
6.777787	0.428295
6.578773	0.397337
6.379444	0.409341
6.176639	0.411552
5.982363	0.429242
5.777663	0.421977
5.572963	0.390387
5.374581	0.356902
5.178726	0.379331
4.978133	0.407446
4.774380	0.400812
4.575682	0.391967
4.373825	0.361957
4.178918	0.343951
3.976745	0.366063
3.777415	0.386596
3.579981	0.374592
3.376860	0.340792
3.172476	0.321838
2.975041	0.323417
2.781082	0.356271
2.577013	0.345214
2.379895	0.317731
2.178670	0.279824
1.974601	0.270979
1.775587	0.276349
1.572467	0.280140
1.380403	0.268452
1.182652	0.221067
0.978584	0.197691
0.783677	0.165470
0.575502	0.105766
0.380594	-0.033856
0.179369	-0.197784
-0.020590	-0.377821
-0.221789	-0.575546
-0.423936	-0.790327
-0.624820	-1.002898
-0.827914	-1.185777
-1.020269	-1.283060
-1.219574	-1.393610
-1.415403	-1.526268
-1.625131	-1.622604
-1.824119	-1.712623
-2.025319	-1.775478
-2.226202	-1.814012
-2.414451	-1.877815
-2.627022	-1.975414
-2.825063	-2.064801
-3.022471	-2.137447
-3.225882	-2.163663
-3.426450	-2.187984
-3.619121	-2.281477
-3.824426	-2.401501
-4.022467	-2.480781
-4.222403	-2.537635
-4.423918	-2.531949
-4.624802	-2.580907
-4.822211	-2.684823
-5.021831	-2.813692
-5.213554	-2.882548
-5.420755	-2.885391
-5.627956	-2.888549
-5.824733	-2.960248
-6.023090	-3.104909
-6.218920	-3.195876
-6.413170	-3.239464
-6.617212	-3.205035
-6.824728	-3.232831
-7.024664	-3.365805
-7.229023	-3.499728
-7.421378	-3.539526
-7.620682	-3.564478
-7.822829	-3.530997
-8.024976	-3.621016
-8.223648	-3.784629
-8.428638	-3.883807
-8.621942	-3.901811
-8.825036	-3.865487
-9.028446	-3.861065
-9.225539	-4.011412
-9.289973	-4.112802
-9.304187	-4.127331
-9.366095	-4.081532
-9.458324	-3.999094
-9.428318	-4.006674
-9.337352	-4.086901
-9.279235	-4.124488
-9.217011	-4.075847
-9.025919	-3.918867
-8.818087	-3.811476
-8.615624	-3.825690
-8.425796	-3.866751
-8.215120	-3.815266
-8.023396	-3.688609
-7.821566	-3.539526
-7.619103	-3.490252
-7.418220	-3.533840
-7.227443	-3.500044
-7.024981	-3.419816
-6.823781	-3.267890
-6.627951	-3.172818
-6.422330	-3.174397
-6.221762	-3.162395
-6.024037	-3.117544
-5.827576	-3.013312
-5.622271	-2.889812
-5.416965	-2.851594
-5.222714	-2.841487
-5.021199	-2.808006
-4.818737	-2.708828
-4.626697	-2.608386
-4.423286	-2.513946
-4.221456	-2.490888
-4.020888	-2.475727
-3.819373	-2.411293
-3.620384	-2.305166
-3.426134	-2.185773
-3.222723	-2.145028
-3.023103	-2.117864
-2.821272	-2.073328
-2.620704	-1.978256
-2.423295	-1.877183
-2.228097	-1.796324
-2.019949	-1.754947
-1.822540	-1.702515
-1.623868	-1.627974
-1.422352	-1.506685
-1.220521	-1.407507
-1.020585	-1.284956
-0.823808	-1.169353
-0.625451	-0.994369
-0.420462	-0.790327
-0.221157	-0.568282
-0.020590	-0.359818
0.181265	-0.174095
0.373961	-0.022169
0.574238	0.104186
0.777043	0.182844
0.975425	0.206852
1.177282	0.229281
1.379139	0.256132
1.574994	0.292144
1.774008	0.291196
1.975549	0.286142
2.177090	0.288037
2.381790	0.306991
2.576066	0.326892
2.779818	0.348689
2.974094	0.334790
3.176583	0.330683
3.384442	0.343635
3.579665	0.369222
3.777731	0.384069
3.981168	0.381858
4.174495	0.362588
4.379827	0.362588
4.576314	0.383437
4.777855	0.396073
4.976553	0.409341
5.185360	0.388176
5.375844	0.379331
5.580544	0.385965
5.777031	0.409341
5.980784	0.426715
6.186748	0.415659
6.380391	0.409973
6.578142	0.415027
6.775260	0.430822
6.978065	0.449775
7.177079	0.449775
7.378304	0.427979
7.580793	0.419765
7.777911	0.443773
7.975030	0.444405
8.171833	0.451039
8.375585	0.441246
8.577127	0.422924
8.783405	0.436508
8.981472	0.452934
9.176695	0.452303
9.374129	0.455462
9.577250	0.435244
9.777212	0.446932
9.974647	0.457357
9.775632	0.463675
9.577566	0.463359
9.370971	0.450407
9.172904	0.434297
8.979260	0.439351
8.775192	0.458936
8.576810	0.448828
8.373058	0.446301
8.174992	0.428926
7.973766	0.433349
7.781070	0.433349
7.587111	0.429874
7.378304	0.425452
7.184029	0.418818
6.976485	0.413448
6.775576	0.423556
6.589829	0.421661
6.381339	0.418818
6.174112	0.429242
5.978257	0.399864
5.776084	0.420713
5.575174	0.413763
5.371738	0.401128
5.178726	0.396705
4.974342	0.379647
4.774696	0.388176
4.575366	0.383753
4.374773	0.388176
4.182709	0.368590
3.976429	0.364800
3.777731	0.356902
3.584719	0.356586
3.377808	0.361009
3.172160	0.355955
2.974094	0.341739
2.779502	0.330683
2.576698	0.318363
2.378000	0.318047
2.182460	0.303832
1.973338	0.292144
1.775272	0.278244
1.574046	0.269083
1.377244	0.255184
1.177282	0.243812
0.977952	0.218540
0.778622	0.174315
0.577081	0.087128
0.373961	-0.024064
0.182528	-0.170305
-0.021221	-0.350658
-0.222105	-0.555963
-0.423304	-0.748319
-0.618502	-0.941622
-0.826335	-1.144716
-1.013952	-1.305802
-1.216731	-1.422984
-1.422036	-1.497210
-1.624183	-1.590071
-1.824119	-1.676615
-2.025635	-1.775478
-2.212620	-1.849388
-2.419821	-1.900240
-2.624495	-1.957094
-2.826957	-2.019001
-3.024998	-2.115021
-3.218933	-2.196196
-3.428976	-2.241363
-3.621016	-2.293795
-3.820004	-2.341489
-4.023730	-2.440667
-4.224614	-2.538898
-4.423602	-2.589119
-4.629855	-2.624811
-4.819052	-2.676295
-5.021199	-2.739782
-5.223346	-2.833906
-5.425809	-2.930558
-5.619743	-2.953299
-5.821259	-2.987096
-6.024669	-3.029736
-6.219867	-3.132705
-6.423277	-3.235673
-6.626688	-3.290948
-6.824413	-3.309899
-7.024664	-3.335483
-7.229338	-3.399602
-7.420430	-3.517416
-7.617839	-3.601117
-7.823145	-3.623227
-8.015817	-3.654496
-8.224596	-3.682923
-8.426111	-3.790946
-8.620994	-3.913497
-8.819982	-3.965297
-9.023393	-3.955190
-9.227434	-3.965297
-9.356303	-4.019309
-9.340510	-4.084059
-9.324718	-4.121014
-9.367042	-4.089428
-9.413789	-4.029732
-9.411262	-4.004148
-9.333562	-4.051210
-9.218906	-4.087533
-9.018023	-4.029100
-8.821561	-3.901811
-8.619414	-3.785892
-8.424532	-3.754938
-8.227439	-3.767572
-8.021502	-3.743883
-7.819986	-3.634282
-7.625104	-3.511730
-7.412534	-3.443190
-7.227128	-3.435925
-7.023085	-3.429608
-6.821254	-3.344959
-6.625109	-3.240095
-6.424857	-3.121018
-6.222078	-3.090696
-6.023406	-3.076483
-5.829471	-3.055320
-5.622902	-2.964986
-5.422019	-2.856016
-5.221451	-2.762207
-5.023094	-2.759365
-4.820316	-2.739150
-4.626381	-2.673452
-4.418865	-2.543636
-4.224298	-2.462461
-4.024362	-2.408134
-3.823479	-2.378444
-3.619752	-2.338646
-3.425818	-2.247365
-3.226198	-2.142185
-3.023419	-2.064485
-2.827905	-2.025950
-2.620073	-1.994681
-2.415715	-1.926140
-2.229361	-1.819697
-2.024055	-1.719571
-1.825699	-1.665560
-1.621972	-1.611865
-1.425195	-1.531954
-1.219258	-1.420773
-1.019322	-1.261266
-0.826335	-1.115658
-0.626083	-0.956783
-0.423936	-0.775798
-0.216735	-0.579021
-0.021853	-0.356659
0.180633	-0.169989
0.374908	-0.011114
0.575502	0.105450
0.780834	0.180949
0.977320	0.228333
1.181073	0.228017
1.376928	0.231808
1.572151	0.266240
1.782221	0.284878
1.975549	0.308254
2.178986	0.298778
2.385897	0.283615
2.578277	0.306991
2.779186	0.339844
2.981359	0.357534
3.174055	0.361325
3.377492	0.343003
3.579349	0.333210
3.787524	0.347425
3.977061	0.388808
4.173232	0.394810
4.374773	0.369854
4.572523	0.360693
4.778171	0.372065
4.974658	0.393230
5.178726	0.423556
5.375529	0.413132
5.584967	0.384701
5.776400	0.376488
5.980468	0.397969
6.177587	0.436508
6.380391	0.441878
6.582564	0.421977
6.776208	0.395442
6.971115	0.406814
7.182449	0.434297
7.380515	0.459884
7.579213	0.447880
7.778859	0.415659
7.975346	0.401444
8.176255	0.431138
8.377165	0.450407
8.576179	0.462727
8.780247	0.437456
8.990949	0.399548
9.170693	0.423872
9.372234	0.459252
9.574723	0.484524
9.776896	0.471572
9.974330	0.439667
9.775316	0.440930
9.575355	0.447880
9.372866	0.476942
9.184277	0.470625
8.982736	0.443142
8.772665	0.422608
8.579337	0.421661
8.378112	0.442510
8.174676	0.455146
7.975030	0.451987
7.783282	0.410920
7.578266	0.396705
7.375145	0.417554
7.176763	0.438719
6.977433	0.455146
6.781578	0.423240
6.580669	0.394494
6.378496	0.391967
6.178850	0.418818
5.979204	0.439035
5.776716	0.418818
5.577386	0.386912
5.374581	0.363852
5.191362	0.372697
4.974658	0.405550
4.776907	0.408709
4.575366	0.383122
4.371614	0.343951
4.173863	0.347741
3.978956	0.368906
3.784049	0.380910
3.577453	0.374908
3.377176	0.345530
3.175635	0.310466
2.975041	0.331947
2.779502	0.341108
2.577961	0.338896
2.375472	0.311098
2.179617	0.287089
1.974601	0.266872
1.770217	0.282983
1.573415	0.286458
1.381034	0.264661
1.175387	0.221067
0.979848	0.192953
0.774516	0.162943
0.579292	0.104502
0.373013	-0.022801
0.180317	-0.183255
-0.020590	-0.372768
-0.223684	-0.560385
-0.417935	-0.772008
-0.622924	-0.994685
-0.825387	-1.173143
-1.021217	-1.285587
-1.222416	-1.378764
-1.427090	-1.518688
-1.624183	-1.611865
-1.822540	-1.710096
-2.015527	-1.769161
-2.224307	-1.805168
-2.415715	-1.867076
-2.624495	-1.975729
-2.824431	-2.067959
-3.017418	-2.140290
-3.226198	-2.153556
-3.426134	-2.183562
-3.621332	-2.281793
-3.823163	-2.401186
-4.025941	-2.485835
-4.224298	-2.520263
-4.416337	-2.537003
-4.626065	-2.582170
-4.820632	-2.708828
-5.009512	-2.827589
-5.226505	-2.864228
-5.422334	-2.871177
-5.622586	-2.886654
-5.832630	-2.976357
-6.016457	-3.115649
-6.223026	-3.198718
-6.418856	-3.216722
-6.625424	-3.201877
-6.825045	-3.253361
-7.021190	-3.393601
-7.221126	-3.515521
-7.419167	-3.545842
-7.621630	-3.542368
-7.820618	-3.531313
-8.024976	-3.642178
-8.226175	-3.789682
-8.427375	-3.874331
-8.613097	-3.892019
-8.819350	-3.856643
-9.019286	-3.865487
-9.222381	-4.033522
-9.277971	-4.121961
-9.307978	-4.124804
-9.377150	-4.068266
-9.461166	-3.991829
-9.417894	-4.013307
-9.324402	-4.095114
-9.276076	-4.127646
-9.223644	-4.067634
-9.020550	-3.896441
-8.822193	-3.819688
-8.619414	-3.855380
-8.426111	-3.865803
-8.224280	-3.800105
-8.021502	-3.660182
-7.821881	-3.525628
-7.620998	-3.506676
-7.422957	-3.536999
-7.226180	-3.508572
-7.025296	-3.410657
-6.824097	-3.262837
-6.619739	-3.182926
-6.421067	-3.190822
-6.224289	-3.181031
-6.016773	-3.125124
-5.827892	-3.012048
-5.624797	-2.879389
-5.419176	-2.850015
-5.222083	-2.853805
-5.017409	-2.814955
-4.821895	-2.727463
-4.626065	-2.598911
-4.412231	-2.516788
-4.218928	-2.500048
-4.024046	-2.468778
-3.820636	-2.413188
-3.619437	-2.311483
-3.426450	-2.192090
-3.216722	-2.138710
-3.022156	-2.121654
-2.821904	-2.052798
-2.620389	-1.981415
-2.421400	-1.875288
-2.224623	-1.785901
-2.025950	-1.744840
-1.821908	-1.706621
-1.627974	-1.627342
-1.418878	-1.520583
-1.221153	-1.390767
-1.022796	-1.272953
-0.824124	-1.159245
-0.626083	-0.991527
-0.424252	-0.787485
-0.221473	-0.564175
-0.020590	-0.355396
0.181265	-0.166199
0.374908	-0.011746
0.574554	0.119981
0.774516	0.181265
0.978900	0.210643
1.181073	0.232124
1.379771	0.259607
1.575626	0.284246
1.772113	0.302568
1.976497	0.283615
2.174247	0.277929
2.387161	0.307939
2.582384	0.340792
2.776659	0.355007
2.973146	0.347425
3.176898	0.328788
3.375912	0.331631
3.581560	0.356271
3.777099	0.385017
3.979272	0.388492
4.175443	0.379647
4.370034	0.355639
4.575998	0.378067
4.776907	0.397653
4.976869	0.415659
5.184728	0.415027
5.373949	0.383437
5.578965	0.384701
5.775768	0.417870
5.978257	0.432717
6.178850	0.422293
6.380391	0.408077
6.581932	0.410604
6.778735	0.403971
6.975538	0.451039
7.176763	0.453250
7.387149	0.426399
7.578897	0.413763
7.778543	0.438403
7.975030	0.440930
8.173728	0.463675
8.374953	0.458305
8.577758	0.429558
8.784669	0.417238
8.979260	0.436824
9.180801	0.453882
9.372550	0.485788
9.575987	0.459884
9.776580	0.441562
9.976542	0.442510
9.773106	0.462095
9.574723	0.477258
9.375393	0.478206
9.169430	0.431769
8.977681	0.428926
8.777404	0.442194
8.576494	0.455777
8.375901	0.454198
8.176255	0.432717
7.975030	0.413763
7.783597	0.425136
7.588690	0.427031
7.375777	0.441246
7.175183	0.442510
6.978065	0.403971
6.777155	0.410289
6.580669	0.424504
6.378812	0.445985
6.177587	0.433033
5.982363	0.396389
5.775136	0.396705
5.574859	0.421661
5.374265	0.405550
5.176199	0.406498
4.978448	0.389124
4.781962	0.369222
4.573471	0.375224
4.380143	0.371118
4.172284	0.379015
3.978324	0.378067
3.779942	0.355955
3.575874	0.344898
3.374965	0.354691
3.176583	0.349321
2.972514	0.347741
2.778239	0.328472
2.581752	0.313625
2.374525	0.314572
2.179617	0.300041
1.969231	0.297198
1.773060	0.286142
1.573099	0.265924
1.379455	0.252025
1.175387	0.238442
0.978900	0.240653
0.776727	0.174315
0.576449	0.084601
0.375540	-0.035435
0.174315	-0.186413
-0.016800	-0.378137
-0.219578	-0.555647
-0.424884	-0.777061
-0.625451	-0.956151
-0.828862	-1.140294
-1.020269	-1.278954
-1.221153	-1.422984
-1.427090	-1.521215
-1.623868	-1.600494
-1.821277	-1.682616
-2.026266	-1.765370
-2.226518	-1.835174
-2.418874	-1.913190
-2.620073	-1.964990
-2.823799	-2.020897
-3.021208	-2.099860
-3.224303	-2.184825
-3.428029	-2.244206
-3.620068	-2.301060
-3.824426	-2.354755
-4.023099	-2.428033
-4.222719	-2.529423
-4.427392	-2.584697
-4.628592	-2.633023
-4.815262	-2.693667
-5.020252	-2.747994
-5.223978	-2.842750
-5.428020	-2.892971
-5.627640	-2.960880
-5.818732	-3.014259
-6.026564	-3.039212
-6.221447	-3.133968
-6.422962	-3.225882
-6.617844	-3.284947
-6.827571	-3.302950
-7.025612	-3.336115
-7.223969	-3.396759
-7.422009	-3.517416
-7.622262	-3.598274
-7.825040	-3.624806
-8.027187	-3.651338
-8.222385	-3.683555
-8.423901	-3.805475
-8.618466	-3.892651
-8.823140	-3.946346
-9.015812	-3.968772
-9.217958	-3.997514
-9.349986	-4.032259
-9.336088	-4.086270
-9.331666	-4.114381
-9.379360	-4.079321
-9.400522	-4.045840
-9.398312	-4.019309
-9.339562	-4.048367
-9.222381	-4.075847
-9.020234	-4.000041
-8.819666	-3.900863
-8.622889	-3.794736
-8.425480	-3.757781
-8.222385	-3.774837
-8.025608	-3.730933
-7.822513	-3.621648
-7.621630	-3.524049
-7.416956	-3.446033
-7.227759	-3.434662
-7.026560	-3.425502
-6.824728	-3.340853
-6.623529	-3.241359
-6.422962	-3.145971
-6.217972	-3.104909
-6.020879	-3.093855
-5.827576	-3.052478
-5.626377	-2.951088
-5.422334	-2.850331
-5.222398	-2.782106
-5.020883	-2.760312
-4.816209	-2.738834
-4.624486	-2.655133
-4.413495	-2.562271
-4.225877	-2.471305
-4.023415	-2.411925
-3.817162	-2.386024
-3.618489	-2.334224
-3.430240	-2.236941
-3.226198	-2.133973
-3.022471	-2.067327
-2.814955	-2.035742
-2.624179	-1.986469
-2.418874	-1.908768
-2.229045	-1.817486
-2.025635	-1.724941
-1.822540	-1.668087
-1.617866	-1.621025
-1.420457	-1.541745
-1.217047	-1.434671
-1.017427	-1.283060
-0.826019	-1.111551
-0.624188	-0.954256
-0.416987	-0.767270
-0.227159	-0.560385
-0.021537	-0.353500
0.181265	-0.169357
0.373013	-0.025959
0.575502	0.110504
0.779254	0.185371
0.978584	0.217908
1.173175	0.233703
1.379139	0.240021
1.575626	0.267504
1.777167	0.288985
1.973338	0.318047
2.182145	0.293407
2.379579	0.288353
2.574486	0.309834
2.779502	0.338264
2.973146	0.357534
3.175003	0.355955
3.377492	0.342371
3.584403	0.336369
3.777731	0.363536
3.979904	0.386596
4.172600	0.409341
4.375089	0.379331
4.574735	0.373645
4.778171	0.363852
4.976237	0.399548
5.180937	0.414395
5.375213	0.408709
5.578649	0.384069
5.775136	0.382174
5.981100	0.406498
6.176955	0.437140
6.381971	0.457989
6.580037	0.421977
6.775892	0.393546
6.977749	0.401444
7.181501	0.434928
7.374829	0.468729
7.576686	0.444089
7.781386	0.413448
7.973451	0.403655
8.174676	0.431454
8.380008	0.450091
8.576810	0.462095
8.782458	0.434928
8.978312	0.409341
9.172588	0.429558
9.376025	0.458936
9.578514	0.469993
9.776264	0.468729
9.978437	0.441562
9.775632	0.420713
9.576303	0.444721
9.377289	0.474099
9.175116	0.468413
8.974523	0.456409
8.776140	0.418186
8.578390	0.415659
8.379375	0.454198
8.172464	0.460516
7.974714	0.445985
7.781386	0.405550
7.577002	0.396705
7.379883	0.421977
7.183081	0.427347
6.974274	0.452303
6.782210	0.421977
6.581616	0.390387
6.378812	0.397021
6.179166	0.425452
5.974466	0.441878
5.777031	0.418186
5.576122	0.386596
5.375213	0.375540
5.180305	0.383753
4.983503	0.401128
4.778487	0.404918
4.575998	0.386596
4.378880	0.338580
4.171968	0.353112
3.981799	0.371749
3.779310	0.387228
3.584087	0.378383
3.376228	0.343951
3.174687	0.333210
2.976937	0.323417
2.787084	0.339528
2.578593	0.344582
2.375472	0.311413
2.173931	0.283615
1.976497	0.270663
1.773060	0.284562
1.572151	0.295619
1.377560	0.260870
1.179177	0.225806
0.980479	0.200534
0.777675	0.178106
0.576134	0.100395
0.379963	-0.019326
0.180001	-0.185466
-0.022169	-0.369609
-0.221789	-0.561017
-0.423304	-0.779588
-0.626399	-0.992474
-0.825387	-1.144084
-1.015216	-1.286219
-1.219890	-1.375922
-1.421721	-1.522162
-1.615971	-1.627342
-1.820013	-1.718308
-2.025003	-1.760001
-2.227466	-1.800746
-2.420137	-1.867391
-2.614703	-1.982362
-2.823167	-2.076171
-3.024367	-2.115653
-3.225566	-2.147554
-3.430871	-2.196828
-3.618805	-2.300428
-3.822531	-2.404028
-4.023730	-2.478570
-4.223035	-2.504470
-4.424234	-2.521842
-4.623854	-2.593225
-4.820316	-2.719883
-5.019304	-2.827589
-5.221767	-2.860754
-5.423282	-2.864228
-5.624797	-2.883180
-5.823786	-2.997203
-6.023090	-3.115017
-6.214814	-3.195244
-6.425173	-3.199034
-6.625109	-3.185768
-6.823465	-3.250834
-7.026875	-3.398023
-7.221126	-3.513309
-7.425168	-3.542368
-7.620366	-3.532261
-7.809563	-3.533840
-8.027187	-3.658918
-8.225227	-3.796947
-8.423268	-3.868014
-8.616571	-3.868014
-8.816823	-3.833586
-9.024655	-3.873068
-9.223644	-4.056263
-9.277339	-4.125751
-9.324086	-4.111538
-9.400207	-4.044893
-9.464325	-3.991513
-9.399575	-4.032890
-9.312083	-4.112485
-9.276708	-4.128278
-9.223329	-4.040155
-9.024024	-3.892967
-8.823772	-3.833902
-8.621625	-3.871489
-8.426427	-3.856328
-8.225860	-3.795052
-8.021502	-3.650706
-7.817144	-3.531313
-7.622262	-3.530997
-7.419799	-3.549633
-7.226496	-3.498464
-7.025296	-3.393601
-6.824413	-3.254625
-6.622898	-3.192086
-6.425804	-3.204720
-6.218604	-3.197455
-6.020563	-3.110595
-5.825996	-2.991834
-5.625429	-2.871809
-5.418544	-2.863913
-5.223030	-2.866123
-5.020252	-2.813692
-4.815578	-2.722094
-4.627328	-2.587540
-4.424550	-2.502891
-4.226825	-2.508576
-4.026889	-2.474464
-3.822531	-2.407503
-3.619752	-2.275160
-3.425818	-2.184509
-3.223355	-2.149134
-3.024051	-2.125129
-2.821904	-2.067327
-2.621652	-1.980467
-2.418558	-1.867391
-2.221464	-1.791270
-2.028793	-1.746103
-1.823172	-1.709148
-1.622288	-1.621972
-1.425511	-1.513634
-1.219574	-1.378448
-1.019006	-1.268847
-0.826019	-1.156403
-0.624820	-0.971312
-0.424568	-0.774850
-0.222421	-0.533538
-0.020274	-0.351289
0.175894	-0.183887
0.373645	-0.017431
0.575818	0.106713
0.782729	0.164522
0.974477	0.205904
1.177598	0.253289
1.379455	0.264661
1.575626	0.288353
1.773376	0.293091
1.975549	0.281719
2.178986	0.280772
2.379263	0.293407
2.578277	0.339212
2.780450	0.354059
2.978832	0.337949
3.175319	0.329104
3.384126	0.327208
3.573347	0.368906
3.778363	0.395126
3.980536	0.388492
4.176075	0.362588
4.374773	0.361957
4.579473	0.373329
4.775644	0.408393
4.978448	0.416922
5.178410	0.408393
5.375213	0.375224
5.577386	0.379963
5.777347	0.411868
5.979520	0.440615
6.179798	0.432085
6.380391	0.402707
6.580985	0.391335
6.771470	0.413448
6.976485	0.446301
7.177395	0.457673
7.374829	0.435876
7.577950	0.409973
7.779807	0.410920
7.972503	0.441562
8.176571	0.462095
8.375901	0.454830
8.587234	0.427031
8.777404	0.414711
8.980840	0.440615
9.175748	0.468729
9.376341	0.479786
9.574408	0.451039
9.774685	0.438719
9.984439	0.435876
9.772158	0.489262
9.575355	0.486735
9.372550	0.467782
9.174168	0.430506
8.981156	0.422608
8.778983	0.432401
8.573967	0.459884
8.374638	0.480101
8.174359	0.433349
7.976609	0.404602
7.778227	0.420081
7.581425	0.437140
7.376093	0.447880
7.181501	0.431138
6.974906	0.410920
6.775260	0.408077
6.581932	0.418502
6.378812	0.436192
6.177902	0.436824
5.985522	0.401444
5.775136	0.388492
5.572647	0.391651
5.372370	0.417870
5.182201	0.406814
4.977817	0.388808
4.781646	0.366379
4.576630	0.361009
4.376036	0.373329
4.172916	0.394810
3.978324	0.393230
3.780258	0.358166
3.579033	0.349321
3.374649	0.342687
3.184480	0.348373
2.975673	0.350584
2.780134	0.336053
2.580173	0.300673
2.376420	0.303516
2.183408	0.304464
1.973022	0.294987
1.773060	0.292144
1.572783	0.264345
1.378823	0.243180
1.175703	0.234967
0.975109	0.221699
0.791890	0.169892
0.573922	0.087760
0.370486	-0.036067
0.177158	-0.182623
-0.021853	-0.369293
-0.222737	-0.564807
-0.423304	-0.786221
-0.624820	-0.951729
-0.824440	-1.154192
-1.021849	-1.302012
-1.221469	-1.429933
-1.419510	-1.519951
-1.621025	-1.602705
-1.825699	-1.678510
-2.026582	-1.756842
-2.221148	-1.840228
-2.419821	-1.909716
-2.624811	-1.969412
-2.824431	-2.028161
-3.024051	-2.106809
-3.225882	-2.178824
-3.426134	-2.240100
-3.622911	-2.314010
-3.816214	-2.356334
-4.022151	-2.426138
-4.224614	-2.504154
-4.429919	-2.581854
-4.628592	-2.637445
-4.820000	-2.699668
-5.018988	-2.745467
-5.221135	-2.842119
-5.426125	-2.903710
-5.621954	-2.966565
-5.823786	-3.010153
-6.020563	-3.048372
-6.221447	-3.124808
-6.422646	-3.215143
-6.624161	-3.270102
-6.824097	-3.293475
-7.029718	-3.348118
-7.224600	-3.397707
-7.418851	-3.518047
-7.625736	-3.585956
-7.818091	-3.631123
-8.026555	-3.662393
-8.225544	-3.703454
-8.425480	-3.795999
-8.611202	-3.897389
-8.823772	-3.938134
-9.022445	-3.963402
-9.218906	-3.998146
-9.345564	-4.033838
-9.342405	-4.084059
-9.343669	-4.101747
-9.379360	-4.081216
-9.385677	-4.052473
-9.383151	-4.035101
-9.327876	-4.060054
-9.224276	-4.068266
-9.021181	-3.995619
-8.820930	-3.899915
-8.619414	-3.824426
-8.426111	-3.775785
-8.217332	-3.774521
-8.028134	-3.721458
-7.824724	-3.612488
-7.621314	-3.530050
-7.421694	-3.459298
-7.218915	-3.453929
-7.025612	-3.413499
-6.824097	-3.330745
-6.623213	-3.249887
-6.421382	-3.151024
-6.222710	-3.120070
-6.021511	-3.094171
-5.827892	-3.050898
-5.627324	-2.951404
-5.423913	-2.857280
-5.222398	-2.793793
-5.024042	-2.761891
-4.816525	-2.742624
-4.626065	-2.651342
-4.420760	-2.559113
-4.211348	-2.471621
-4.023730	-2.423611
-3.823795	-2.392973
-3.618173	-2.333277
-3.427713	-2.236941
-3.217985	-2.149765
-3.022156	-2.078698
-2.826642	-2.033531
-2.618809	-1.984889
-2.419821	-1.910032
-2.221464	-1.826330
-2.029741	-1.731890
-1.820013	-1.673457
-1.621025	-1.615655
-1.420773	-1.524058
-1.224943	-1.415403
-1.021217	-1.278638
-0.821913	-1.121659
-0.626715	-0.951413
-0.418882	-0.764111
-0.227790	-0.552805
-0.020906	-0.342446
0.180001	-0.170937
0.373645	-0.004481
0.575502	0.109240
0.773568	0.203377
0.977636	0.225490
1.182020	0.227385
1.379139	0.243180
1.574046	0.273822
1.774008	0.299725
1.974917	0.305095
2.184040	0.284878
2.376736	0.298146
2.580804	0.329419
2.780450	0.340792
2.977569	0.362588
3.174687	0.355639
3.376228	0.340476
3.577769	0.348689
3.774256	0.369854
3.978009	0.392914
4.177970	0.389124
4.376984	0.366695
4.572523	0.359429
4.778487	0.371118
4.979080	0.400180
5.178726	0.441562
5.374265	0.400496
5.575490	0.382806
5.776084	0.388808
5.976361	0.409341
6.181693	0.440299
6.384182	0.430822
6.580669	0.409973
6.783157	0.392598
6.979329	0.406498
7.176447	0.442510
7.378304	0.467782
7.579213	0.438087
7.777911	0.414711
7.975662	0.407446
8.174992	0.438087
8.375269	0.464623
8.578074	0.449775
8.779931	0.431769
8.985579	0.410289
9.173221	0.422293
9.375393	0.462727
9.575039	0.488631
9.776580	0.457673
9.977174	0.436508
9.777212	0.437771
9.570932	0.452303
9.381395	0.474415
9.174800	0.465254
8.975786	0.436824
8.775825	0.410604
8.578390	0.415659
8.376217	0.461780
8.174359	0.460200
7.975346	0.447880
7.782966	0.405550
7.579213	0.392283
7.375461	0.432085
7.178342	0.441878
6.975538	0.445353
6.773365	0.415659
6.579089	0.390387
6.379759	0.404287
6.177270	0.433349
5.976046	0.445037
5.776400	0.415027
5.576122	0.380910
5.372370	0.367643
5.183780	0.393230
4.979396	0.411868
4.778171	0.398285
4.583895	0.362588
4.375089	0.351532
4.174180	0.355955
3.977693	0.384701
3.784997	0.389124
3.579981	0.367643
3.380335	0.336053
3.176583	0.321522
2.985150	0.325945
2.778555	0.345846
2.584595	0.340476
2.376420	0.310466
2.172668	0.286458
1.974601	0.277297
1.773060	0.290880
1.574362	0.297198
1.380403	0.255816
1.175071	0.236862
0.980479	0.201482
0.775463	0.173999
0.570763	0.107345
0.372381	-0.029118
0.180001	-0.186098
-0.022801	-0.366451
-0.222421	-0.559122
-0.421725	-0.785905
-0.628294	-0.996265
-0.826966	-1.167142
-1.017111	-1.291904
-1.220521	-1.405928
-1.422036	-1.525953
-1.618182	-1.635238
-1.827594	-1.711043
-2.025950	-1.752420
-2.223675	-1.794745
-2.414767	-1.883816
-2.621652	-1.993733
-2.821904	-2.069222
-3.022471	-2.123234
-3.217038	-2.153240
-3.426134	-2.193353
-3.624806	-2.308956
-3.824426	-2.411609
-4.022783	-2.470989
-4.224930	-2.502259
-4.423602	-2.514893
-4.627645	-2.606491
-4.820000	-2.735991
-5.019936	-2.815271
-5.221135	-2.856964
-5.427388	-2.845593
-5.625745	-2.872125
-5.824733	-3.011417
-6.020563	-3.124808
-6.209444	-3.195876
-6.425173	-3.185137
-6.623213	-3.180715
-6.828203	-3.271681
-7.025612	-3.414447
-7.224285	-3.514889
-7.423273	-3.508256
-7.620366	-3.513625
-7.823777	-3.531945
-8.025608	-3.667131
-8.222385	-3.809897
-8.430849	-3.863908
-8.620994	-3.854748
-8.818719	-3.831375
-9.019602	-3.915708
-9.222696	-4.073951
-9.278603	-4.124804
-9.322823	-4.107116
-9.414420	-4.033206
-9.456113	-3.991513
-9.385046	-4.050578
-9.312083	-4.113749
-9.283656	-4.116276
-9.226487	-4.028784
-9.021813	-3.874647
-8.822509	-3.847168
-8.619099	-3.885702
-8.424848	-3.885386
-8.226175	-3.785576
-8.023396	-3.630491
-7.819039	-3.532261
-7.621630	-3.541105
-7.422009	-3.539526
-7.226811	-3.491515
-7.027507	-3.374018
-6.827571	-3.234726
-6.616896	-3.190190
-6.421698	-3.214195
-6.225553	-3.194612
-6.021194	-3.102383
-5.825681	-2.960880
-5.624166	-2.877810
-5.415386	-2.874967
-5.221135	-2.868335
-5.016461	-2.800742
-4.820316	-2.707249
-4.620696	-2.580591
-4.422023	-2.529738
-4.225562	-2.513630
-4.021835	-2.484571
-3.812740	-2.402133
-3.622911	-2.281793
-3.428344	-2.168717
-3.226198	-2.151029
-3.018681	-2.137447
-2.825694	-2.070486
-2.622600	-1.972571
-2.420137	-1.844334
-2.226202	-1.804220
-2.024687	-1.764423
-1.822224	-1.712623
-1.622288	-1.621657
-1.422984	-1.514582
-1.215468	-1.399927
-1.023112	-1.282429
-0.824124	-1.169353
-0.624504	-1.000055
-0.422673	-0.786221
-0.223684	-0.554700
-0.021537	-0.362344
0.179369	-0.175043
0.375540	-0.020274
0.578345	0.107977
0.777991	0.178737
0.974477	0.224226
1.177914	0.231808
1.385457	0.265924
1.572783	0.291512
1.770217	0.289301
1.972390	0.278876
2.179617	0.275085
2.382738	0.307623
2.583015	0.345214
2.780134	0.350584
2.976621	0.330999
3.177530	0.320890
3.376228	0.331315
3.577769	0.374908
3.779942	0.392283
3.976745	0.385017
4.176075	0.361325
4.376352	0.350584
4.578209	0.380910
4.776591	0.405550
4.977185	0.411868
5.187571	0.386281
5.373317	0.369854
5.572963	0.383122
5.781454	0.408393
5.974466	0.437771
6.179798	0.430190
6.385446	0.399232
6.580353	0.396389
6.772101	0.440299
6.974274	0.448828
7.177079	0.454198
7.387465	0.414395
7.574791	0.407130
7.782650	0.414395
7.976609	0.452303
8.175623	0.469993
8.374953	0.450407
8.578706	0.420081
8.778983	0.406814
8.978312	0.443142
9.181118	0.468729
9.376341	0.473783
9.583884	0.456725
9.776264	0.432717
9.972435	0.446617
9.780686	0.469361
9.577566	0.480733
9.371602	0.465254
9.173221	0.433981
8.978629	0.436508
8.775508	0.447880
8.577758	0.476627
8.378428	0.459568
8.174359	0.430190
7.981664	0.398285
7.779807	0.424188
7.580161	0.433981
7.379251	0.445353
7.177079	0.447880
6.976801	0.408709
6.779051	0.397337
6.575930	0.428926
6.382287	0.453250
6.172848	0.428926
5.979204	0.401444
5.776716	0.379647
5.576122	0.392283
5.373317	0.406182
5.183148	0.412816
4.975921	0.399232
4.778171	0.370802
4.576946	0.370170
4.379511	0.373329
4.175127	0.389755
3.981799	0.377435
3.775836	0.361957
3.579665	0.343319
3.372753	0.349637
3.175635	0.353743
2.975041	0.354691
2.778555	0.335737
2.577961	0.313941
2.375472	0.300673
2.174563	0.308570
1.975549	0.301937
1.775903	0.287721
1.579417	0.254868
1.376928	0.248234
1.178861	0.234651
0.982059	0.216645
0.781465	0.177790
0.576765	0.092498
0.373645	-0.027539
0.184108	-0.179465
-0.021537	-0.370557
-0.225895	-0.570493
-0.415092	-0.779588
-0.625135	-0.967206
-0.825703	-1.147243
-1.020269	-1.303275
-1.218942	-1.432460
-1.422984	-1.530059
-1.617235	-1.602389
-1.828225	-1.682932
-2.018370	-1.764423
-2.225255	-1.835806
-2.407819	-1.917928
-2.620073	-1.962464
-2.824431	-2.028477
-3.026262	-2.097018
-3.224934	-2.179456
-3.430556	-2.245153
-3.620700	-2.305166
-3.814319	-2.368337
-4.022783	-2.432771
-4.224614	-2.511103
-4.429604	-2.579328
-4.624802	-2.647552
-4.821895	-2.687034
-5.024990	-2.749257
-5.223346	-2.836433
-5.423282	-2.915713
-5.617217	-2.945719
-5.825365	-3.012996
-6.021826	-3.057531
-6.223341	-3.137127
-6.422646	-3.219249
-6.625424	-3.269470
-6.816201	-3.311478
-7.024033	-3.354119
-7.232181	-3.418869
-7.422957	-3.494042
-7.622262	-3.583745
-7.823777	-3.621332
-8.026871	-3.663340
-8.223965	-3.703770
-8.429585	-3.811792
-8.621309	-3.891703
-8.819350	-3.930869
-9.019602	-3.965929
-9.224908	-3.992145
-9.343037	-4.038260
-9.329140	-4.094482
-9.350617	-4.096377
-9.387572	-4.070793
-9.395469	-4.045525
-9.380624	-4.037312
-9.323770	-4.064160
-9.224276	-4.077110
-9.024024	-3.978879
-8.821245	-3.908443
-8.619414	-3.815582
-8.425163	-3.775153
-8.225544	-3.782102
-8.023712	-3.715141
-7.818723	-3.615330
-7.620682	-3.524680
-7.420746	-3.463404
-7.225548	-3.452350
-7.018032	-3.415710
-6.825360	-3.324429
-6.623213	-3.225566
-6.422646	-3.156394
-6.221762	-3.118491
-6.021511	-3.101119
-5.827260	-3.044897
-5.626377	-2.943824
-5.422650	-2.852226
-5.225241	-2.798846
-5.020252	-2.776105
-4.818105	-2.741677
-4.630171	-2.649447
-4.422339	-2.555639
-4.223982	-2.474780
-4.022151	-2.427717
-3.826321	-2.391078
-3.620384	-2.324117
-3.424554	-2.236625
-3.226198	-2.120707
-3.022787	-2.083752
-2.823167	-2.037953
-2.625442	-1.991522
-2.421400	-1.902767
-2.225886	-1.815591
-2.024055	-1.722098
-1.824435	-1.674720
-1.621025	-1.599231
-1.421405	-1.540482
-1.219890	-1.416983
-1.015216	-1.279902
-0.823808	-1.134293
-0.622924	-0.977313
-0.421093	-0.785905
-0.224632	-0.575546
-0.024064	-0.356975
0.180317	-0.173148
0.382174	-0.022801
0.574238	0.111768
0.775147	0.192005
0.979216	0.216329
1.179493	0.227385
1.378191	0.246339
1.574678	0.289933
1.770217	0.294987
1.976181	0.287405
2.178986	0.295619
2.378000	0.288353
2.578277	0.316152
2.789295	0.341108
2.972830	0.353743
3.173424	0.350900
3.377492	0.337633
3.573347	0.346162
3.771097	0.373645
3.977693	0.388176
4.173548	0.392598
4.375721	0.362273
4.573471	0.358166
4.776276	0.382174
4.978133	0.408709
5.179358	0.408709
5.382794	0.398600
5.577702	0.377120
5.774189	0.388808
5.986154	0.398285
6.177902	0.440930
6.379759	0.440299
6.578773	0.407446
6.775576	0.397653
6.976801	0.420081
7.181185	0.442826
7.377672	0.458621
7.580793	0.448512
7.777911	0.407446
7.973451	0.412500
8.174992	0.444089
8.377481	0.463043
8.579021	0.452619
8.784669	0.419765
8.977050	0.412500
9.171640	0.430506
9.375077	0.470625
9.575670	0.487683
9.771842	0.457989
9.977489	0.441562
9.777528	0.425136
9.577882	0.452303
9.383290	0.471256
9.175748	0.457989
8.985894	0.422293
8.777088	0.411868
8.577442	0.427347
8.378112	0.450091
8.174359	0.467466
7.980400	0.433981
7.778543	0.399232
7.582688	0.398916
7.382095	0.434613
7.177711	0.466834
6.977433	0.443773
6.773049	0.420713
6.580985	0.405550
6.382602	0.400812
6.174744	0.439667
5.976677	0.439983
5.778295	0.425136
5.576438	0.377751
5.373317	0.373329
5.188519	0.388176
4.979712	0.407446
4.777855	0.405234
4.574735	0.369222
4.378248	0.345530
4.172284	0.354375
3.980536	0.374277
3.775204	0.385965
3.578401	0.356271
3.377176	0.330999
3.176267	0.324997
2.981675	0.325945
2.779186	0.367327
2.577329	0.342371
2.387161	0.300673
2.175195	0.276665
1.976181	0.276033
1.776851	0.284246
1.569940	0.280456
1.379139	0.255816
1.182020	0.222331
0.975741	0.198323
0.780834	0.176526
0.576134	0.108925
0.381858	-0.021537
0.180949	-0.188309
-0.026591	-0.375926
-0.222105	-0.565755
-0.419830	-0.790959
-0.624188	-0.990895
-0.826019	-1.153560
-1.020269	-1.267899
-1.220521	-1.396768
-1.423300	-1.528795
-1.619761	-1.627658
-1.823803	-1.703463
-2.017738	-1.747998
-2.225570	-1.797272
-2.421400	-1.883184
-2.622284	-1.992154
-2.823167	-2.075224
-3.023735	-2.098281
-3.228409	-2.145343
-3.425186	-2.203777
-3.621016	-2.311799
-3.822531	-2.403081
-4.025310	-2.472253
-4.221771	-2.491836
-4.425181	-2.519947
-4.622907	-2.615651
-4.818737	-2.734728
-5.021199	-2.811165
-5.219872	-2.842750
-5.423282	-2.843382
-5.621007	-2.891392
-5.825365	-3.019945
-6.023722	-3.132073
-6.218604	-3.181346
-6.423277	-3.178188
-6.622266	-3.182926
-6.828835	-3.267259
-7.018979	-3.410657
-7.227443	-3.506992
-7.424221	-3.501939
-7.622577	-3.493095
-7.821250	-3.536367
-8.027819	-3.683555
-8.227755	-3.819373
-8.422953	-3.862961
-8.620994	-3.835481
-8.825036	-3.811160
-9.021813	-3.923604
-9.218274	-4.078373
-9.278287	-4.125120
-9.335773	-4.097324
-9.419789	-4.026258
-9.458008	-3.990250
-9.376517	-4.061317
-9.304502	-4.121961
-9.288078	-4.116908
-9.227118	-4.007938
-9.021813	-3.875911
-8.812085	-3.857907
-8.619414	-3.903706
-8.430533	-3.873699
-8.224280	-3.775469
-8.022449	-3.627649
-7.825672	-3.534472
-7.620998	-3.534472
-7.421062	-3.561003
-7.224285	-3.495306
-7.030034	-3.355382
-6.825676	-3.234410
-6.622898	-3.205667
-6.422962	-3.226514
-6.218604	-3.192717
-6.025301	-3.102699
-5.826628	-2.967829
-5.622902	-2.879705
-5.414122	-2.887602
-5.221767	-2.871177
-5.016461	-2.811481
-4.823474	-2.699036
-4.617853	-2.576801
-4.425498	-2.527212
-4.221139	-2.530686
-4.023099	-2.479202
-3.820952	-2.392973
-3.621648	-2.272633
-3.428029	-2.182298
-3.224303	-2.165558
-3.023419	-2.130814
-2.820325	-2.076487
-2.622600	-1.972571
-2.421084	-1.858547
-2.221148	-1.790639
-2.028477	-1.766002
-1.823803	-1.711043
-1.622288	-1.624183
-1.423300	-1.501632
-1.221469	-1.387292
-1.013952	-1.302643
-0.818754	-1.180724
-0.624188	-0.992790
-0.421093	-0.767586
-0.221157	-0.539223
-0.023432	-0.348447
0.186951	-0.168410
0.374277	0.006259
0.576134	0.107977
0.777359	0.170840
0.976689	0.203377
1.177914	0.232440
1.379139	0.265293
1.572467	0.307939
1.774956	0.286458
1.980603	0.270663
2.175827	0.280456
2.378000	0.316152
2.581436	0.349637
2.781398	0.340160
2.972830	0.335421
3.175319	0.318679
3.376544	0.357534
3.579981	0.368275
3.776151	0.392914
3.978956	0.382174
4.171021	0.351216
4.375721	0.355007
4.582000	0.399548
4.776907	0.408709
4.981291	0.409025
5.177463	0.382174
5.376476	0.362273
5.578018	0.380594
5.781138	0.416291
5.976993	0.433349
6.184536	0.421977
6.380075	0.400496
6.580669	0.398285
6.774944	0.433349
6.973958	0.460516
7.173920	0.457041
7.377672	0.430822
7.578897	0.404602
7.778859	0.418818
7.975030	0.450407
8.175623	0.462727
8.377481	0.443142
8.577758	0.416922
8.776456	0.412816
8.979893	0.460516
9.170061	0.480101
9.374762	0.473783
9.576934	0.443142
9.774685	0.422293
9.977174	0.443458
9.776264	0.484524
9.577250	0.477574
9.375077	0.456725
9.172904	0.428295
8.975470	0.428926
8.779299	0.445353
8.579654	0.460516
8.375585	0.457357
8.183520	0.425136
7.973766	0.408393
7.782966	0.416922
7.583952	0.447248
7.390940	0.444089
7.179290	0.426083
6.978381	0.401444
6.775260	0.408709
6.581932	0.425767
6.378496	0.437456
6.186431	0.422608
5.974782	0.404287
5.776716	0.387544
5.576122	0.405866
5.373317	0.409657
5.180937	0.407446
4.977501	0.403023
4.773748	0.368906
4.577578	0.368906
4.377932	0.376804
4.177338	0.405234
3.977061	0.374908
3.777731	0.358482
3.582824	0.352164
3.377492	0.353743
3.181321	0.358482
2.974410	0.347741
2.778871	0.332894
2.583963	0.305411
2.375472	0.310150
2.173615	0.311413
1.978076	0.294039
1.778746	0.280456
1.575942	0.260238
1.381982	0.239705
1.178546	0.234967
0.976373	0.217277
0.774516	0.183476
0.574238	0.087128
0.374592	-0.032592
0.180949	-0.170621
-0.022485	-0.375610
-0.221157	-0.578705
-0.421725	-0.782431
-0.626399	-0.964363
-0.826966	-1.154508
-1.020585	-1.302012
-1.217679	-1.420773
-1.425195	-1.524373
-1.622920	-1.579964
-1.821908	-1.682301
-2.023739	-1.762528
-2.227466	-1.837385
-2.423927	-1.903715
-2.624811	-1.964675
-2.821588	-2.025635
-3.025314	-2.087858
-3.228724	-2.186404
-3.425186	-2.238205
-3.622279	-2.297585
-3.823163	-2.359177
-4.020888	-2.433719
-4.219560	-2.518683
-4.425498	-2.579328
-4.626065	-2.642183
-4.823790	-2.694614
-5.022462	-2.759365
-5.223346	-2.839908
-5.424230	-2.918555
-5.626692	-2.958353
-5.824733	-3.007310
-6.019615	-3.059427
-6.220815	-3.134284
-6.422646	-3.212616
-6.625424	-3.265364
-6.825045	-3.305793
-7.025296	-3.365174
-7.232497	-3.421080
-7.421378	-3.518995
-7.612154	-3.594484
-7.823461	-3.620068
-8.024029	-3.669026
-8.225544	-3.711350
-8.420742	-3.809265
-8.619730	-3.893282
-8.819350	-3.921710
-9.021813	-3.960244
-9.223329	-3.997514
-9.338615	-4.047420
-9.331983	-4.095114
-9.346828	-4.097324
-9.385046	-4.073951
-9.392942	-4.050262
-9.381887	-4.037628
-9.320611	-4.067318
-9.221433	-4.073319
-9.022129	-3.989618
-8.823140	-3.874647
-8.617204	-3.826005
-8.426427	-3.780522
-8.226175	-3.783681
-8.023396	-3.716088
-7.821881	-3.617542
-7.623525	-3.521837
-7.421062	-3.466563
-7.224600	-3.456456
-7.029087	-3.425186
-6.825676	-3.317164
-6.624161	-3.234410
-6.421698	-3.157341
-6.222078	-3.120702
-6.024669	-3.106173
-5.826628	-3.037632
-5.624797	-2.936243
-5.424230	-2.837697
-5.223030	-2.794109
-5.020252	-2.775157
-4.816841	-2.739782
-4.625433	-2.647236
-4.424550	-2.552796
-4.222087	-2.476359
-4.021204	-2.434666
-3.822847	-2.394553
-3.621648	-2.322222
-3.418869	-2.232519
-3.226198	-2.145975
-3.024051	-2.087226
-2.823167	-2.042375
-2.622284	-1.997523
-2.419189	-1.900556
-2.228413	-1.813696
-2.020581	-1.735996
-1.821908	-1.684512
-1.623236	-1.614076
-1.421405	-1.536692
-1.218310	-1.417299
-1.022796	-1.272637
-0.824755	-1.123870
-0.615660	-0.959941
-0.425199	-0.772639
-0.223368	-0.555016
-0.019326	-0.358870
0.174947	-0.186413
0.376488	-0.026591
0.577397	0.098500
0.775147	0.189478
0.978584	0.219488
1.172544	0.226753
1.380403	0.242232
1.571203	0.295619
1.775587	0.293723
1.975865	0.297198
2.186567	0.285510
2.378631	0.294355
2.585227	0.317100
2.781082	0.342687
2.976937	0.355323
3.173424	0.365431
3.377808	0.336685
3.580297	0.334790
3.776783	0.370486
3.980220	0.388492
4.175443	0.380910
4.380775	0.355007
4.576946	0.361009
4.782909	0.371433
4.977817	0.400812
5.180305	0.410920
5.373317	0.397337
5.572331	0.388492
5.772609	0.386596
5.980152	0.418818
6.179482	0.447880
6.378812	0.428295
6.580985	0.408077
6.775576	0.404602
6.980592	0.413132
7.175499	0.446932
7.385254	0.439351
7.576055	0.428295
7.782018	0.409025
7.982296	0.410289
8.171201	0.447880
8.380956	0.455462
8.584392	0.450723
8.778983	0.430506
8.981788	0.424504
9.175748	0.443142
9.375077	0.468097
9.573460	0.476942
9.777528	0.448512
9.974647	0.432085
9.776264	0.430190
9.576934	0.464623
9.373498	0.487683
9.175748	0.453566
8.975786	0.430822
8.784353	0.404287
8.577127	0.426399
8.376533	0.453882
8.174676	0.459884
7.973135	0.428611
7.776964	0.404287
7.578581	0.410289
7.384938	0.432717
7.177395	0.446301
6.973958	0.437140
6.782842	0.401759
6.576562	0.391335
6.379759	0.410604
6.179798	0.451671
5.974782	0.440299
5.781454	0.417554
5.574859	0.378383
5.373002	0.377120
5.177778	0.403655
4.981607	0.404602
4.778487	0.385965
4.575050	0.381226
4.376036	0.366379
4.176075	0.355323
3.980536	0.378383
3.776783	0.392914
3.574610	0.351848
3.376860	0.337949
3.174687	0.325945
2.973462	0.344898
2.780450	0.348373
2.576382	0.336369
2.378631	0.301305
2.172352	0.277613
1.979340	0.282351
1.775587	0.295935
1.574994	0.276665
1.377560	0.255816
1.175703	0.226753
0.976057	0.204009
0.776727	0.186003
0.572659	0.104502
0.371433	-0.019010
0.183160	-0.172516
-0.022485	-0.350974
-0.220526	-0.552805
-0.428990	-0.782115
-0.625135	-0.961205
-0.824755	-1.154508
-1.023112	-1.269163
-1.222732	-1.410666
-1.414140	-1.542693
-1.622288	-1.629869
-1.828225	-1.699041
-2.016475	-1.745471
-2.227150	-1.797588
-2.423295	-1.888870
-2.620073	-1.993101
-2.822536	-2.068591
-3.012364	-2.106177
-3.229356	-2.134604
-3.428344	-2.209462
-3.621964	-2.315273
-3.827269	-2.419505
-4.024362	-2.449511
-4.224298	-2.473832
-4.414443	-2.527527
-4.624170	-2.629548
-4.820632	-2.741677
-5.019620	-2.822220
-5.223662	-2.828853
-5.423282	-2.837381
-5.627640	-2.907501
-5.828523	-3.035106
-6.017088	-3.137127
-6.221762	-3.151024
-6.423277	-3.156710
-6.623529	-3.181031
-6.824413	-3.305793
-7.027823	-3.434030
-7.224600	-3.501939
-7.425168	-3.494674
-7.620366	-3.483619
-7.823777	-3.559108
-8.024344	-3.717983
-8.217963	-3.826321
-8.427059	-3.838324
-8.618466	-3.816846
-8.824088	-3.821584
-9.022445	-3.952979
-9.217011	-4.096693
-9.284920	-4.122277
-9.359146	-4.071109
-9.434319	-4.006042
-9.437477	-4.013939
-9.351250	-4.088165
-9.298185	-4.127015
-9.303240	-4.100483
-9.226487	-3.978563
-9.021181	-3.875595
-8.820614	-3.893598
-8.620362	-3.922657
-8.426111	-3.864856
-8.224280	-3.744199
-8.026871	-3.602696
-7.822513	-3.556897
-7.622262	-3.587535
-7.421378	-3.550580
-7.227759	-3.485198
-7.025296	-3.347802
-6.818411	-3.242306
-6.623529	-3.237884
-6.424225	-3.247044
-6.222710	-3.186084
-6.021826	-3.075851
-5.825365	-2.952983
-5.621954	-2.898657
-5.421387	-2.906237
-5.222398	-2.884443
-5.019620	-2.796004
-4.812103	-2.682296
-4.626381	-2.579012
-4.425181	-2.552164
-4.222719	-2.538582
-4.024678	-2.476991
-3.822847	-2.379392
-3.622279	-2.263473
-3.427081	-2.201566
-3.225250	-2.179140
-3.022787	-2.134604
-2.826957	-2.055325
-2.621968	-1.950145
-2.415083	-1.865812
-2.226518	-1.818118
-2.015843	-1.775478
-1.821277	-1.711991
-1.623868	-1.614708
-1.422668	-1.497842
-1.222100	-1.399295
-1.018690	-1.311803
-0.821597	-1.180408
-0.627031	-0.990895
-0.424884	-0.754952
-0.223053	-0.557858
-0.022801	-0.380980
0.179369	-0.182623
0.375856	-0.024380
0.580556	0.088707
0.775147	0.167365
0.975425	0.221067
1.174439	0.246023
1.382930	0.269715
1.574994	0.283615
1.773376	0.276665
1.975549	0.266556
2.187199	0.276665
2.378947	0.324049
2.578593	0.341739
2.780766	0.337317
2.972514	0.317100
3.175003	0.322154
3.383178	0.353112
3.573979	0.381542
3.777731	0.389755
3.978956	0.371749
4.174811	0.340476
4.381091	0.354375
4.577578	0.400496
4.775959	0.420081
4.974974	0.411236
5.179674	0.372065
5.375529	0.376172
5.573911	0.399232
5.771977	0.435876
5.977309	0.451987
6.181693	0.402391
6.375653	0.383437
6.581301	0.402075
6.776208	0.441562
6.975222	0.476627
7.172972	0.446617
7.379251	0.409341
7.576370	0.399548
7.777596	0.446301
7.976609	0.457041
8.175940	0.463675
8.381271	0.433349
8.576494	0.401128
8.780562	0.414395
8.987473	0.461780
9.173221	0.479786
9.372234	0.473152
9.574408	0.422924
9.776896	0.416606
9.975594	0.442510
9.780371	0.488631
9.577566	0.482629
9.372550	0.454830
9.173221	0.415975
8.981156	0.421029
8.780878	0.455146
8.577442	0.470625
8.372426	0.469361
8.173412	0.426715
7.976294	0.409973
7.776964	0.423872
7.575738	0.469993
7.376093	0.451039
7.182765	0.439983
6.975538	0.392283
6.775260	0.399232
6.578457	0.437771
6.379128	0.454514
6.176639	0.433349
5.979520	0.407446
5.777347	0.368275
5.575490	0.391019
5.374581	0.412184
5.183780	0.411236
4.977817	0.392914
4.787332	0.343635
4.571259	0.351848
4.385197	0.378067
4.177338	0.394810
3.979588	0.384069
3.782470	0.352164
3.579349	0.327840
3.376860	0.343003
3.176583	0.360693
2.976937	0.345530
2.778555	0.335421
2.584279	0.298146
2.378315	0.291828
2.178986	0.306359
1.983446	0.298778
1.774640	0.291828
1.570256	0.258027
1.384825	0.238442
1.177282	0.235914
0.978268	0.220436
0.779886	0.178106
0.576134	0.089655
0.373961	-0.036698
0.181580	-0.180412
-0.022485	-0.375926
-0.221789	-0.583127
-0.424568	-0.795065
-0.627031	-0.959625
-0.820965	-1.121975
-1.020269	-1.302643
-1.219574	-1.443199
-1.422036	-1.548062
-1.623552	-1.604600
