# Configuration automatically generated by WRITE_CONFIG()
connection eth
ip 192.168.0.10
samplehz 1000.000000
settleus 10.000000
nsample 128

# Analog Inputs
aichannel 0
ainegative 199
airange 10.000000
airesolution 0

aichannel 1
ainegative 199
airange 10.000000
airesolution 0

# Analog Outputs
aochannel 0
aosignal triangle
aofrequency 5.000000
aoamplitude 2.000000
aooffset 2.500000
aoduty 0.500000

# Meta Parameters
int:periods 10
flt:tip_T_C 301.030653
flt:plate_T_C 136.123475
flt:plate_Q_kW 0.768531
flt:cool_Thigh_C 43.941179
flt:cool_Tlow_C 17.366660
flt:air_psig 40.000000
flt:water_gph 6.000000
flt:standoff_in 0.233000
flt:oxygen_scfh 12.851562
flt:fuel_scfh 7.136375
flt:flow_scfh 19.987937
flt:ratio_fto 0.555292

## End Configuration ##
#: Wed Jun 14 14:44:48 2017
-9.226171	-4.004463
-9.395469	-4.056263
-9.385993	-4.055632
-9.369569	-4.055632
-9.332930	-4.051210
-9.231225	-4.019624
-9.018338	-3.952979
-8.827247	-3.882228
-8.611202	-3.840219
-8.422005	-3.762835
-8.227755	-3.714509
-8.015817	-3.631123
-7.825040	-3.589115
-7.618155	-3.529734
-7.425484	-3.447296
-7.230917	-3.410973
-7.021190	-3.333272
-6.825045	-3.292527
-6.620371	-3.223355
-6.423594	-3.132389
-6.223026	-3.106805
-6.017405	-3.012680
-5.827260	-2.983937
-5.618480	-2.886338
-5.424230	-2.845909
-5.217661	-2.771999
-5.018988	-2.686718
-4.828212	-2.656080
-4.621327	-2.590067
-4.424866	-2.502259
-4.224614	-2.454565
-4.023415	-2.374022
-3.819057	-2.333277
-3.623543	-2.244522
-3.436873	-2.208514
-3.217354	-2.135552
-3.019313	-2.037005
-2.833275	-1.991522
-2.618494	-1.887606
-2.423295	-1.843071
-2.220517	-1.760633
-2.030372	-1.693671
-1.819697	-1.600810
-1.623552	-1.511107
-1.424563	-1.450148
-1.218626	-1.364551
-1.025955	-1.242315
-0.823808	-1.104918
-0.627978	-0.957730
-0.426147	-0.770428
-0.224632	-0.511112
-0.021853	-0.305806
0.186319	-0.093552
0.367011	0.087760
0.575186	0.193900
0.776727	0.305095
0.984586	0.310466
1.180125	0.361957
1.379455	0.371433
1.575310	0.412500
1.771481	0.446932
1.973338	0.453566
2.182776	0.479470
2.370102	0.448512
2.584911	0.483576
2.769710	0.488946
2.976937	0.529697
3.178478	0.542649
3.374017	0.502214
3.584087	0.533488
3.774256	0.555284
3.988433	0.599510
4.170389	0.597614
4.377300	0.576765
4.591477	0.592560
4.766167	0.590665
4.985398	0.611830
5.178094	0.625729
5.372370	0.619095
5.579913	0.633311
5.772925	0.620675
5.981100	0.643103
6.169689	0.629520
6.387657	0.627940
6.578773	0.675009
6.767047	0.633942
6.991333	0.626045
7.174236	0.655739
7.374829	0.637733
7.575107	0.659530
7.780755	0.683222
7.969975	0.674693
8.173728	0.687329
8.376848	0.698701
8.575231	0.678799
8.776772	0.675325
8.979893	0.709441
9.170377	0.677536
9.378236	0.706914
9.569984	0.701860
9.779739	0.702176
9.971171	0.706914
9.776264	0.687645
9.579145	0.699649
9.367180	0.717023
9.183013	0.696805
8.976102	0.678484
8.780878	0.679431
8.575546	0.694278
8.374005	0.673429
8.182257	0.722393
7.966185	0.675325
7.780755	0.643735
7.579845	0.693962
7.371038	0.632363
7.181817	0.681011
6.965745	0.662057
6.784737	0.641524
6.579405	0.635206
6.383550	0.626677
6.183589	0.628572
5.969728	0.625413
5.777979	0.654160
5.567593	0.608671
5.379951	0.589717
5.191678	0.602985
4.971183	0.583399
4.780382	0.627624
4.569364	0.609303
4.376352	0.574870
4.171652	0.555916
3.980220	0.542017
3.772993	0.557180
3.569556	0.550546
3.383494	0.556864
3.175951	0.503162
2.972514	0.476311
2.782977	0.481049
2.575118	0.487051
2.375788	0.495264
2.177406	0.447880
1.979024	0.446617
1.765795	0.399232
1.574994	0.375540
1.384825	0.403971
1.168121	0.373645
0.987113	0.331631
0.771989	0.273190
0.575818	0.187898
0.367011	0.070701
0.182844	-0.112188
-0.014904	-0.290330
-0.232212	-0.540802
-0.414145	-0.761585
-0.618187	-0.914774
-0.832020	-1.146611
-1.014268	-1.260003
-1.227470	-1.388240
-1.420773	-1.448568
-1.627974	-1.532901
-1.822540	-1.614708
-2.020265	-1.650715
-2.235046	-1.770740
-2.412241	-1.835174
-2.631128	-1.907821
-2.817482	-1.976045
-3.021524	-2.030372
-3.225566	-2.126392
-3.423607	-2.178508
-3.616910	-2.256840
-3.816214	-2.323801
-4.024994	-2.377181
-4.219560	-2.473516
-4.424866	-2.513630
-4.620696	-2.602701
-4.819368	-2.648184
-5.024358	-2.719251
-5.218608	-2.789687
-5.416965	-2.845277
-5.625429	-2.912870
-5.821259	-2.955826
-6.027196	-3.042054
-6.212603	-3.074588
-6.432121	-3.163974
-6.618475	-3.241990
-6.818096	-3.264100
-7.032877	-3.349697
-7.224285	-3.408446
-7.421694	-3.472880
-7.615629	-3.547422
-7.828515	-3.583745
-8.026555	-3.659866
-8.216068	-3.681028
-8.433376	-3.774205
-8.621309	-3.853801
-8.817455	-3.899284
-9.030657	-3.969719
-9.218274	-4.014571
-9.337352	-4.052789
-9.356303	-4.066371
-9.372412	-4.077742
-9.377150	-4.079637
-9.376517	-4.063844
-9.379676	-4.048367
-9.346828	-4.035733
-9.230908	-4.012044
-9.027814	-3.976036
-8.819982	-3.900231
-8.616571	-3.839903
-8.423584	-3.747358
-8.231544	-3.719563
-8.018974	-3.662709
-7.823777	-3.608698
-7.625736	-3.558793
-7.416008	-3.467195
-7.227759	-3.407498
-7.022138	-3.329798
-6.829782	-3.294422
-6.620371	-3.220828
-6.424225	-3.141233
-6.227448	-3.090696
-6.010771	-2.992465
-5.835788	-2.965618
-5.612163	-2.891392
-5.428020	-2.842434
-5.220188	-2.770420
-5.017409	-2.703143
-4.825685	-2.637129
-4.619116	-2.554691
-4.434341	-2.504786
-4.209137	-2.464356
-4.024678	-2.361388
-3.820320	-2.325381
-3.616278	-2.223991
-3.434346	-2.191774
-3.218933	-2.131130
-3.022471	-2.054061
-2.823483	-1.997208
-2.618178	-1.895187
-2.416978	-1.854441
-2.217990	-1.758737
-2.036690	-1.695567
-1.815275	-1.635238
-1.616287	-1.524058
-1.430880	-1.466256
-1.217994	-1.373395
-1.016479	-1.257792
-0.820334	-1.119448
-0.629873	-0.932778
-0.422041	-0.747371
-0.219578	-0.522483
-0.026591	-0.323178
0.181265	-0.103975
0.381542	0.095025
0.568236	0.192321
0.776727	0.296566
0.977952	0.327840
1.177282	0.374592
1.380718	0.365747
1.577837	0.416606
1.774324	0.438403
1.968599	0.414395
2.181513	0.472520
2.371050	0.472520
2.585543	0.479470
2.780450	0.499687
2.978200	0.499371
3.169633	0.524327
3.378124	0.503478
3.584719	0.542333
3.774888	0.556548
3.984010	0.555600
4.176391	0.582767
4.372561	0.553389
4.578209	0.598562
4.774064	0.583083
4.982871	0.608355
5.175883	0.644367
5.371106	0.583399
5.588126	0.637417
5.765975	0.604248
5.984259	0.638049
6.173480	0.673429
6.381023	0.636154
6.583827	0.641840
6.773996	0.643735
6.980276	0.638049
7.170129	0.661109
7.380515	0.681643
7.584584	0.674061
7.775384	0.641840
7.979768	0.677536
8.169937	0.664268
8.375585	0.694910
8.579654	0.714812
8.777404	0.686381
8.977365	0.675325
9.172273	0.663952
9.374762	0.716075
9.568405	0.701544
9.784162	0.727763
9.977174	0.706282
9.773106	0.662057
9.578514	0.672166
9.372550	0.678799
9.181749	0.730290
8.973890	0.716391
8.789408	0.678484
8.574599	0.664900
8.369267	0.628256
8.182257	0.689856
7.973766	0.717339
7.781702	0.693962
7.579529	0.675325
7.377988	0.603932
7.177711	0.639313
6.971431	0.649737
6.779051	0.699333
6.578773	0.670586
6.373757	0.612146
6.188011	0.602985
5.969096	0.585926
5.785245	0.641524
5.571068	0.652580
5.374581	0.629204
5.175567	0.601721
4.979080	0.542649
4.784489	0.579924
4.571259	0.611830
4.371614	0.611514
4.175443	0.599194
3.977693	0.538226
3.780574	0.512323
3.573979	0.511375
3.378439	0.555284
3.169001	0.559391
2.971566	0.508532
2.785820	0.485472
2.577013	0.440615
2.387792	0.476311
2.172352	0.462095
1.977444	0.457357
1.772429	0.436508
1.583207	0.381542
1.378191	0.366379
1.171596	0.350584
0.989324	0.354375
0.766934	0.293091
0.579292	0.200534
0.370802	0.070385
0.174315	-0.126401
-0.015852	-0.314019
-0.224948	-0.549962
-0.422988	-0.781483
-0.624820	-0.956151
-0.819386	-1.131134
-1.019006	-1.245790
-1.230313	-1.389503
-1.410666	-1.450148
-1.630185	-1.527216
-1.829489	-1.631764
-2.018686	-1.672193
-2.233783	-1.766950
-2.410661	-1.837701
-2.628917	-1.902767
-2.817166	-1.972255
-3.029420	-2.031004
-3.235042	-2.146607
-3.413184	-2.188300
-3.626385	-2.238205
-3.817793	-2.308956
-4.020256	-2.375601
-4.224614	-2.443194
-4.420760	-2.526264
-4.626065	-2.600806
-4.819052	-2.635865
-5.027516	-2.712618
-5.225873	-2.799794
-5.422334	-2.818114
-5.630483	-2.919503
-5.822206	-2.983937
-6.026880	-3.035737
-6.219235	-3.093539
-6.418540	-3.175661
-6.620687	-3.249571
-6.819675	-3.302950
-7.031298	-3.374649
-7.218599	-3.410657
-7.425800	-3.458035
-7.623209	-3.551528
-7.815880	-3.603328
-8.023396	-3.675659
-8.222385	-3.696189
-8.432428	-3.764414
-8.615624	-3.799790
-8.822193	-3.874331
-9.025288	-3.969719
-9.215432	-3.989302
-9.340195	-4.056579
-9.361672	-4.060369
-9.368937	-4.075215
-9.374307	-4.089744
-9.349038	-4.092271
-9.343037	-4.090060
-9.315242	-4.073004
-9.232172	-4.045208
-9.012653	-3.994040
-8.824404	-3.917603
-8.624468	-3.892019
-8.412846	-3.800105
-8.227755	-3.730618
-8.022765	-3.679449
-7.825040	-3.615330
-7.621630	-3.562267
-7.415692	-3.478250
-7.233129	-3.441611
-7.021190	-3.317796
-6.830098	-3.283683
-6.628583	-3.246097
-6.413802	-3.170607
-6.223973	-3.111542
-6.019931	-3.030684
-5.831366	-2.977304
-5.613111	-2.893603
-5.432126	-2.844330
-5.220819	-2.787160
-5.018356	-2.695878
-4.828212	-2.647552
-4.621327	-2.577116
-4.426445	-2.508260
-4.221771	-2.463093
-4.028784	-2.386656
-3.821268	-2.336751
-3.617226	-2.240100
-3.436557	-2.201250
-3.218617	-2.123549
-3.012048	-2.026582
-2.832959	-1.991522
-2.611229	-1.897082
-2.425822	-1.832332
-2.213568	-1.747998
-2.034794	-1.684196
-1.815907	-1.604600
-1.621025	-1.514266
-1.433407	-1.454885
-1.217047	-1.354759
-1.020269	-1.257476
-0.825703	-1.137767
-0.627662	-0.955203
-0.428042	-0.776114
-0.217683	-0.529116
-0.026591	-0.322547
0.186951	-0.111240
0.373329	0.067226
0.570447	0.194848
0.777991	0.297830
0.971950	0.315520
1.180441	0.362588
1.383878	0.374592
1.573730	0.396073
1.784433	0.435244
1.974917	0.447248
2.176774	0.451355
2.371366	0.444721
2.590597	0.473468
2.772868	0.500319
2.979148	0.525274
3.180373	0.540753
3.378124	0.505689
3.579033	0.519904
3.776467	0.536331
3.984326	0.570447
4.174180	0.597299
4.379827	0.581820
4.581368	0.590033
4.770905	0.560023
4.984450	0.584031
5.181253	0.664584
5.367315	0.634890
5.580544	0.632047
5.772609	0.584979
5.982995	0.598878
6.169373	0.619095
6.387657	0.671218
6.585407	0.702492
6.771470	0.635838
6.983119	0.605196
7.176447	0.638681
7.379883	0.640260
7.575738	0.708809
7.776964	0.699649
7.983559	0.688592
8.169937	0.619727
8.380956	0.644999
8.578706	0.708178
8.774877	0.717655
8.981472	0.732818
9.174168	0.692383
9.372550	0.646578
9.571880	0.663637
9.780371	0.730922
9.977489	0.744822
9.771842	0.713232
9.581988	0.717339
9.365916	0.630468
9.183961	0.648789
8.975786	0.713232
8.779299	0.722077
8.577127	0.719550
8.374953	0.664268
8.181310	0.632995
7.967133	0.665532
7.782650	0.686697
7.579529	0.724604
7.375461	0.656055
7.184344	0.648158
6.965113	0.594455
6.781262	0.620359
6.579089	0.671850
6.378496	0.657634
6.186116	0.648789
5.968148	0.588453
5.785876	0.584347
5.572963	0.668375
5.377108	0.682274
5.186307	0.673745
4.973078	0.601089
4.780382	0.588138
4.572207	0.560655
4.375721	0.571711
4.173863	0.595087
3.982431	0.569184
3.777415	0.573922
3.567345	0.512955
3.382546	0.497476
3.177214	0.525590
2.969987	0.520220
2.782029	0.516113
2.589333	0.463043
2.375788	0.455462
2.170772	0.426083
1.984394	0.445985
1.770217	0.448512
1.569624	0.403971
1.389564	0.384701
1.170964	0.349005
0.976689	0.318363
0.775463	0.290564
0.576765	0.198955
0.368590	0.075124
0.184108	-0.123874
-0.018063	-0.293488
-0.229370	-0.527852
-0.424252	-0.777061
-0.618502	-0.959310
-0.834547	-1.142505
-1.016163	-1.253686
-1.224627	-1.377501
-1.414140	-1.449200
-1.626078	-1.525005
-1.824119	-1.615971
-2.016475	-1.663033
-2.235046	-1.769161
-2.413188	-1.830121
-2.632391	-1.897082
-2.821588	-1.964675
-3.021524	-2.026266
-3.233462	-2.125129
-3.417606	-2.181351
-3.627965	-2.254313
-3.817477	-2.326012
-4.024994	-2.366126
-4.227141	-2.474780
-4.419812	-2.514893
-4.630803	-2.608702
-4.819368	-2.666503
-5.024358	-2.709460
-5.217029	-2.784001
-5.422019	-2.819377
-5.629535	-2.921398
-5.823786	-2.960564
-6.030986	-3.052794
-6.215445	-3.109332
-6.427700	-3.163974
-6.619107	-3.252098
-6.821886	-3.296633
-7.032561	-3.359172
-7.220179	-3.417290
-7.425800	-3.461509
-7.615629	-3.513941
-7.828830	-3.560372
-8.021817	-3.668078
-8.217963	-3.696821
-8.426111	-3.759992
-8.621309	-3.831691
-8.820298	-3.870541
-9.026235	-3.950136
-9.225539	-3.990566
-9.343037	-4.051842
-9.352197	-4.066371
-9.376202	-4.075847
-9.370517	-4.087533
-9.340510	-4.091007
-9.343037	-4.089112
-9.310820	-4.077742
-9.221117	-4.044577
-9.021181	-3.966561
-8.816192	-3.899284
-8.622257	-3.861065
-8.410318	-3.774205
-8.228703	-3.706613
-8.024029	-3.667447
-7.816196	-3.557845
-7.625104	-3.517416
-7.421062	-3.445401
-7.232497	-3.386652
-7.023085	-3.331693
-6.828203	-3.270102
-6.613738	-3.215459
-6.419803	-3.123545
-6.228079	-3.091012
-6.008245	-3.031315
-5.823470	-2.964354
-5.621323	-2.902131
-5.422650	-2.842750
-5.221135	-2.785897
-5.012355	-2.715145
-4.832002	-2.669030
-4.619748	-2.594805
-4.433078	-2.518052
-4.219876	-2.464988
-4.022151	-2.378444
-3.822531	-2.346227
-3.616910	-2.259999
-3.431503	-2.197775
-3.220828	-2.120075
-3.018365	-2.033531
-2.825378	-2.007631
-2.615019	-1.885395
-2.430560	-1.854757
-2.218622	-1.761264
-2.033215	-1.674404
-1.826014	-1.617235
-1.616603	-1.521847
-1.427090	-1.461202
-1.212941	-1.351285
-1.027850	-1.252423
-0.821281	-1.125133
-0.629242	-0.924881
-0.421409	-0.788116
-0.216420	-0.538907
-0.024380	-0.322547
0.180317	-0.121032
0.375224	0.065015
0.575502	0.186319
0.775779	0.318363
0.974161	0.335737
1.183284	0.383437
1.370294	0.373645
1.573099	0.367011
1.779694	0.437140
1.966072	0.458936
2.178038	0.477258
2.377684	0.475995
2.580173	0.458621
2.776975	0.455146
2.978516	0.495896
3.175951	0.560339
3.369910	0.544228
3.579981	0.543280
3.782154	0.521168
3.979904	0.518009
4.169125	0.587822
4.372561	0.611514
4.576314	0.620043
4.769326	0.583083
4.987609	0.564130
5.179674	0.593824
5.370474	0.601721
5.583704	0.671850
5.768818	0.650685
5.986154	0.627940
6.177902	0.595403
6.381023	0.602353
6.591093	0.672482
6.766415	0.669007
6.985962	0.674377
7.177711	0.655739
7.377357	0.592244
7.582688	0.674693
7.772225	0.683538
7.977557	0.727763
8.172149	0.708178
8.377796	0.675009
8.575231	0.641524
8.776772	0.658266
8.983367	0.742926
9.165639	0.718286
9.386133	0.711337
9.572512	0.676272
9.779739	0.632679
9.979069	0.704703
9.775949	0.723025
9.580409	0.754614
9.372866	0.690488
9.179538	0.670902
8.971047	0.640576
8.780247	0.669954
8.582812	0.732818
8.367372	0.699649
8.176887	0.680063
7.977241	0.642787
7.781070	0.632679
7.574791	0.694278
7.377988	0.676588
7.181501	0.698701
6.966692	0.629520
6.787264	0.620991
6.580353	0.630468
6.382602	0.621938
6.183273	0.666480
5.976046	0.637417
5.784929	0.615305
5.569489	0.586874
5.378372	0.601405
5.177463	0.626993
4.970867	0.607091
4.791439	0.597614
4.572207	0.594771
4.373825	0.560971
4.175443	0.563182
3.975797	0.557496
3.779310	0.576765
3.574610	0.528117
3.380651	0.513586
3.174055	0.518641
2.969039	0.479470
2.784873	0.506637
2.568484	0.505057
2.384001	0.464307
2.175827	0.443458
1.976497	0.426715
1.771481	0.421345
1.571519	0.400812
1.385457	0.399232
1.171280	0.348689
0.978584	0.321206
0.775147	0.289301
0.572027	0.182528
0.374908	0.069438
0.185371	-0.115030
-0.020274	-0.305491
-0.220210	-0.542697
-0.419514	-0.761269
-0.622293	-0.926461
-0.830125	-1.158298
-1.012057	-1.250843
-1.228418	-1.379396
-1.416667	-1.462782
-1.617550	-1.530375
-1.825699	-1.620393
-2.019633	-1.673141
-2.234414	-1.770740
-2.412241	-1.830752
-2.630496	-1.915085
-2.820009	-1.998155
-3.018365	-2.031004
-3.233778	-2.130498
-3.418869	-2.183246
-3.623227	-2.246101
-3.826953	-2.341173
-4.024046	-2.358229
-4.221456	-2.461198
-4.420444	-2.490888
-4.636804	-2.594173
-4.802312	-2.649763
-5.022779	-2.691772
-5.226820	-2.790318
-5.410332	-2.834538
-5.627008	-2.882232
-5.824733	-2.964670
-6.026564	-3.036685
-6.221447	-3.097329
-6.420119	-3.163974
-6.627004	-3.240411
-6.818411	-3.295686
-7.025296	-3.366437
-7.222390	-3.435925
-7.422009	-3.481724
-7.622893	-3.548054
-7.822513	-3.595116
-8.024660	-3.667762
-8.214805	-3.710087
-8.434956	-3.792209
-8.620362	-3.835797
-8.817140	-3.874963
-9.034131	-3.967192
-9.214800	-4.008885
-9.337036	-4.053737
-9.360724	-4.061317
-9.379360	-4.068582
-9.377150	-4.072688
-9.362620	-4.076162
-9.366095	-4.069530
-9.330087	-4.061633
-9.230277	-4.028152
-9.026235	-3.983301
-8.820930	-3.898968
-8.622257	-3.850958
-8.426427	-3.770099
-8.233124	-3.719563
-8.021186	-3.673448
-7.821881	-3.585956
-7.626052	-3.555318
-7.415377	-3.457403
-7.237235	-3.421080
-7.018348	-3.354750
-6.825676	-3.283367
-6.626056	-3.234094
-6.420435	-3.160500
-6.223341	-3.110911
-6.014246	-3.018997
-5.833893	-2.965302
-5.618164	-2.896446
-5.426756	-2.815271
-5.230295	-2.771683
-5.017725	-2.690824
-4.826632	-2.623547
-4.626065	-2.567641
-4.426445	-2.501312
-4.222719	-2.452986
-4.026258	-2.373075
-3.824110	-2.325065
-3.612804	-2.231256
-3.437820	-2.168717
-3.225566	-2.130498
-3.020892	-2.041111
-2.821904	-1.992786
-2.619125	-1.893923
-2.429297	-1.841175
-2.218622	-1.742313
-2.027530	-1.673457
-1.824751	-1.622604
-1.615339	-1.502579
-1.430880	-1.458676
-1.218626	-1.368025
-1.021533	-1.253370
-0.826335	-1.142189
-0.628610	-0.936568
-0.423304	-0.751793
-0.218631	-0.529116
-0.030697	-0.333602
0.182212	-0.121979
0.384701	0.082074
0.567920	0.171788
0.783361	0.286142
0.970687	0.331315
1.179177	0.382490
1.375664	0.405234
1.577521	0.404918
1.773376	0.409973
1.969231	0.428926
2.184040	0.471888
2.377368	0.494948
2.580804	0.506321
2.791506	0.484208
2.973778	0.475363
3.173739	0.505689
3.373069	0.537594
3.583456	0.567288
3.774888	0.567920
3.979588	0.540753
4.186183	0.549282
4.368771	0.549282
4.579473	0.610566
4.774380	0.616884
4.986662	0.611198
5.175883	0.601405
5.373633	0.569816
5.589390	0.624466
5.763764	0.629836
5.989629	0.687329
6.172532	0.644683
6.384182	0.610882
6.585407	0.629204
6.777787	0.623518
6.981224	0.672797
7.171392	0.680063
7.393783	0.645315
7.575423	0.662689
7.782650	0.658898
7.983559	0.693015
8.162988	0.709441
8.378112	0.691435
8.588182	0.692383
8.766664	0.680063
8.981156	0.698069
9.170377	0.678484
9.378236	0.727763
9.569353	0.699333
9.777528	0.669954
9.981280	0.707862
9.769630	0.680063
9.578197	0.711021
9.368128	0.720182
9.171640	0.739451
8.976418	0.673745
8.779299	0.679747
8.576810	0.687329
8.370531	0.659846
8.184468	0.697437
7.970923	0.692383
7.776016	0.651317
7.582372	0.666480
7.378304	0.643103
7.177395	0.667111
6.971115	0.667111
6.784421	0.638365
6.572140	0.652896
6.379759	0.633311
6.190854	0.632363
5.971623	0.637101
5.782086	0.623518
5.574227	0.623518
5.375844	0.600142
5.179042	0.621938
4.970867	0.578345
4.786384	0.599510
4.575682	0.595087
4.373825	0.556548
4.173863	0.591296
3.974849	0.560339
3.782785	0.552441
3.571451	0.543912
3.379387	0.518957
3.175635	0.513902
2.978516	0.500003
2.784241	0.499687
2.574802	0.463991
2.384633	0.474415
2.172668	0.443142
1.982815	0.433349
1.778115	0.442826
1.573099	0.411868
1.388300	0.374592
1.174123	0.354059
0.978584	0.327524
0.771989	0.299093
0.578661	0.195164
0.374592	0.071649
0.172735	-0.124822
-0.013957	-0.305806
-0.223368	-0.519008
-0.424568	-0.769165
-0.630189	-0.964363
-0.824440	-1.139663
-1.020269	-1.251475
-1.227786	-1.373711
-1.416351	-1.439093
-1.625763	-1.526268
-1.827278	-1.629869
-2.019317	-1.677879
-2.231256	-1.755263
-2.418874	-1.832016
-2.627337	-1.906557
-2.812428	-1.976361
-3.031631	-2.048692
-3.231883	-2.144712
-3.414131	-2.174718
-3.625438	-2.250523
-3.826953	-2.347174
-4.014571	-2.383498
-4.224298	-2.465620
-4.413811	-2.505418
-4.629539	-2.590698
-4.813367	-2.633655
-5.026569	-2.698720
-5.226820	-2.790318
-5.418544	-2.812428
-5.633009	-2.907816
-5.823786	-2.964670
-6.025617	-3.025630
-6.221131	-3.106805
-6.425804	-3.165554
-6.625424	-3.231883
-6.817148	-3.282420
-7.029087	-3.347486
-7.224600	-3.422343
-7.416640	-3.461825
-7.622893	-3.545211
-7.821566	-3.585956
-8.024660	-3.662709
-8.219543	-3.710087
-8.429901	-3.767888
-8.615940	-3.819373
-8.820614	-3.871173
-9.029393	-3.966877
-9.217327	-4.009517
-9.339562	-4.061317
-9.359462	-4.066371
-9.377781	-4.068898
-9.382519	-4.074899
-9.364515	-4.076478
-9.354408	-4.074899
-9.330087	-4.063528
-9.231541	-4.016782
-9.018338	-3.937818
-8.821561	-3.876858
-8.627311	-3.844957
-8.413161	-3.766309
-8.228070	-3.698084
-8.026555	-3.648179
-7.820618	-3.574269
-7.621630	-3.552475
-7.417272	-3.459298
-7.230602	-3.435609
-7.022138	-3.340853
-6.834204	-3.262205
-6.629215	-3.227461
-6.414750	-3.142180
-6.223341	-3.098593
-6.017405	-3.033526
-5.821259	-2.952036
-5.623534	-2.883496
-5.429599	-2.818745
-5.219872	-2.782106
-5.018356	-2.696510
-4.820947	-2.647868
-4.626697	-2.593857
-4.422655	-2.509208
-4.223035	-2.437193
-4.024994	-2.387920
-3.818109	-2.315273
-3.616910	-2.231572
-3.438452	-2.180087
-3.223355	-2.111547
-3.007626	-2.025003
-2.830748	-1.983626
-2.620073	-1.904346
-2.420768	-1.840860
-2.222412	-1.749893
-2.025319	-1.691145
-1.819381	-1.620077
-1.619761	-1.514266
-1.431512	-1.465940
-1.207887	-1.372131
-1.028482	-1.253054
-0.822545	-1.158930
-0.625451	-0.947939
-0.424252	-0.746108
-0.218946	-0.502900
-0.033856	-0.310228
0.183160	-0.102396
0.376488	0.087128
0.572659	0.182212
0.784940	0.283931
0.969423	0.305727
1.179493	0.355323
1.382298	0.395442
1.572151	0.409025
1.776535	0.451039
1.970495	0.432085
2.180881	0.459252
2.368523	0.468097
2.580804	0.485788
2.778871	0.520536
2.975357	0.489262
3.186059	0.502530
3.377176	0.520852
3.573031	0.530329
3.775836	0.553389
3.981483	0.569816
4.176391	0.584979
4.371614	0.555284
4.580105	0.597614
4.770589	0.587190
4.979712	0.601089
5.180305	0.622886
5.370474	0.603616
5.579913	0.629836
5.767239	0.602669
5.982679	0.629836
6.171900	0.637101
6.379444	0.626045
6.584775	0.655423
6.767994	0.634890
6.980592	0.638049
7.182133	0.655423
7.377672	0.655107
7.578581	0.670902
7.780755	0.662373
7.977557	0.714812
8.166779	0.658898
8.379060	0.668691
8.582497	0.728079
8.770770	0.668691
8.983999	0.694278
9.167850	0.705019
9.376025	0.717023
9.570300	0.699649
9.773421	0.697437
9.978753	0.706914
9.769315	0.700596
9.583884	0.735661
9.373498	0.686697
9.171640	0.673429
8.979260	0.698069
8.779614	0.677220
8.576179	0.704703
8.373058	0.684170
8.178467	0.667111
7.976609	0.663637
7.776648	0.656055
7.582688	0.677220
7.373566	0.673113
7.183397	0.666480
6.977749	0.619095
6.776208	0.636785
6.578773	0.647210
6.379128	0.635522
6.180746	0.683538
5.967200	0.630783
5.784929	0.610882
5.569172	0.607723
5.376476	0.591612
5.182517	0.641840
4.974026	0.614673
4.790175	0.596983
4.569680	0.572975
4.377616	0.552757
4.168809	0.579292
3.974218	0.558759
3.783733	0.592244
3.568292	0.521168
3.379703	0.493053
3.177530	0.512323
2.970935	0.501582
2.785504	0.519272
2.580804	0.489894
2.383370	0.474415
2.169509	0.425452
1.975233	0.411236
1.786644	0.434297
1.567097	0.412816
1.382298	0.389439
1.183916	0.351848
0.976373	0.302884
0.774516	0.272242
0.578345	0.199271
0.375856	0.084285
0.181265	-0.122295
-0.013957	-0.313703
-0.224948	-0.518377
-0.424568	-0.769797
-0.622609	-0.974155
-0.826335	-1.151665
-1.020269	-1.256213
-1.228733	-1.372131
-1.416035	-1.422352
-1.627658	-1.517424
-1.827910	-1.608706
-2.018370	-1.665244
-2.233151	-1.753684
-2.416031	-1.834858
-2.620389	-1.905610
-2.816534	-1.965938
-3.027209	-2.028477
-3.226829	-2.125760
-3.420764	-2.161452
-3.623227	-2.246417
-3.823795	-2.326644
-4.020888	-2.351912
-4.225562	-2.458671
-4.418865	-2.495626
-4.625117	-2.597331
-4.815578	-2.652922
-5.023094	-2.717040
-5.214818	-2.800742
-5.420439	-2.835170
-5.632694	-2.916344
-5.820627	-2.981411
-6.028460	-3.040475
-6.218288	-3.111542
-6.423277	-3.146286
-6.625741	-3.228724
-6.819991	-3.293159
-7.030350	-3.362331
-7.224600	-3.435925
-7.427379	-3.482356
-7.617208	-3.561635
-7.821566	-3.594800
-8.034451	-3.679449
-8.216384	-3.741672
-8.426743	-3.802316
-8.616571	-3.851906
-8.822824	-3.882228
-9.023708	-3.955822
-9.223329	-3.998146
-9.332930	-4.062265
-9.339878	-4.078057
-9.366410	-4.082795
-9.379360	-4.085322
-9.358198	-4.081532
-9.344933	-4.089112
-9.307661	-4.091323
-9.225855	-4.070161
-9.011390	-4.003831
-8.827247	-3.913181
-8.625099	-3.878121
-8.415689	-3.788103
-8.226807	-3.737250
-8.026239	-3.694294
-7.819355	-3.577744
-7.627315	-3.538578
-7.418220	-3.446033
-7.229338	-3.423291
-7.009503	-3.337694
-6.831993	-3.291895
-6.625741	-3.241990
-6.417908	-3.144075
-6.218288	-3.095118
-6.017405	-3.042054
-5.831998	-2.989307
-5.619743	-2.928031
-5.423282	-2.848436
-5.219240	-2.787160
-5.016146	-2.705038
-4.826317	-2.658607
-4.623538	-2.612176
-4.421075	-2.517420
-4.226193	-2.465620
-4.012044	-2.393289
-3.825374	-2.327907
-3.614067	-2.263473
-3.432451	-2.204724
-3.219249	-2.135868
-3.023735	-2.029109
-2.829169	-1.987732
-2.615651	-1.892660
-2.424875	-1.846229
-2.223044	-1.760633
-2.027530	-1.675036
-1.818750	-1.623236
-1.614076	-1.524373
-1.428354	-1.464677
-1.211677	-1.363603
-1.026902	-1.242631
-0.822545	-1.137767
-0.622924	-0.949202
-0.428990	-0.781483
-0.216420	-0.525010
-0.027223	-0.308965
0.187898	-0.115662
0.373013	0.073860
0.574238	0.180317
0.784308	0.301305
0.968475	0.310782
1.188654	0.376804
1.369030	0.388492
1.570572	0.381542
1.786328	0.427031
1.965756	0.437771
2.179617	0.461780
2.373261	0.479470
2.586490	0.485472
2.775712	0.490526
2.975673	0.489262
3.181005	0.528117
3.373701	0.533172
3.572715	0.542649
3.778995	0.555284
3.978009	0.543912
4.174180	0.591928
4.370034	0.562234
4.575050	0.607407
4.767430	0.623202
4.980344	0.588769
5.189150	0.594140
5.365736	0.601721
5.583072	0.618148
5.770713	0.636154
5.981731	0.659214
6.173480	0.610882
6.385129	0.613409
6.580985	0.650369
6.765783	0.626677
6.984699	0.663637
7.178658	0.687013
7.378936	0.635206
7.578581	0.657319
7.784861	0.637733
7.977557	0.688592
8.167094	0.711653
8.382851	0.689224
8.576810	0.684170
8.769191	0.633626
8.989685	0.680063
9.159953	0.703439
9.378868	0.728711
9.575670	0.720182
9.778476	0.670902
9.986650	0.670270
9.771210	0.668375
9.585148	0.724920
9.368128	0.730290
9.183645	0.665216
8.975786	0.673429
8.778983	0.623834
8.582180	0.679115
8.379692	0.712284
8.177203	0.709757
7.976294	0.682590
7.778227	0.627309
7.580793	0.634574
7.375461	0.650369
7.180238	0.707862
6.971747	0.670902
6.777155	0.640576
6.586987	0.606459
6.373126	0.586558
6.178850	0.649421
5.975098	0.644051
5.783981	0.656055
5.565382	0.618464
5.378056	0.564445
5.178726	0.594455
4.968972	0.606775
4.782909	0.631731
4.570628	0.614673
4.370982	0.563498
4.174495	0.529381
3.981799	0.522431
3.779310	0.589717
3.576506	0.543596
3.380651	0.540437
3.176583	0.518641
2.971566	0.453566
2.790559	0.469361
2.571643	0.499687
2.378631	0.500951
2.172668	0.460200
1.981551	0.428295
1.769270	0.412500
1.562990	0.386281
1.387036	0.397969
1.173491	0.395442
0.973846	0.324997
0.778622	0.281087
0.573922	0.173683
0.372065	0.066279
0.177158	-0.104291
-0.015220	-0.324126
-0.227159	-0.539223
-0.426779	-0.754004
-0.616291	-0.926776
-0.829493	-1.148190
-1.022165	-1.275480
-1.226207	-1.374027
-1.419825	-1.442251
-1.625447	-1.547115
-1.825067	-1.622920
-2.019317	-1.667140
-2.234414	-1.755579
-2.413820	-1.800430
-2.627653	-1.885395
-2.822536	-1.975414
-3.024683	-2.032899
-3.229040	-2.127656
-3.416342	-2.185141
-3.624806	-2.257156
-3.825058	-2.349701
-4.023415	-2.385077
-4.220508	-2.480781
-4.416969	-2.509840
-4.633330	-2.604280
-4.813683	-2.671241
-5.020567	-2.721462
-5.225557	-2.798531
-5.420755	-2.855384
-5.634273	-2.928663
-5.820311	-2.980779
-6.031302	-3.060058
-6.216709	-3.136179
-6.420435	-3.169660
-6.627635	-3.230936
-6.819359	-3.290632
-7.023401	-3.325692
-7.224600	-3.424870
-7.422009	-3.468774
-7.621630	-3.539841
-7.823145	-3.588167
-8.033504	-3.658287
-8.216384	-3.699032
-8.427691	-3.757465
-8.620046	-3.838640
-8.823140	-3.898336
-9.020234	-3.968772
-9.222381	-4.013307
-9.334825	-4.055000
-9.349038	-4.072688
-9.368937	-4.085006
-9.373991	-4.085954
-9.366410	-4.076162
-9.365147	-4.061317
-9.329455	-4.059106
-9.225539	-4.040471
-9.017707	-4.000041
-8.820614	-3.915708
-8.623521	-3.857907
-8.420742	-3.753991
-8.234072	-3.711350
-8.021817	-3.688609
-7.820934	-3.593852
-7.629210	-3.559108
-7.418220	-3.441295
-7.231865	-3.416974
-7.019295	-3.353171
-6.827571	-3.288421
-6.626056	-3.241359
-6.416013	-3.136495
-6.226816	-3.087853
-6.016457	-3.018681
-5.830102	-2.956458
-5.626692	-2.907816
-5.416018	-2.833275
-5.224609	-2.772946
-5.018356	-2.690508
-4.824422	-2.632391
-4.618484	-2.582170
-4.426445	-2.506997
-4.221139	-2.470989
-4.017729	-2.378444
-3.830112	-2.324117
-3.617226	-2.248628
-3.425186	-2.199039
-3.225882	-2.135236
-3.024683	-2.054693
-2.823799	-1.993417
-2.618494	-1.893291
-2.428349	-1.854441
-2.217674	-1.754631
-2.029741	-1.681037
-1.824751	-1.622288
-1.612813	-1.529111
-1.425827	-1.455517
-1.217363	-1.369605
-1.025955	-1.267268
-0.821913	-1.140926
-0.630821	-0.924250
-0.422673	-0.763164
-0.217999	-0.517429
-0.025328	-0.316545
0.178737	-0.120084
0.380279	0.083969
0.574554	0.186319
0.780834	0.283931
0.973530	0.321206
1.183600	0.365747
1.369030	0.404287
1.574362	0.399864
1.786644	0.432717
1.961334	0.422608
2.177090	0.453566
2.376104	0.480733
2.582700	0.497792
2.776659	0.522747
2.975041	0.489578
3.181321	0.506637
3.365172	0.502846
3.578717	0.536015
3.790367	0.589085
3.971691	0.565709
4.175127	0.560971
4.375405	0.532856
4.575682	0.567288
4.773748	0.625729
4.981291	0.634258
5.180937	0.639313
5.367000	0.581188
5.582440	0.583083
5.766291	0.606144
5.979520	0.655107
6.172532	0.679747
6.380391	0.645946
6.581301	0.621938
6.773681	0.580240
6.985014	0.632995
7.172340	0.695858
7.380831	0.686065
7.577002	0.697437
7.775384	0.625097
7.982296	0.636785
8.168358	0.672797
8.378112	0.720498
8.578706	0.723341
8.773297	0.683538
8.992845	0.659846
9.164060	0.625097
9.382659	0.705019
9.570932	0.741663
9.773106	0.722393
9.983491	0.720182
9.767735	0.651632
9.587675	0.641208
9.370023	0.705019
9.177643	0.732818
8.972627	0.729027
8.777088	0.674693
8.582497	0.651317
8.377165	0.626045
8.174992	0.687645
7.977557	0.723025
7.776964	0.690172
7.577634	0.658266
7.374829	0.607091
7.182133	0.628572
6.969851	0.657634
6.783473	0.664268
6.582248	0.679115
6.376285	0.607091
6.180746	0.586242
5.975729	0.614673
5.777663	0.648158
5.570120	0.645630
5.378688	0.630783
5.177463	0.603616
4.968972	0.545492
4.785752	0.587190
4.580737	0.619727
4.369402	0.590665
4.177654	0.584347
3.984642	0.524327
3.779942	0.543912
3.570188	0.525274
3.392023	0.545492
3.173108	0.545176
2.973778	0.482629
2.789927	0.482944
2.570064	0.456725
2.383054	0.458305
2.172984	0.472520
1.974285	0.452303
1.784117	0.416291
1.567728	0.385965
1.393354	0.373329
1.171912	0.357218
0.975741	0.327840
0.777675	0.303832
0.567604	0.175263
0.380279	0.064699
0.177158	-0.087235
-0.019010	-0.323810
-0.222105	-0.544277
-0.421093	-0.775166
-0.627662	-0.943517
-0.828230	-1.142821
-1.013636	-1.253686
-1.229365	-1.357602
-1.418246	-1.459623
-1.620709	-1.511739
-1.824751	-1.619761
-2.021528	-1.686407
-2.225255	-1.776741
-2.416978	-1.817802
-2.626074	-1.912874
-2.818114	-1.984573
-3.021208	-2.049955
-3.235042	-2.151345
-3.419501	-2.193985
-3.621964	-2.247365
-3.824742	-2.327907
-4.022151	-2.371179
-4.225562	-2.473832
-4.422023	-2.519947
-4.631119	-2.610281
-4.809261	-2.631128
-5.025305	-2.693035
-5.229032	-2.791582
-5.408121	-2.848436
-5.632062	-2.917292
-5.822206	-2.975409
-6.026564	-3.026893
-6.216077	-3.088801
-6.427068	-3.152604
-6.626688	-3.238832
-6.819359	-3.298844
-7.030350	-3.344643
-7.228707	-3.421396
-7.417272	-3.463089
-7.622262	-3.559740
-7.824409	-3.608382
-8.020238	-3.673764
-8.219543	-3.708192
-8.432744	-3.764414
-8.616887	-3.848747
-8.817455	-3.890756
-9.026235	-3.979195
-9.221433	-4.018361
-9.332930	-4.058790
-9.358198	-4.060054
-9.370200	-4.071740
-9.372412	-4.081532
-9.357567	-4.081532
-9.349986	-4.076794
-9.331350	-4.054684
-9.227434	-4.018677
-9.019602	-3.976668
-8.820298	-3.898020
-8.616571	-3.851274
-8.424532	-3.765993
-8.230597	-3.710719
-8.017395	-3.660498
-7.825356	-3.574585
-7.627315	-3.552791
-7.406848	-3.471301
-7.236603	-3.425186
-7.014557	-3.341800
-6.824413	-3.267890
-6.629847	-3.233146
-6.416329	-3.160500
-6.229659	-3.120702
-6.013930	-3.037948
-5.835788	-2.962775
-5.616269	-2.920450
-5.427388	-2.831695
-5.222398	-2.793161
-5.018356	-2.712302
-4.815578	-2.625442
-4.629539	-2.581854
-4.426761	-2.500996
-4.222403	-2.453617
-4.022467	-2.381603
-3.828217	-2.335488
-3.614699	-2.238205
-3.427081	-2.179771
-3.227777	-2.128603
-3.017734	-2.045849
-2.825063	-1.981731
-2.621652	-1.896450
-2.424243	-1.832647
-2.221148	-1.741050
-2.034794	-1.685459
-1.819381	-1.619761
-1.616287	-1.520583
-1.429933	-1.453622
-1.219574	-1.362972
-1.022796	-1.250843
-0.820965	-1.143769
-0.627031	-0.978261
-0.418882	-0.775482
-0.223053	-0.521851
-0.031329	-0.322863
0.183792	-0.121979
0.377435	0.107029
0.572659	0.191689
0.785888	0.314888
0.970371	0.323102
1.182968	0.340160
1.379139	0.380594
1.576258	0.411236
1.779062	0.468413
1.968915	0.439667
2.184356	0.443773
2.371998	0.442826
2.580173	0.459884
2.782345	0.528117
2.970303	0.525906
3.182269	0.542333
3.373701	0.512323
3.582508	0.497160
3.779310	0.548019
3.977693	0.576449
4.179865	0.610566
4.366560	0.583083
4.579157	0.566657
4.775328	0.555916
4.977817	0.592244
5.178410	0.642787
5.371106	0.644999
5.578649	0.641208
5.769134	0.584347
5.982363	0.596667
6.171900	0.629520
6.375337	0.657634
6.585091	0.678484
6.774628	0.629836
6.977117	0.613409
7.179290	0.614673
7.384306	0.663952
7.573211	0.709757
7.785177	0.676904
7.980400	0.685433
8.162988	0.648158
8.379375	0.639944
8.587234	0.712916
8.769822	0.715759
8.983999	0.722393
9.169430	0.659530
9.376341	0.687960
9.567142	0.666480
9.779107	0.699964
9.983808	0.753982
9.768051	0.704387
9.581988	0.672797
9.376025	0.679431
9.171009	0.665848
8.974523	0.709441
8.780247	0.708809
8.574599	0.743874
8.367056	0.654160
8.180677	0.656055
7.974398	0.681011
7.769698	0.677536
7.590586	0.693962
7.378936	0.655107
7.185292	0.633942
6.973958	0.628572
6.779683	0.636785
6.574351	0.660793
6.376600	0.636785
6.185484	0.637417
5.973202	0.607723
5.779243	0.614673
5.569804	0.618464
5.373317	0.622886
5.179990	0.614041
4.977501	0.581820
4.784805	0.596667
4.567785	0.581504
4.376036	0.561602
4.179234	0.589085
3.975481	0.549282
3.788787	0.564130
3.570504	0.529697
3.383178	0.513270
3.175003	0.515482
2.974410	0.510427
2.787084	0.502846
2.573223	0.469677
2.391899	0.479470
2.163507	0.452303
1.987553	0.416291
1.775903	0.447880
1.566149	0.416606
1.383562	0.379647
1.171280	0.369538
0.977952	0.322470
0.773884	0.287405
0.576134	0.189794
0.375540	0.080494
0.172104	-0.115346
-0.008271	-0.326653
-0.223053	-0.529116
-0.427410	-0.774535
-0.617555	-0.964047
-0.824440	-1.151033
-1.021533	-1.254318
-1.229049	-1.382239
-1.415403	-1.450463
-1.623236	-1.507949
-1.831068	-1.620393
-2.019317	-1.679458
-2.230940	-1.763159
-2.421084	-1.834543
-2.623231	-1.892660
-2.818114	-1.976677
-3.032263	-2.039848
-3.226514	-2.141869
-3.417290	-2.179771
-3.626070	-2.227150
-3.822215	-2.325381
-4.018677	-2.363915
-4.227773	-2.452986
-4.423286	-2.502891
-4.625433	-2.594805
-4.814630	-2.637445
-5.028780	-2.699352
-5.221767	-2.787476
-5.414754	-2.819377
-5.638063	-2.910659
-5.818416	-2.970356
-6.027196	-3.036369
-6.224289	-3.107436
-6.415381	-3.150708
-6.625741	-3.232515
-6.811779	-3.295686
-7.029718	-3.358225
-7.220810	-3.427713
-7.425800	-3.458667
-7.622262	-3.559108
-7.817775	-3.599538
-8.030346	-3.678817
-8.216068	-3.739461
-8.425163	-3.774837
-8.620994	-3.840535
-8.824404	-3.886334
-9.028131	-3.962455
-9.217958	-3.998778
-9.337983	-4.053421
-9.360093	-4.062896
-9.378413	-4.066371
-9.392942	-4.065739
-9.374307	-4.064792
-9.367042	-4.063844
-9.331983	-4.056895
-9.229646	-4.031627
-9.014864	-3.964034
-8.824088	-3.881912
-8.621942	-3.885070
-8.420742	-3.777996
-8.223648	-3.725880
-8.024344	-3.674079
-7.826935	-3.596379
-7.613418	-3.550896
-7.418851	-3.456772
-7.230602	-3.436873
-7.017084	-3.340537
-6.832625	-3.286842
-6.625424	-3.251466
-6.413170	-3.126388
-6.226184	-3.104278
-6.012667	-3.037948
-5.829155	-2.968144
-5.621639	-2.915397
-5.426756	-2.844645
-5.223346	-2.776105
-5.013303	-2.696194
-4.828528	-2.644709
-4.626065	-2.600174
-4.419812	-2.488993
-4.226509	-2.466568
-4.018361	-2.383498
-3.820004	-2.320959
-3.612172	-2.247680
-3.434030	-2.178824
-3.223671	-2.121338
-3.011417	-2.031636
-2.833591	-1.973203
-2.613756	-1.883184
-2.423611	-1.820645
-2.223675	-1.752104
-2.031636	-1.675668
-1.822224	-1.609654
-1.621657	-1.519004
-1.430249	-1.456149
-1.211361	-1.361392
-1.025639	-1.254949
-0.820649	-1.126081
-0.625451	-0.939727
-0.424568	-0.777377
-0.218631	-0.542697
-0.025959	-0.316545
0.184108	-0.104923
0.378699	0.071333
0.570447	0.179369
0.781150	0.310150
0.973530	0.335737
1.185179	0.377751
1.371873	0.376172
1.571203	0.374908
1.781274	0.429242
1.971442	0.469993
2.184040	0.473468
2.375156	0.480733
2.582700	0.458305
2.780450	0.473152
2.973462	0.483892
3.183848	0.552126
3.368015	0.554969
3.579665	0.518325
3.779626	0.532540
3.975165	0.534435
4.171652	0.581820
4.376984	0.584663
4.591161	0.600142
4.770274	0.587190
4.975921	0.569500
5.182201	0.614357
5.372370	0.617832
5.579281	0.645315
5.773557	0.653844
5.980468	0.620359
6.174428	0.611198
6.379128	0.622570
6.582564	0.679747
6.767363	0.656687
6.981224	0.647526
7.184029	0.648789
7.377357	0.648158
7.578581	0.668059
7.781702	0.665848
7.973766	0.705966
8.168042	0.665848
8.385694	0.666480
8.576179	0.716391
8.768874	0.662373
8.986526	0.714496
9.164060	0.691435
9.378868	0.696805
9.570300	0.693331
9.779739	0.689856
9.978121	0.703123
9.769946	0.690803
9.583568	0.705651
9.367496	0.685749
9.177011	0.678484
8.979576	0.716075
8.774561	0.656055
8.579337	0.698069
8.370847	0.684170
8.177835	0.672797
7.975030	0.685749
7.776332	0.654476
7.581109	0.669639
7.373250	0.653844
7.179922	0.667743
6.969220	0.645315
6.773996	0.650369
6.585091	0.639944
6.376285	0.623202
6.179482	0.652264
5.976046	0.605828
5.782402	0.632995
5.566961	0.626045
5.380583	0.593508
5.182201	0.611514
4.972763	0.595087
4.785120	0.584347
4.581684	0.591928
4.375089	0.594771
4.171968	0.561602
3.981483	0.554021
3.782154	0.558128
3.570188	0.509796
3.386969	0.538226
3.176267	0.542017
2.967776	0.479470
2.790559	0.480417
2.573223	0.461148
2.382106	0.471888
2.171720	0.462411
1.988501	0.443142
1.770849	0.438403
1.565517	0.376488
1.384193	0.375224
1.171280	0.394178
0.976057	0.329419
0.778938	0.290564
0.572343	0.190426
0.373961	0.057434
0.175894	-0.124190
-0.015220	-0.328864
-0.228738	-0.546803
-0.427095	-0.781168
-0.618502	-0.952361
-0.831073	-1.125765
-1.017111	-1.264109
-1.226838	-1.372131
-1.420457	-1.467520
-1.622920	-1.528795
-1.823803	-1.619446
-2.022160	-1.673773
-2.234414	-1.765370
-2.416662	-1.832647
-2.630496	-1.890449
-2.823483	-1.992786
-3.022787	-2.043638
-3.224934	-2.132709
-3.423923	-2.179140
-3.625438	-2.253366
-3.817477	-2.325696
-4.025310	-2.375285
-4.223666	-2.468463
-4.418865	-2.488993
-4.639015	-2.585013
-4.816209	-2.639972
-5.020252	-2.697773
-5.224609	-2.784001
-5.421703	-2.824431
-5.629535	-2.911922
-5.822206	-2.955826
-6.031934	-3.030368
-6.216077	-3.089117
-6.422014	-3.133968
-6.630478	-3.231883
-6.820622	-3.270417
-7.026560	-3.316216
-7.225864	-3.393601
-7.416324	-3.444137
-7.624473	-3.525312
-7.824409	-3.569532
-8.029398	-3.653865
-8.217963	-3.697453
-8.426743	-3.747358
-8.619099	-3.836113
-8.813664	-3.897704
-9.028446	-3.964034
-9.221117	-4.007622
-9.343669	-4.048999
-9.361041	-4.058790
-9.375255	-4.069530
-9.377465	-4.084691
-9.357567	-4.081216
-9.353460	-4.072372
-9.327560	-4.059738
-9.225224	-4.028468
-9.022129	-3.990882
-8.824719	-3.925816
-8.616256	-3.874331
-8.419794	-3.777680
-8.234703	-3.716404
-8.020238	-3.675343
-7.823145	-3.591641
-7.627315	-3.572058
-7.416008	-3.478565
-7.232181	-3.435609
-7.020875	-3.349065
-6.826308	-3.300108
-6.625424	-3.253045
-6.412854	-3.142496
-6.231554	-3.111858
-6.011087	-3.029736
-5.831998	-2.949193
-5.615005	-2.913502
-5.423282	-2.821904
-5.229347	-2.767893
-5.014566	-2.712302
-4.820632	-2.639972
-4.624170	-2.580591
-4.427392	-2.506049
-4.227457	-2.476675
-4.019940	-2.377181
-3.831375	-2.327276
-3.617226	-2.252102
-3.426134	-2.173770
-3.231251	-2.126392
-3.023419	-2.038584
-2.820640	-1.992154
-2.619757	-1.889185
-2.427086	-1.832332
-2.216727	-1.753052
-2.030372	-1.677879
-1.828225	-1.625763
-1.616919	-1.538271
-1.425827	-1.457412
-1.217994	-1.355391
-1.023428	-1.268531
-0.820649	-1.126397
-0.627346	-0.924250
-0.422357	-0.750845
-0.214209	-0.506058
-0.029434	-0.313703
0.186635	-0.099553
0.373329	0.077651
0.580240	0.184739
0.782729	0.289301
0.975109	0.319311
1.185179	0.376172
1.368399	0.385965
1.575626	0.384069
1.781590	0.433665
1.964809	0.432085
2.183408	0.446617
2.376104	0.488631
2.580173	0.481049
2.782029	0.488315
2.974094	0.500003
3.180689	0.533804
3.362329	0.521484
3.581560	0.534435
3.780258	0.562866
3.972954	0.537278
4.185552	0.586874
4.370666	0.561918
4.581052	0.586242
4.774064	0.603932
4.977817	0.594771
5.181569	0.620359
5.366368	0.621622
5.580229	0.619727
5.763764	0.634258
5.978572	0.632363
6.186431	0.624781
6.380707	0.641208
6.580985	0.637101
6.772417	0.618148
6.981224	0.665216
7.174551	0.652896
7.382095	0.660162
7.577634	0.694594
7.778859	0.659846
7.981032	0.672797
8.169937	0.670270
8.381587	0.662057
8.578390	0.687013
8.771086	0.691435
8.989369	0.702176
9.167218	0.653528
9.382659	0.700596
9.564299	0.690488
9.787952	0.689856
9.983175	0.739767
9.769630	0.686697
9.584516	0.668375
9.371919	0.674693
9.175748	0.682274
8.978312	0.711021
8.778983	0.691751
8.588814	0.687645
8.363265	0.652264
8.177203	0.643103
7.981348	0.672482
7.773173	0.692699
7.585531	0.696174
7.374513	0.662373
7.178342	0.638681
6.969220	0.623834
6.785685	0.657003
6.585407	0.683538
6.369335	0.651948
6.188327	0.613725
5.979520	0.598878
5.776400	0.592560
5.574227	0.627624
5.374897	0.658898
5.180621	0.626677
4.971183	0.568868
4.786384	0.564445
4.573787	0.585294
4.377616	0.574870
4.175127	0.604564
3.984326	0.565709
3.781206	0.532856
3.577137	0.501266
3.383178	0.518957
3.171844	0.540121
2.968724	0.505373
2.789295	0.516113
2.571643	0.435876
2.383054	0.444405
2.170141	0.456725
1.981235	0.449775
1.775903	0.460516
1.569308	0.398916
1.387352	0.370802
1.165910	0.348373
0.988377	0.313625
0.783361	0.313309
0.570447	0.189478
0.379963	0.098500
0.167365	-0.121979
-0.020906	-0.329811
-0.212313	-0.555963
-0.422357	-0.798855
-0.619766	-0.982999
-0.831388	-1.151349
-1.013636	-1.244526
-1.229365	-1.371500
-1.416667	-1.457096
-1.620393	-1.523110
-1.826962	-1.620393
-2.023739	-1.688933
-2.231572	-1.766634
-2.418558	-1.832016
-2.622284	-1.905926
-2.817482	-1.975098
-3.030052	-2.035426
-3.236305	-2.136499
-3.421712	-2.189247
-3.621648	-2.243258
-3.824426	-2.330434
-4.025941	-2.377496
-4.218613	-2.464041
-4.424550	-2.516473
-4.630171	-2.613440
-4.812103	-2.646920
-5.020252	-2.704722
-5.226505	-2.805795
-5.419807	-2.846225
-5.630798	-2.928663
-5.815573	-2.997835
-6.027196	-3.034158
-6.214814	-3.084063
-6.424541	-3.139022
-6.628583	-3.222723
-6.813990	-3.284947
-7.034140	-3.343380
-7.225548	-3.426765
-7.409691	-3.455824
-7.629526	-3.540157
-7.822197	-3.580902
-8.027187	-3.675975
-8.220490	-3.732828
-8.430849	-3.773890
-8.622889	-3.832954
-8.813664	-3.889176
-9.031288	-3.976036
-9.217011	-4.023099
-9.337352	-4.054684
-9.377150	-4.045525
-9.404944	-4.039523
-9.413157	-4.046788
-9.377781	-4.063212
-9.355671	-4.072372
-9.320928	-4.061317
-9.223012	-4.025626
-9.020550	-3.960244
-8.819035	-3.908759
-8.612782	-3.878437
-8.426743	-3.806738
-8.229965	-3.720826
-8.021186	-3.660182
-7.824724	-3.582482
-7.620366	-3.568584
-7.414429	-3.480461
-7.231549	-3.470985
-7.017400	-3.363279
-6.827571	-3.301055
-6.625424	-3.260626
-6.417276	-3.170607
-6.228079	-3.117544
-6.006033	-3.048056
-5.837683	-2.977304
-5.617217	-2.887286
-5.426756	-2.808638
-5.227452	-2.778632
-5.012039	-2.703143
-4.823790	-2.645025
-4.633014	-2.608070
-4.422339	-2.513630
-4.225877	-2.467831
-4.022467	-2.375917
-3.828532	-2.347806
-3.613120	-2.254945
-3.429608	-2.195564
-3.229356	-2.134289
-3.015207	-2.027845
-2.829169	-1.986784
-2.620704	-1.906242
-2.420137	-1.844334
-2.224307	-1.758106
-2.024055	-1.676615
-1.822540	-1.607443
-1.619446	-1.529111
-1.433091	-1.458676
-1.220521	-1.374027
-1.019954	-1.235998
-0.825387	-1.147243
-0.624820	-0.939095
-0.422673	-0.751161
-0.221157	-0.517113
-0.030065	-0.302016
0.181896	-0.109029
0.375856	0.078915
0.567920	0.177474
0.783993	0.302568
0.972898	0.340792
1.184548	0.357850
1.372821	0.386281
1.576258	0.396705
1.774324	0.435560
1.967020	0.442826
2.187199	0.467466
2.370734	0.473468
2.583963	0.466518
2.778871	0.506005
2.972830	0.481365
3.181321	0.543912
3.373385	0.535067
3.579349	0.518009
3.780890	0.547071
3.984958	0.532224
4.182077	0.591296
4.364980	0.578661
4.590213	0.598246
4.772485	0.578661
4.975289	0.571711
5.180621	0.611198
5.373002	0.634890
5.577702	0.650369
5.768818	0.616252
5.981100	0.612777
6.174112	0.615936
6.382918	0.626045
6.584144	0.681011
6.769574	0.677220
6.979329	0.643103
7.176131	0.629836
7.378304	0.643419
7.577002	0.674061
7.785809	0.705651
7.975662	0.719550
8.165831	0.659530
8.380639	0.629204
8.582497	0.662689
8.769191	0.693015
8.982103	0.739135
9.169430	0.712600
9.376972	0.695542
9.569353	0.641208
9.781634	0.680379
9.976857	0.735345
9.768051	0.722393
9.585779	0.725868
9.373498	0.681958
9.178906	0.631099
8.983684	0.674693
8.778667	0.703755
8.579021	0.729659
8.368951	0.694594
8.185416	0.653212
7.969660	0.638681
7.773489	0.636785
7.587742	0.710073
7.365668	0.705966
7.179922	0.673113
6.971747	0.626045
6.777787	0.578977
6.580353	0.638049
6.375337	0.664584
6.184536	0.671218
5.970991	0.631731
5.780822	0.597614
5.572647	0.579608
5.373949	0.598246
5.182833	0.665848
4.976553	0.629204
4.788280	0.603301
4.573787	0.558128
4.373825	0.533488
4.171968	0.582767
3.978009	0.570763
3.780574	0.586874
3.569240	0.526854
3.380967	0.490210
3.176267	0.491790
2.971566	0.511691
2.787084	0.519904
2.571959	0.487051
2.383686	0.481365
2.165086	0.424820
1.983762	0.413763
1.783169	0.442826
1.564885	0.431138
1.385141	0.394810
1.177282	0.355639
0.974161	0.303516
0.772620	0.276981
0.575502	0.195796
0.381542	0.086180
0.167365	-0.125769
-0.013325	-0.316545
-0.220210	-0.517113
-0.430885	-0.773271
-0.613449	-0.961520
-0.829809	-1.156719
-1.019322	-1.273585
-1.218310	-1.379080
-1.418562	-1.462466
-1.619446	-1.540798
-1.827910	-1.627658
-2.017422	-1.692724
-2.229676	-1.763791
-2.417294	-1.865180
-2.624811	-1.911927
-2.822536	-1.992470
-3.023735	-2.046165
-3.229356	-2.113442
-3.421712	-2.181667
-3.625122	-2.255893
-3.818109	-2.338015
-4.021520	-2.372127
-4.219244	-2.461198
-4.417285	-2.496574
-4.633014	-2.590698
-4.818420	-2.652922
-5.024990	-2.718935
-5.221135	-2.792213
-5.415701	-2.823167
-5.635852	-2.906869
-5.817469	-2.972882
-6.029091	-3.061006
-6.217972	-3.131441
-6.422330	-3.155446
-6.631110	-3.235673
-6.821886	-3.286526
-7.029718	-3.365805
-7.225232	-3.450770
-7.428327	-3.479197
-7.622893	-3.553107
-7.819986	-3.586272
-8.030346	-3.686082
-8.220806	-3.759360
-8.423584	-3.804843
-8.623521	-3.880017
-8.823772	-3.912234
-9.026235	-3.984249
-9.213221	-4.049946
-9.314610	-4.087849
-9.334193	-4.093218
-9.361357	-4.084374
-9.396732	-4.068582
-9.378097	-4.061317
-9.359777	-4.066687
-9.328824	-4.066371
-9.217958	-4.034785
-9.023393	-3.958664
-8.823140	-3.880017
-8.621309	-3.843693
-8.412213	-3.783681
-8.225860	-3.724616
-8.029714	-3.684819
-7.819986	-3.584377
-7.614049	-3.534788
-7.415692	-3.454561
-7.233129	-3.408446
-7.020243	-3.348749
-6.830730	-3.290948
-6.626688	-3.237884
-6.416013	-3.131757
-6.224289	-3.103014
-6.018984	-3.022156
-5.830102	-2.946351
-5.621323	-2.905289
-5.427072	-2.826642
-5.226189	-2.790634
-5.015198	-2.701247
-4.822211	-2.654501
-4.623222	-2.595752
-4.423602	-2.495626
-4.227457	-2.465936
-4.014571	-2.376549
-3.828848	-2.336120
-3.615015	-2.264736
-3.429924	-2.194301
-3.229356	-2.129551
-3.021208	-2.038584
-2.827589	-1.985205
-2.611229	-1.892344
-2.428349	-1.835806
-2.221148	-1.751789
-2.026898	-1.673141
-1.828225	-1.613760
-1.621025	-1.523742
-1.424247	-1.451411
-1.219574	-1.372763
-1.014900	-1.263793
-0.821913	-1.129555
-0.626083	-0.952361
-0.422988	-0.775798
-0.213577	-0.545856
-0.026907	-0.302648
0.179369	-0.113451
0.373645	0.056802
0.576765	0.174947
0.778622	0.286142
0.982375	0.311729
1.185811	0.391335
1.367767	0.391019
1.574362	0.376172
1.780642	0.433665
1.966072	0.441878
2.180565	0.479470
2.374840	0.497476
2.580804	0.485788
2.774448	0.496212
2.974725	0.462095
3.184164	0.536963
3.366751	0.556548
3.575874	0.539806
3.790998	0.563182
3.971691	0.507268
4.180182	0.540121
4.372561	0.574554
4.587370	0.618464
4.769958	0.620043
4.985398	0.588769
5.183780	0.580872
5.362577	0.600142
5.581492	0.643103
5.773241	0.673429
5.981731	0.648789
6.179166	0.638049
6.376916	0.599194
6.583827	0.607723
6.764520	0.667743
6.979960	0.687960
7.187819	0.672166
7.378620	0.626045
7.578266	0.625097
7.774753	0.634258
7.979453	0.713864
8.165831	0.714496
8.379060	0.701860
8.577127	0.669639
8.775825	0.623202
8.983051	0.696174
9.166587	0.718602
9.381395	0.735029
9.566826	0.723341
9.786689	0.657003
9.980332	0.659214
9.767103	0.685433
9.580409	0.738504
9.370023	0.720814
9.182697	0.693647
8.969784	0.663321
8.778667	0.621938
8.583760	0.735977
8.366740	0.715759
8.185416	0.699649
7.976294	0.689224
7.774753	0.633626
7.581425	0.642156
7.371986	0.656687
7.179290	0.698385
6.971115	0.662689
6.779051	0.629836
6.582564	0.619095
6.372178	0.621307
6.181693	0.637417
5.982363	0.654476
5.781138	0.642156
5.572015	0.604248
5.376161	0.584979
5.185992	0.595087
4.972446	0.598562
4.782593	0.625413
4.572523	0.606459
4.379511	0.551494
4.172916	0.554969
3.978324	0.546439
3.777731	0.559707
3.570820	0.565709
3.382862	0.541385
3.172792	0.513586
2.966512	0.469993
2.786768	0.497160
2.578277	0.474415
2.378631	0.488946
2.168245	0.454198
1.978708	0.427663
1.770533	0.421345
1.570572	0.380910
1.389564	0.403655
1.167489	0.371749
0.979532	0.316784
0.776411	0.281087
0.573606	0.186319
0.380279	0.072281
0.174315	-0.115030
-0.019958	-0.328548
-0.226527	-0.519324
-0.424568	-0.768849
-0.612185	-0.946991
-0.835179	-1.148506
-1.013321	-1.263793
-1.230313	-1.375922
-1.420773	-1.474152
-1.617235	-1.537007
