# Configuration automatically generated by WRITE_CONFIG()
connection eth
ip 192.168.0.10
samplehz 1000.000000
settleus 10.000000
nsample 128

# Analog Inputs
aichannel 0
ainegative 199
airange 10.000000
airesolution 0

aichannel 1
ainegative 199
airange 10.000000
airesolution 0

# Analog Outputs
aochannel 0
aosignal triangle
aofrequency 5.000000
aoamplitude 2.000000
aooffset 2.500000
aoduty 0.500000

# Meta Parameters
int:periods 10
flt:tip_T_C 407.014328
flt:plate_T_C 139.075092
flt:plate_Q_kW 0.606397
flt:cool_Thigh_C 46.126062
flt:cool_Tlow_C 16.106472
flt:air_psig 40.000000
flt:water_gph 4.000000
flt:standoff_in 0.233000
flt:oxygen_scfh 11.308594
flt:fuel_scfh 6.269187
flt:flow_scfh 17.577781
flt:ratio_fto 0.554374

## End Configuration ##
#: Wed Jun 14 14:57:54 2017
-7.225548	-3.669657
-9.157631	-4.313053
-9.125097	-4.330110
-9.111832	-4.334847
-9.113411	-4.314949
-9.120044	-4.282099
-9.020234	-4.252093
-8.813664	-4.217349
-8.627942	-4.161127
-8.426743	-4.091323
-8.225544	-4.006990
-8.023081	-3.927079
-7.821566	-3.883807
-7.622262	-3.839271
-7.412218	-3.798842
-7.226180	-3.705981
-7.028455	-3.611224
-6.817464	-3.549317
-6.624161	-3.499096
-6.422014	-3.450454
-6.222394	-3.381282
-6.021511	-3.292527
-5.826944	-3.214195
-5.625429	-3.139022
-5.416333	-3.104909
-5.226189	-3.049951
-5.022147	-2.963722
-4.821263	-2.881284
-4.622591	-2.820956
-4.422339	-2.759365
-4.223666	-2.699668
-4.021204	-2.633970
-3.825058	-2.549637
-3.616594	-2.472885
-3.425818	-2.397395
-3.224618	-2.344648
-3.023735	-2.275476
-2.819693	-2.217990
-2.623231	-2.124813
-2.422032	-2.026898
-2.223044	-1.962779
-2.030372	-1.881605
-1.823172	-1.819066
-1.623236	-1.734101
-1.421721	-1.624183
-1.223680	-1.548694
-1.021849	-1.448252
-0.825703	-1.320647
-0.625767	-1.141242
-0.423936	-0.936884
-0.223684	-0.703151
-0.024696	-0.490581
0.175578	-0.271062
0.375856	-0.073969
0.570447	0.088076
0.776095	0.197691
0.984586	0.247603
1.179809	0.296566
1.384193	0.334790
1.568044	0.364800
1.771797	0.378699
1.974285	0.372697
2.178354	0.378383
2.377052	0.415659
2.579225	0.437771
2.786452	0.443458
2.974410	0.444405
3.174371	0.435876
3.377176	0.431769
3.578085	0.472836
3.780574	0.493369
3.979588	0.500951
4.174811	0.490526
4.374141	0.473783
4.574103	0.503794
4.778803	0.529065
4.976237	0.539174
5.178094	0.543280
5.375213	0.511375
5.581492	0.506637
5.777031	0.544228
5.976361	0.581188
6.177587	0.582136
6.378496	0.554337
6.585723	0.526222
6.773365	0.540121
6.975538	0.569500
7.184976	0.594455
7.377988	0.604564
7.580793	0.558759
7.780438	0.541385
7.972503	0.580556
8.178150	0.614673
8.380956	0.627309
8.574599	0.614357
8.776772	0.579608
8.983367	0.566341
9.173221	0.606144
9.374446	0.641840
9.586411	0.636785
9.772473	0.620359
9.980648	0.569816
9.778159	0.574870
9.582936	0.603932
9.374129	0.628888
9.175116	0.618148
8.978312	0.580872
8.781510	0.574554
8.571440	0.574870
8.375269	0.612146
8.178467	0.626677
7.972187	0.610882
7.782334	0.571395
7.580161	0.542017
7.379568	0.561602
7.179290	0.593824
6.976485	0.598562
6.769890	0.599510
6.585723	0.529697
6.375021	0.517693
6.187063	0.548335
5.974150	0.570447
5.775452	0.560655
5.573279	0.535383
5.374265	0.495580
5.183780	0.492421
4.974342	0.525274
4.778487	0.542333
4.578209	0.528433
4.376984	0.488315
4.170073	0.473152
3.978640	0.471256
3.784997	0.480101
3.575874	0.497792
3.377492	0.474731
3.171844	0.430190
2.981675	0.403023
2.779502	0.422608
2.580173	0.432717
2.376736	0.425136
2.181513	0.395126
1.972390	0.367011
1.774324	0.354059
1.572467	0.350269
1.379771	0.347425
1.186127	0.303200
0.977320	0.268452
0.777359	0.187898
0.584979	0.066911
0.370486	-0.084708
0.179053	-0.272326
-0.018695	-0.488055
-0.222737	-0.715470
-0.422673	-0.934357
-0.627031	-1.157666
-0.825387	-1.341178
-1.014268	-1.482049
-1.222416	-1.566066
-1.423300	-1.647872
-1.621657	-1.726520
-1.822540	-1.809274
-2.029109	-1.900556
-2.227466	-1.977309
-2.421400	-2.043006
-2.621020	-2.118180
-2.821904	-2.187352
-3.023735	-2.274844
-3.223039	-2.354439
-3.426450	-2.422348
-3.620068	-2.489309
-3.817793	-2.551848
-4.021520	-2.621336
-4.223666	-2.687982
-4.425181	-2.787160
-4.626697	-2.843698
-4.823158	-2.904026
-5.019620	-2.962143
-5.213239	-3.039844
-5.424861	-3.116912
-5.625745	-3.182294
-5.825049	-3.242306
-6.024669	-3.294106
-6.222710	-3.361068
-6.424225	-3.428660
-6.625741	-3.503518
-6.829466	-3.578060
-7.024664	-3.648179
-7.224285	-3.704717
-7.422641	-3.755570
-7.621314	-3.835797
-7.823777	-3.908128
-8.025924	-3.967192
-8.226175	-4.036049
-8.427375	-4.077742
-8.624152	-4.136175
-8.814612	-4.225245
-9.017076	-4.288733
-9.093828	-4.308000
-9.112463	-4.317475
-9.147523	-4.297892
-9.154156	-4.303577
-9.139627	-4.325056
-9.140574	-4.317475
-9.122254	-4.321265
-9.114358	-4.315264
-9.108041	-4.286206
-9.021497	-4.261885
-8.814928	-4.211980
-8.620046	-4.155126
-8.430218	-4.089428
-8.226491	-4.014571
-8.023081	-3.948241
-7.829462	-3.894546
-7.621945	-3.825690
-7.419167	-3.776100
-7.223022	-3.713877
-7.027192	-3.622595
-6.824097	-3.561003
-6.623529	-3.505729
-6.423277	-3.450454
-6.223026	-3.374649
-6.017720	-3.312426
-5.824733	-3.240411
-5.626060	-3.171871
-5.424545	-3.109963
-5.215134	-3.049951
-5.020252	-2.986148
-4.820632	-2.890444
-4.618484	-2.829484
-4.429288	-2.766629
-4.224930	-2.693351
-4.023415	-2.610281
-3.822215	-2.559113
-3.622911	-2.478886
-3.428660	-2.410661
-3.221144	-2.347490
-3.023735	-2.276107
-2.823799	-2.205040
-2.622916	-2.121654
-2.421716	-2.049324
-2.224307	-1.965306
-2.027214	-1.895818
-1.821908	-1.821908
-1.623552	-1.723678
-1.420773	-1.646609
-1.223048	-1.549642
-1.019322	-1.453622
-0.825071	-1.332334
-0.626715	-1.159245
-0.420462	-0.945096
-0.225264	-0.725893
-0.016484	-0.502900
0.181580	-0.271378
0.371433	-0.073969
0.573606	0.088391
0.783361	0.185687
0.979848	0.252025
1.175703	0.324049
1.379455	0.327208
1.577521	0.347110
1.770849	0.377751
1.975233	0.377751
2.177406	0.387860
2.375788	0.413763
2.585543	0.439035
2.776975	0.445037
2.975357	0.439983
3.179110	0.438719
3.376860	0.455462
3.578401	0.467150
3.777415	0.482313
3.979272	0.494001
4.174495	0.482629
4.375721	0.493369
4.584843	0.506321
4.775328	0.518009
4.976237	0.532224
5.180621	0.534435
5.368579	0.523379
5.575490	0.550230
5.777663	0.544228
5.975098	0.560023
6.187695	0.557496
6.378812	0.549914
6.582564	0.545176
6.779999	0.554021
6.973958	0.572343
7.172340	0.584031
7.377040	0.584031
7.578581	0.568236
7.781070	0.582767
7.979453	0.580872
8.173728	0.599194
8.372426	0.611198
8.581549	0.595719
8.777088	0.588769
8.978312	0.599194
9.174800	0.600142
9.371602	0.638997
9.575355	0.615936
9.777528	0.606459
9.976226	0.603932
9.778476	0.604880
9.570932	0.610882
9.381395	0.612146
9.175748	0.593192
8.976418	0.585926
8.779299	0.582451
8.575546	0.594140
8.377481	0.602037
8.174044	0.607091
7.973135	0.584663
7.779491	0.572975
7.579213	0.592560
7.378936	0.583083
7.180870	0.581188
6.975222	0.572975
6.776840	0.566341
6.582248	0.547387
6.377864	0.557812
6.192750	0.550230
5.979836	0.562234
5.781454	0.543280
5.574859	0.520536
5.376792	0.521800
5.177463	0.527486
4.978448	0.535067
4.776591	0.528749
4.581684	0.487999
4.376036	0.493369
4.178918	0.487683
3.977061	0.487683
3.781206	0.491474
3.578085	0.461464
3.375597	0.447880
3.175319	0.442826
2.976937	0.433349
2.780450	0.437771
2.579225	0.426399
2.378947	0.399548
2.177090	0.379963
1.977760	0.375224
1.781274	0.366379
1.573415	0.355007
1.374717	0.342687
1.177598	0.293723
0.977952	0.260870
0.777675	0.190741
0.573290	0.089655
0.376172	-0.072390
0.180001	-0.252743
-0.025959	-0.493108
-0.223053	-0.726525
-0.423620	-0.955203
-0.627031	-1.166826
-0.825387	-1.343073
-1.019954	-1.458044
-1.223996	-1.561644
-1.416983	-1.653242
-1.621341	-1.741365
-1.826330	-1.819381
-2.026266	-1.874340
-2.225255	-1.959305
-2.423295	-2.040164
-2.621968	-2.103019
-2.823799	-2.206619
-3.018997	-2.273264
-3.225566	-2.335488
-3.418869	-2.407503
-3.621332	-2.481413
-3.823163	-2.559429
-4.021204	-2.638708
-4.222087	-2.714513
-4.426445	-2.757154
-4.627013	-2.828853
-4.820947	-2.905605
-5.013935	-2.981726
-5.223346	-3.050898
-5.423913	-3.097961
-5.624481	-3.153235
-5.817469	-3.224934
-6.023722	-3.309583
-6.219867	-3.386020
-6.423594	-3.446033
-6.627004	-3.486778
-6.825676	-3.554686
-7.026244	-3.640599
-7.225864	-3.725248
-7.421062	-3.790946
-7.620366	-3.831691
-7.827251	-3.885702
-8.023396	-3.946030
-8.217963	-4.042997
-8.426111	-4.103958
-8.621625	-4.170603
-8.817771	-4.206610
-9.020865	-4.250198
-9.105515	-4.289364
-9.113727	-4.317475
-9.117201	-4.330110
-9.137416	-4.322213
-9.169002	-4.299156
-9.162368	-4.295365
-9.126992	-4.316844
-9.104883	-4.323476
-9.073298	-4.324108
-9.020865	-4.271992
-8.822509	-4.174393
-8.619730	-4.148177
-8.426743	-4.097956
-8.224280	-4.047735
-8.029714	-3.972878
-7.826303	-3.867698
-7.620366	-3.811160
-7.414113	-3.750516
-7.231234	-3.718299
-7.020875	-3.664604
-6.825676	-3.578691
-6.621003	-3.492463
-6.422962	-3.440979
-6.212918	-3.393916
-6.020879	-3.338958
-5.828207	-3.266627
-5.621007	-3.171239
-5.421387	-3.092591
-5.223662	-3.029104
-5.023410	-2.977304
-4.821895	-2.912554
-4.621643	-2.846540
-4.430235	-2.747046
-4.224614	-2.677558
-4.024046	-2.622284
-3.822531	-2.563219
-3.617857	-2.495626
-3.427081	-2.410661
-3.225250	-2.332329
-3.028473	-2.263473
-2.819693	-2.200302
-2.622284	-2.129551
-2.410661	-2.056273
-2.224623	-1.971308
-2.017422	-1.888554
-1.823803	-1.810853
-1.620393	-1.726836
-1.423300	-1.646609
-1.226207	-1.541430
-1.018690	-1.452043
-0.823808	-1.329807
-0.626083	-1.161141
-0.419514	-0.958678
-0.224632	-0.728736
-0.020274	-0.489950
0.182844	-0.274221
0.376488	-0.082813
0.574554	0.084601
0.778306	0.208116
0.980795	0.264029
1.177598	0.289617
1.377875	0.335421
1.576258	0.344898
1.773692	0.371433
1.973654	0.397337
2.178670	0.397969
2.376420	0.395757
2.580488	0.409657
2.779186	0.437456
2.974725	0.458621
3.173739	0.469993
3.379387	0.450407
3.575874	0.447248
3.778995	0.468097
3.982431	0.485788
4.172916	0.517061
4.377300	0.502214
4.567153	0.489578
4.773748	0.504425
4.979080	0.527170
5.178410	0.548651
5.375844	0.552126
5.577386	0.541385
5.775768	0.522747
5.988365	0.529697
6.176323	0.561918
6.377232	0.579292
6.582564	0.571079
6.775892	0.544544
6.978381	0.526854
7.177395	0.566025
7.377040	0.594140
7.577002	0.612146
7.779807	0.580556
7.974714	0.554021
8.179098	0.569184
8.369267	0.619095
8.576494	0.625413
8.778352	0.624781
8.982103	0.583715
9.174168	0.581188
9.383607	0.596983
9.575039	0.625097
9.774685	0.635206
9.976542	0.616884
9.776896	0.581504
9.571564	0.574554
9.373498	0.600773
9.173852	0.621307
8.981156	0.620991
8.775825	0.584663
8.575231	0.555916
8.373374	0.572343
8.176887	0.596983
7.974082	0.613725
7.778543	0.603301
7.585215	0.572975
7.376409	0.538542
7.182449	0.557180
6.976485	0.582767
6.779999	0.580872
6.582248	0.571079
6.379444	0.535383
6.179482	0.515166
5.980784	0.565709
5.778611	0.557496
5.571700	0.553073
5.380267	0.522431
5.179990	0.495264
4.979080	0.500319
4.773117	0.529065
4.578525	0.537278
4.374457	0.514534
4.173863	0.501266
3.976745	0.457357
3.785628	0.469045
3.575874	0.482313
3.374017	0.485472
3.175635	0.455462
2.970935	0.411868
2.778555	0.405866
2.582068	0.409341
2.378000	0.413763
2.178354	0.404918
1.975549	0.379015
1.774640	0.337949
1.574046	0.333526
1.379455	0.337949
1.173175	0.318995
0.976057	0.281087
0.776411	0.197375
0.572027	0.069122
0.372065	-0.084708
0.179369	-0.266009
-0.024064	-0.498162
-0.223053	-0.729683
-0.423620	-0.916037
-0.625135	-1.133977
-0.825703	-1.341178
-1.018374	-1.452674
-1.228102	-1.574278
-1.419510	-1.657032
-1.615024	-1.721782
-1.828225	-1.802957
-2.025319	-1.884763
-2.224939	-1.984258
-2.421084	-2.055009
-2.616598	-2.117548
-2.817798	-2.171559
-3.024683	-2.253681
-3.217670	-2.362020
-3.427081	-2.428033
-3.623227	-2.503522
-3.820636	-2.550269
-4.021520	-2.596384
-4.224298	-2.691456
-4.425813	-2.777684
-4.625749	-2.839592
-4.819368	-2.911291
-5.019620	-2.952036
-5.218608	-3.006995
-5.423913	-3.096697
-5.627956	-3.181978
-5.826944	-3.259362
-6.021826	-3.308320
-6.216709	-3.346538
-6.423909	-3.414131
-6.620371	-3.521837
-6.823149	-3.598590
-7.013294	-3.674079
-7.228391	-3.699348
-7.421378	-3.737882
-7.622262	-3.808949
-7.823145	-3.892019
-8.024660	-3.994672
-8.221753	-4.039207
-8.418530	-4.095429
-8.624152	-4.116591
-8.821877	-4.189238
-9.017076	-4.289364
-9.084668	-4.321897
-9.123518	-4.305157
-9.144364	-4.301367
-9.159526	-4.293786
-9.152261	-4.316528
-9.117517	-4.338322
-9.114675	-4.335163
-9.115306	-4.308631
-9.106462	-4.290944
-9.019602	-4.254936
-8.822509	-4.216402
-8.620994	-4.161443
-8.423901	-4.091639
-8.226807	-4.019940
-8.019922	-3.949821
-7.823461	-3.882228
-7.621630	-3.835165
-7.420115	-3.775153
-7.231234	-3.712614
-7.018979	-3.634598
-6.823781	-3.564478
-6.624477	-3.499096
-6.418224	-3.447296
-6.221131	-3.380019
-6.008245	-3.325060
-5.828523	-3.241675
-5.627008	-3.158605
-5.426441	-3.080273
-5.221451	-3.043950
-5.011408	-2.982358
-4.820000	-2.901815
-4.623854	-2.824115
-4.427077	-2.747046
-4.223351	-2.683560
-4.023415	-2.613440
-3.824110	-2.557218
-3.620384	-2.485519
-3.423291	-2.410661
-3.222092	-2.341489
-3.025946	-2.279897
-2.824115	-2.201250
-2.621968	-2.129235
-2.422348	-2.051219
-2.215463	-1.970676
-2.024687	-1.898029
-1.821908	-1.803905
-1.626078	-1.737891
-1.422984	-1.650399
-1.220521	-1.551537
-1.021533	-1.445726
-0.826335	-1.319384
-0.625135	-1.136820
-0.426463	-0.933409
-0.220210	-0.720208
-0.018063	-0.468472
0.174315	-0.281170
0.373961	-0.085656
0.586874	0.077651
0.774832	0.199587
0.978900	0.285194
1.179177	0.288353
1.377244	0.327840
1.572467	0.351848
1.775587	0.369538
1.975549	0.388176
2.175195	0.403655
2.378315	0.402391
2.582384	0.416606
2.777923	0.438087
2.974410	0.447248
3.175003	0.461148
3.383178	0.433981
3.577453	0.462095
3.778995	0.475679
3.980852	0.478206
4.178918	0.499055
4.377616	0.503162
4.576946	0.499687
4.778171	0.509796
4.978765	0.536963
5.178726	0.530329
5.384058	0.542017
5.576438	0.541069
5.777347	0.527170
5.974782	0.540437
6.178218	0.553389
6.379128	0.571079
6.578457	0.576134
6.775576	0.551810
6.976801	0.548019
7.174551	0.567920
7.378304	0.582136
7.583952	0.580556
7.780438	0.582451
7.973451	0.566341
8.183520	0.582136
8.376533	0.598878
8.578390	0.601089
8.780878	0.611514
8.979576	0.598246
9.175116	0.591612
9.372550	0.604880
9.582305	0.608355
9.776264	0.626677
9.978121	0.613725
9.777528	0.596667
9.577250	0.601405
9.378552	0.600773
9.172904	0.608355
8.975154	0.619411
8.778667	0.585926
8.580601	0.584031
8.378744	0.596667
8.171833	0.588138
7.974714	0.606459
7.778859	0.598878
7.574475	0.571711
7.377672	0.560023
7.177395	0.566341
6.979960	0.573290
6.773681	0.577713
6.580669	0.559391
6.375968	0.528117
6.175059	0.530329
5.977625	0.542649
5.777979	0.551494
5.576122	0.548335
5.379635	0.518641
5.181253	0.510111
4.980976	0.535699
4.777223	0.522431
4.574419	0.525590
4.373825	0.533488
4.176707	0.483260
3.986854	0.471572
3.777731	0.477258
3.579665	0.477258
3.373701	0.479470
3.176583	0.449775
2.972514	0.427031
2.781398	0.415343
2.577961	0.415975
2.375472	0.417554
2.178038	0.402707
1.980919	0.361325
1.772429	0.359114
1.574046	0.338264
1.380087	0.335106
1.173491	0.311413
0.977004	0.270663
0.776727	0.192321
0.572027	0.070701
0.371749	-0.085340
0.180001	-0.278959
-0.014589	-0.507953
-0.224316	-0.730315
-0.423936	-0.947307
-0.624188	-1.140294
-0.830757	-1.343704
-1.019954	-1.470994
-1.218942	-1.564171
-1.421405	-1.652926
-1.619130	-1.726520
-1.824751	-1.817486
-2.025635	-1.899608
-2.230624	-1.980783
-2.422664	-2.023423
-2.621336	-2.107125
-2.826010	-2.180087
-3.024683	-2.247996
-3.229040	-2.348122
-3.426450	-2.420137
-3.623859	-2.464356
-3.820952	-2.541741
-4.023415	-2.632707
-4.223351	-2.708512
-4.428024	-2.786528
-4.627645	-2.848436
-4.818105	-2.888865
-5.018356	-2.941297
-5.222714	-3.037948
-5.422650	-3.120070
-5.625745	-3.192717
-5.826944	-3.230620
-6.012351	-3.276103
-6.224289	-3.353487
-6.422962	-3.447612
-6.624477	-3.524364
-6.823781	-3.585640
-7.024981	-3.624490
-7.225232	-3.667131
-7.421378	-3.759676
-7.621314	-3.849379
-7.823777	-3.923604
-8.024660	-3.963402
-8.221122	-3.997514
-8.426743	-4.037944
-8.623521	-4.151968
-8.821245	-4.239143
-9.018023	-4.298524
-9.106146	-4.293154
-9.160157	-4.266939
-9.152893	-4.288733
-9.136468	-4.320634
-9.131099	-4.336111
-9.127625	-4.333899
-9.147839	-4.299471
-9.154788	-4.271676
-9.098566	-4.296945
-9.012021	-4.304841
-8.828510	-4.254936
-8.609307	-4.174077
-8.423584	-4.056579
-8.225860	-3.977931
-8.025291	-3.962139
-7.822513	-3.914445
-7.627947	-3.848115
-7.420746	-3.750516
-7.228391	-3.656708
-7.028455	-3.611224
-6.822202	-3.566373
-6.623529	-3.525944
-6.422962	-3.437504
-6.217656	-3.368332
-6.022458	-3.266311
-5.824733	-3.238832
-5.624797	-3.183241
-5.424230	-3.123229
-5.221767	-3.051530
-5.020883	-2.937823
-4.818105	-2.864860
-4.626697	-2.835801
-4.424550	-2.767893
-4.223351	-2.702511
-4.022467	-2.627337
-3.820320	-2.521526
-3.620700	-2.457724
-3.422659	-2.412241
-3.227461	-2.353807
-3.023419	-2.279897
-2.829169	-2.194301
-2.616598	-2.089437
-2.420137	-2.035426
-2.225886	-1.984889
-2.026582	-1.911927
-1.823172	-1.822540
-1.623552	-1.719887
-1.410666	-1.637449
-1.223364	-1.558486
-1.021533	-1.460887
-0.824755	-1.332018
-0.625451	-1.150086
-0.422988	-0.915406
-0.221789	-0.695887
-0.024064	-0.508269
0.178737	-0.267272
0.374592	-0.078391
0.578977	0.099764
0.774200	0.185687
0.985850	0.250762
1.180125	0.301937
1.386721	0.340476
1.572467	0.365747
1.776535	0.354375
1.977129	0.359429
2.184040	0.375224
2.377684	0.428295
2.573223	0.447248
2.776659	0.439983
2.972198	0.434928
3.179425	0.423872
3.375597	0.461780
3.585035	0.481997
3.778363	0.500319
3.979272	0.486419
4.173548	0.465886
4.374141	0.496528
4.578841	0.515166
4.777539	0.532540
4.975605	0.560971
5.175567	0.523063
5.374581	0.520220
5.577070	0.529065
5.781770	0.545808
5.973518	0.584347
6.178534	0.559075
6.389236	0.539806
6.579089	0.542965
6.780946	0.545808
6.974906	0.584031
7.184660	0.587190
7.375461	0.568868
7.578897	0.567288
7.782966	0.564130
7.978505	0.578345
8.173728	0.608987
8.377481	0.616568
8.578706	0.586874
8.779299	0.585926
8.985579	0.588453
9.174800	0.618779
9.371602	0.633942
9.574408	0.614673
9.780055	0.592876
9.976542	0.598878
9.781634	0.605196
9.577250	0.619095
9.375393	0.611830
9.175116	0.590981
8.979576	0.594455
8.777719	0.578661
8.578390	0.587506
8.378744	0.612146
8.180994	0.585926
7.973766	0.598878
7.780438	0.576134
7.576055	0.572659
7.376093	0.579292
7.178658	0.582451
6.973958	0.562866
6.777472	0.553705
6.580669	0.548019
6.378496	0.550230
6.176007	0.556548
5.976361	0.550862
5.776400	0.542649
5.575490	0.534119
5.373317	0.520852
5.183465	0.517693
4.983819	0.512955
4.785752	0.495264
4.575682	0.508532
4.376668	0.517377
4.173863	0.488315
3.984326	0.487051
3.778363	0.486103
3.573979	0.466202
3.380651	0.455462
3.181953	0.440299
2.973146	0.429874
2.779186	0.437456
2.579541	0.407761
2.377368	0.405866
2.188147	0.383437
1.978708	0.365116
1.773376	0.359745
1.581312	0.339528
1.379139	0.329104
1.177598	0.309202
0.981427	0.261502
0.774200	0.195480
0.581504	0.079862
0.373329	-0.084392
0.180949	-0.266956
-0.020906	-0.496583
-0.226843	-0.725577
-0.424252	-0.939095
-0.624820	-1.158614
-0.816859	-1.333597
-1.025955	-1.463413
-1.221153	-1.567961
-1.420457	-1.648188
-1.624183	-1.734101
-1.824435	-1.807379
-2.023739	-1.897082
-2.229361	-1.976677
-2.421716	-2.042375
-2.622284	-2.108704
-2.817482	-2.197775
-3.025946	-2.269158
-3.226198	-2.346227
-3.425818	-2.411609
-3.623543	-2.482044
-3.821584	-2.555007
-4.022151	-2.633023
-4.222087	-2.698720
-4.424234	-2.766945
-4.621327	-2.837697
-4.814946	-2.890760
-5.021199	-2.957406
-5.222083	-3.033211
-5.422334	-3.112174
-5.628587	-3.174713
-5.825996	-3.235358
-6.023406	-3.293159
-6.223658	-3.370543
-6.422962	-3.442874
-6.621634	-3.526259
-6.825360	-3.588799
-7.025612	-3.612172
-7.224600	-3.695558
-7.423273	-3.761255
-7.622262	-3.840535
-7.822513	-3.910023
-8.025291	-3.958349
-8.223648	-3.994040
-8.422005	-4.079321
-8.620994	-4.157337
-8.822824	-4.224614
-9.017391	-4.290944
-9.109937	-4.292207
-9.133625	-4.293470
-9.136152	-4.306420
-9.143733	-4.314001
-9.142154	-4.325372
-9.144997	-4.316528
-9.147839	-4.295050
-9.129519	-4.295681
-9.106146	-4.295050
-9.018023	-4.291891
-8.823457	-4.236932
-8.620994	-4.141860
-8.428322	-4.065107
-8.223648	-4.012044
-8.023396	-3.972562
-7.825672	-3.897389
-7.621630	-3.836429
-7.413797	-3.750516
-7.227443	-3.687345
-7.022138	-3.632071
-6.825045	-3.584061
-6.624793	-3.515205
-6.418856	-3.422028
-6.219235	-3.357593
-6.021826	-3.291895
-5.822838	-3.251466
-5.624797	-3.180083
-5.424545	-3.117544
-5.227452	-3.029104
-5.017409	-2.966565
-4.820632	-2.903710
-4.619748	-2.845277
-4.424234	-2.771999
-4.217349	-2.703143
-4.023415	-2.608386
-3.822847	-2.553427
-3.621332	-2.489941
-3.427397	-2.424243
-3.224934	-2.350017
-3.024051	-2.255893
-2.822851	-2.189563
-2.627337	-2.120707
-2.419189	-2.059115
-2.225886	-1.962779
-2.027845	-1.908768
-1.824435	-1.804852
-1.616919	-1.738839
-1.424879	-1.650083
-1.221153	-1.560697
-1.019954	-1.451095
-0.830125	-1.317804
-0.625767	-1.141558
-0.417935	-0.952361
-0.224000	-0.714838
-0.017747	-0.504479
0.181265	-0.268220
0.378067	-0.081550
0.572975	0.071965
0.782729	0.194532
0.979216	0.268136
1.177598	0.306359
1.382930	0.330683
1.574046	0.337001
1.775903	0.360377
1.974285	0.391967
2.177090	0.402075
2.378315	0.425767
2.581436	0.415027
2.781082	0.439035
2.974410	0.439351
3.177530	0.474099
3.378439	0.459884
3.571451	0.481365
3.778047	0.486419
3.979588	0.475363
4.174811	0.485788
4.374457	0.509480
4.575998	0.522747
4.781646	0.515798
4.976553	0.510743
5.179990	0.538542
5.374581	0.539490
5.574543	0.556864
5.777031	0.559391
5.974782	0.536647
6.180746	0.542333
6.381023	0.552441
6.581616	0.565393
6.775892	0.575502
6.985331	0.561286
7.177079	0.551810
7.384306	0.544544
7.580793	0.570132
7.775384	0.592244
7.974714	0.599510
8.179414	0.583715
8.376217	0.573606
8.576494	0.592560
8.781826	0.604880
8.976102	0.620043
9.172904	0.619727
9.374762	0.597930
9.575039	0.596667
9.775949	0.609303
9.978753	0.621622
9.775949	0.626045
9.572196	0.606459
9.375393	0.596983
9.175431	0.588138
8.980840	0.602037
8.781826	0.610882
8.583760	0.607407
8.376848	0.577081
8.174359	0.577397
7.978189	0.584347
7.775384	0.581188
7.574475	0.600773
7.377357	0.583715
7.177395	0.544544
6.974906	0.554021
6.775260	0.559075
6.591093	0.563814
6.379444	0.564130
6.177902	0.539490
5.975729	0.530013
5.776400	0.534435
5.575490	0.540437
5.375844	0.546755
5.179042	0.536015
4.980028	0.503794
4.783857	0.488631
4.575998	0.503478
4.375405	0.510111
4.174811	0.511375
3.978956	0.483260
3.778047	0.494948
3.577769	0.463359
3.374649	0.468413
3.172792	0.466202
2.975989	0.452934
2.788347	0.406498
2.578909	0.400180
2.377684	0.400180
2.181829	0.391651
1.974285	0.381858
1.777799	0.372381
1.581944	0.330683
1.378507	0.320574
1.178230	0.302568
0.976057	0.272558
0.776095	0.212222
0.581188	0.078283
0.372065	-0.086288
0.184424	-0.267272
-0.023432	-0.499741
-0.225895	-0.720208
-0.423620	-0.962152
-0.623240	-1.164931
-0.825387	-1.326648
-1.024060	-1.467520
-1.218626	-1.575542
-1.426774	-1.665244
-1.626078	-1.737259
-1.824119	-1.808958
-2.018054	-1.888554
-2.228097	-1.969412
-2.420453	-2.036690
-2.621968	-2.125129
-2.824431	-2.187984
-3.025946	-2.258419
-3.225566	-2.335172
-3.425186	-2.430244
-3.614067	-2.506997
-3.822847	-2.564798
-4.022467	-2.618178
-4.224614	-2.684191
-4.423918	-2.771999
-4.622275	-2.847804
-4.826632	-2.912554
-5.020883	-2.952352
-5.222083	-3.010153
-5.422966	-3.070797
-5.626060	-3.180083
-5.819995	-3.255256
-6.020247	-3.315900
-6.216709	-3.363595
-6.428963	-3.409077
-6.621318	-3.494990
-6.827571	-3.573322
-7.023401	-3.648179
-7.229654	-3.681028
-7.423273	-3.742304
-7.620366	-3.804212
-7.826303	-3.896757
-8.028767	-3.971614
-8.224280	-4.048683
-8.426427	-4.089428
-8.621309	-4.107432
-8.820614	-4.190817
-9.012969	-4.294418
-9.080562	-4.323476
-9.106146	-4.326003
-9.147839	-4.299471
-9.183214	-4.276098
-9.158262	-4.305157
-9.133309	-4.330425
-9.109304	-4.333899
-9.111199	-4.320002
-9.122571	-4.273887
-9.022760	-4.247040
-8.821561	-4.232194
-8.618466	-4.173446
-8.424216	-4.115644
-8.224596	-4.031943
-8.023396	-3.914761
-7.822513	-3.865487
-7.622262	-3.846536
-7.423273	-3.779259
-7.222705	-3.717983
-7.023717	-3.623543
-6.820939	-3.535104
-6.624793	-3.496569
-6.420751	-3.469722
-6.224289	-3.395812
-6.022458	-3.306425
-5.825365	-3.216090
-5.621639	-3.142180
-5.415070	-3.117544
-5.223346	-3.054689
-5.013303	-2.987096
-4.821579	-2.898657
-4.621011	-2.794740
-4.424234	-2.744835
-4.219876	-2.699668
-4.024362	-2.639656
-3.819373	-2.549321
-3.620384	-2.474148
-3.428976	-2.385077
-3.225882	-2.334224
-3.029104	-2.283688
-2.817166	-2.214200
-2.621020	-2.132709
-2.412872	-2.023423
-2.228097	-1.945723
-2.025319	-1.888238
-1.828225	-1.807379
-1.620393	-1.743576
-1.423300	-1.649768
-1.221469	-1.544272
-1.019638	-1.432460
-0.824755	-1.310856
-0.627662	-1.165878
-0.425199	-0.952361
-0.222737	-0.712311
-0.020906	-0.486475
0.180949	-0.280538
0.380910	-0.088498
0.574238	0.092182
0.777359	0.211906
0.979532	0.249814
1.175703	0.276665
1.379771	0.337317
1.572151	0.365431
1.776535	0.382174
1.974285	0.398916
2.175195	0.386596
2.378947	0.389124
2.575118	0.422924
2.778555	0.453566
2.984202	0.456093
3.176898	0.454514
3.381283	0.436508
3.579349	0.444089
3.779626	0.482629
3.975165	0.510111
4.173863	0.509164
4.374457	0.489262
4.577893	0.483892
4.777539	0.496212
4.980976	0.533488
5.175567	0.556864
5.373949	0.541385
5.579913	0.534435
5.775136	0.523695
5.982363	0.546439
6.178218	0.579292
6.377548	0.579924
6.587934	0.560655
6.772101	0.550546
6.977117	0.548651
7.182133	0.615936
7.374197	0.597299
7.579213	0.589085
7.778543	0.570447
7.975662	0.571711
8.177835	0.567288
8.374953	0.596035
8.580285	0.611830
8.777088	0.605512
8.976102	0.590981
9.173221	0.590981
9.376341	0.594140
9.572827	0.624466
9.776580	0.638997
9.979384	0.602037
9.770578	0.598878
9.575355	0.598246
9.378552	0.598246
9.172588	0.617200
8.979576	0.599826
8.780878	0.583715
8.575231	0.589401
8.381587	0.575186
8.174676	0.591928
7.975662	0.598562
7.779807	0.588453
7.576686	0.577397
7.377357	0.578345
7.178342	0.562866
6.976801	0.581820
6.775892	0.567288
6.588882	0.546439
6.377864	0.550546
6.181693	0.557812
5.977625	0.534751
5.772925	0.560655
5.576122	0.525274
5.382478	0.526538
5.180305	0.531276
4.982871	0.498423
4.775328	0.527486
4.576630	0.516113
4.371930	0.499687
4.174811	0.500951
3.988433	0.481997
3.778363	0.470309
3.581876	0.465570
3.373385	0.453566
3.175003	0.454830
2.975041	0.441878
2.782661	0.434297
2.576382	0.409025
2.378000	0.398285
2.180881	0.384385
1.980603	0.376804
1.774008	0.369538
1.574678	0.340160
1.383562	0.324049
1.179177	0.303516
0.981111	0.265293
0.775779	0.210327
0.579924	0.086496
0.373645	-0.079970
0.177474	-0.267588
-0.022485	-0.494056
-0.225579	-0.719260
-0.413197	-0.949834
-0.628610	-1.156087
-0.825071	-1.329491
-1.020585	-1.464361
-1.219890	-1.569856
-1.421405	-1.658927
-1.621025	-1.749893
-1.821908	-1.814012
-2.024371	-1.888238
-2.230624	-1.963095
-2.420453	-2.050587
-2.621020	-2.110915
-2.824115	-2.196512
-3.021840	-2.268211
-3.226829	-2.342437
-3.421080	-2.419189
-3.621964	-2.492783
-3.821268	-2.561324
-4.026573	-2.625126
-4.224614	-2.695562
-4.425181	-2.768840
-4.624486	-2.840539
-4.816525	-2.916976
-5.023410	-2.962143
-5.225241	-3.026578
-5.424230	-3.097329
-5.615953	-3.174397
-5.830419	-3.253677
-6.020879	-3.303582
-6.222394	-3.363279
-6.426752	-3.431503
-6.627004	-3.501307
-6.824097	-3.579955
-7.030666	-3.666499
-7.227128	-3.717351
-7.421694	-3.745778
-7.619419	-3.825058
-7.823461	-3.899284
-8.015817	-3.983617
-8.225227	-4.055316
-8.423901	-4.088165
-8.618783	-4.135859
-8.820298	-4.191765
-9.020234	-4.272940
-9.096039	-4.308947
-9.119412	-4.313369
-9.148155	-4.297576
-9.162368	-4.294734
-9.161105	-4.305473
-9.142154	-4.317791
-9.121307	-4.324740
-9.118780	-4.310526
-9.111832	-4.286837
-9.020865	-4.263464
-8.821245	-4.214822
-8.614676	-4.173130
-8.430218	-4.104905
-8.223332	-4.006990
-8.023081	-3.937502
-7.816512	-3.891072
-7.625420	-3.833586
-7.421378	-3.777048
-7.225232	-3.702506
-7.027192	-3.604591
-6.823149	-3.556897
-6.622898	-3.510783
-6.425488	-3.456140
-6.212603	-3.399918
-6.021826	-3.302634
-5.825681	-3.231251
-5.627324	-3.175661
-5.425177	-3.114069
-5.223978	-3.037632
-5.018356	-2.975093
-4.823158	-2.877810
-4.626065	-2.820325
-4.424234	-2.755890
-4.223351	-2.699668
-4.024678	-2.630180
-3.821268	-2.532265
-3.625438	-2.456144
-3.425502	-2.406555
-3.223987	-2.344964
-3.022156	-2.263473
-2.824747	-2.206303
-2.622600	-2.117548
-2.418874	-2.029741
-2.228413	-1.970992
-2.021844	-1.901504
-1.824119	-1.818118
-1.625447	-1.738207
-1.418246	-1.655769
-1.219574	-1.550905
-1.020269	-1.445410
-0.822545	-1.332965
-0.622924	-1.170616
-0.425199	-0.943833
-0.215472	-0.719576
-0.020906	-0.493424
0.181265	-0.277064
0.373329	-0.075233
0.574554	0.088076
0.778306	0.185055
0.976373	0.270663
1.178861	0.292776
1.379771	0.329419
1.576258	0.357534
1.774640	0.366063
1.975549	0.394810
2.177722	0.390071
2.375472	0.415027
2.582384	0.433349
2.781398	0.451987
2.974410	0.434928
3.175951	0.437456
3.378124	0.457041
3.579981	0.474415
3.778363	0.494633
3.979588	0.498739
4.171021	0.476311
4.375405	0.485472
4.589266	0.492105
4.772801	0.519272
4.977501	0.540437
5.187255	0.517061
5.374581	0.522747
5.576754	0.520536
5.777347	0.547387
5.980784	0.563498
6.187063	0.571079
6.378180	0.549598
6.585407	0.535699
6.773996	0.555284
6.977749	0.564761
7.179922	0.589085
7.377672	0.579924
7.582057	0.543596
7.779491	0.561918
7.973766	0.589401
8.173097	0.606144
8.372426	0.617200
8.577442	0.593824
8.778352	0.575186
8.980840	0.584031
9.172904	0.621938
9.374129	0.626045
9.573460	0.630468
9.777843	0.599510
9.977805	0.582136
9.775001	0.598246
9.575039	0.620359
9.377289	0.643735
9.171640	0.602985
8.979576	0.582136
8.780878	0.573606
8.578390	0.595403
8.372426	0.631099
8.176571	0.603616
7.971871	0.582451
7.780755	0.552126
7.579845	0.564761
7.376725	0.589401
7.175815	0.595087
6.975853	0.578345
6.773996	0.544544
6.579405	0.529697
6.388605	0.543912
6.174744	0.570763
5.979204	0.581820
5.778611	0.536015
5.579913	0.506637
5.373317	0.509480
5.185992	0.517061
4.977501	0.541701
4.774696	0.529065
4.575366	0.504741
4.377932	0.471888
4.179550	0.467782
3.980220	0.503478
3.787208	0.498107
3.572715	0.478838
3.379387	0.449775
3.172792	0.435876
2.976305	0.434928
2.779186	0.437140
2.578277	0.426715
2.376104	0.406182
2.178986	0.370486
1.975865	0.355007
1.772744	0.369538
1.578153	0.353743
1.377560	0.340792
1.178230	0.301621
0.972266	0.246971
0.774516	0.208116
0.577713	0.090603
0.369538	-0.076180
0.180001	-0.260323
-0.020274	-0.496583
-0.225264	-0.719576
-0.418251	-0.965311
-0.625767	-1.171564
-0.823176	-1.344336
-1.019638	-1.464993
-1.212625	-1.552168
-1.420457	-1.649136
-1.617866	-1.747998
-1.822224	-1.827278
-2.022476	-1.905294
-2.222412	-1.970044
-2.419505	-2.019633
-2.619757	-2.121654
-2.826957	-2.207883
-3.024683	-2.284635
-3.223671	-2.354439
-3.429608	-2.399922
-3.623543	-2.454249
-3.820636	-2.559113
-4.023415	-2.635550
-4.223351	-2.704406
-4.423602	-2.780843
-4.621643	-2.806743
-4.813999	-2.872756
-5.023726	-2.968460
-5.220188	-3.037317
-5.423282	-3.113438
-5.627008	-3.169344
-5.821890	-3.190822
-6.021511	-3.278630
-6.219867	-3.372123
-6.424225	-3.455508
-6.623213	-3.522469
-6.815253	-3.562267
-7.020558	-3.602381
-7.226811	-3.688925
-7.420430	-3.782418
-7.622262	-3.871804
-7.820618	-3.907812
-8.023396	-3.931817
-8.224280	-3.970351
-8.424532	-4.086270
-8.624784	-4.171235
-8.822509	-4.238512
-9.016759	-4.275151
-9.124466	-4.267886
-9.150366	-4.271045
-9.131414	-4.309263
-9.118149	-4.338953
-9.127309	-4.344954
-9.152576	-4.309579
-9.162684	-4.283679
-9.144364	-4.278625
-9.088142	-4.309579
-9.012653	-4.308631
-8.824404	-4.227141
-8.618783	-4.134595
-8.424216	-4.056263
-8.223965	-4.002252
-8.018974	-3.972878
-7.824409	-3.915708
-7.617839	-3.818741
-7.419483	-3.753359
-7.228075	-3.670921
-7.025612	-3.632703
-6.826940	-3.596379
-6.626688	-3.527839
-6.419803	-3.438768
-6.222394	-3.366437
-6.018984	-3.287789
-5.816205	-3.250203
-5.626377	-3.197139
-5.416018	-3.122597
-5.223030	-3.033526
-5.018672	-2.962775
-4.823158	-2.882864
-4.625117	-2.832643
-4.423286	-2.769472
-4.225562	-2.694299
-4.023099	-2.617862
-3.820636	-2.535108
-3.624806	-2.482360
-3.427713	-2.421084
-3.225882	-2.337699
-3.027841	-2.275476
-2.824431	-2.193353
-2.620389	-2.113758
-2.416978	-2.055641
-2.226202	-1.983310
-2.020897	-1.897082
-1.825067	-1.814960
-1.621025	-1.730942
-1.418562	-1.644082
-1.217679	-1.566382
-1.018690	-1.455517
-0.828230	-1.309592
-0.627031	-1.136504
-0.422357	-0.930251
-0.225579	-0.721787
-0.019642	-0.497846
0.187267	-0.265061
0.376488	-0.072706
0.576765	0.092182
0.773884	0.187898
0.977952	0.264029
1.181705	0.302884
1.378191	0.328156
1.574994	0.341108
1.776535	0.366063
1.978392	0.374277
2.177722	0.397337
2.383054	0.403023
2.575750	0.425767
2.779818	0.452303
2.970619	0.435244
3.181005	0.439351
3.379071	0.463043
3.579665	0.469993
3.777415	0.475679
3.984958	0.489894
4.171968	0.486103
4.373509	0.492105
4.582316	0.509796
4.778171	0.517061
4.976869	0.534435
5.181253	0.519904
5.374581	0.529065
5.577070	0.540121
5.774820	0.548967
5.979204	0.547703
6.178850	0.562234
6.383234	0.545176
6.578457	0.554337
6.774312	0.564130
6.976801	0.564130
7.178974	0.573290
7.377040	0.587190
7.583952	0.554653
7.782966	0.577397
7.977557	0.579924
8.169621	0.599826
8.376533	0.605512
8.584076	0.591296
8.774244	0.578029
8.978945	0.602037
9.170693	0.601405
9.372866	0.619411
9.583252	0.613409
9.771210	0.599826
9.975278	0.604564
9.776264	0.602985
9.575355	0.605828
9.375710	0.609303
9.173221	0.595087
8.980524	0.585610
8.775825	0.578977
8.573336	0.606144
8.375901	0.598246
8.174359	0.605828
7.978189	0.581820
7.779491	0.571395
7.589638	0.570132
7.379883	0.592876
7.178027	0.590349
6.975222	0.580872
6.777155	0.556232
6.580669	0.543912
6.380075	0.544544
6.183273	0.558128
5.976677	0.557180
5.776084	0.535067
5.579281	0.530329
5.376476	0.530645
5.179358	0.519904
4.978133	0.531908
4.777539	0.531276
4.577261	0.503478
4.372878	0.499371
4.180497	0.484524
3.980220	0.497160
3.775520	0.506005
3.575242	0.479470
3.377176	0.445353
3.180689	0.435244
2.971566	0.439035
2.779186	0.437140
2.578593	0.431769
2.381159	0.396389
2.174247	0.376172
1.969231	0.371118
1.778430	0.383437
1.574678	0.347110
1.376612	0.339844
1.177598	0.300673
0.982375	0.259607
0.775779	0.194532
0.573922	0.082705
0.383753	-0.081550
0.176842	-0.273273
-0.021221	-0.505427
-0.225895	-0.723682
-0.423620	-0.953940
-0.624820	-1.156719
-0.825071	-1.338967
-1.019006	-1.461202
-1.218626	-1.557854
-1.420141	-1.641555
-1.624499	-1.744208
-1.825067	-1.805800
-2.025319	-1.897082
-2.224307	-1.946987
-2.425506	-2.038584
-2.622916	-2.121970
-2.825063	-2.200302
-3.026893	-2.281793
-3.229356	-2.341805
-3.423923	-2.402133
-3.614383	-2.488677
-3.822531	-2.573010
-4.023415	-2.632707
-4.223666	-2.714829
-4.418549	-2.756206
-4.622591	-2.831379
-4.821263	-2.891708
-5.021199	-2.980463
-5.222398	-3.046476
-5.421071	-3.108384
-5.624797	-3.156710
-5.821575	-3.231567
-6.021194	-3.308952
-6.220815	-3.385388
-6.417592	-3.461825
-6.626688	-3.486778
-6.823149	-3.555634
-7.025928	-3.633966
-7.226811	-3.711350
-7.422009	-3.784313
-7.620682	-3.844957
-7.824724	-3.873068
-8.023396	-3.941924
-8.226491	-4.020256
-8.425163	-4.100167
-8.620678	-4.165233
-8.827562	-4.208821
-9.024655	-4.246724
-9.108673	-4.284626
-9.114042	-4.312421
-9.115306	-4.330110
-9.134573	-4.324740
-9.162052	-4.304525
-9.167106	-4.291891
-9.138995	-4.306736
-9.108357	-4.321265
-9.077403	-4.324108
-9.019602	-4.277362
-8.812402	-4.194923
-8.622257	-4.124488
-8.428954	-4.080268
-8.225544	-4.035417
-8.027187	-3.982353
-7.825356	-3.882859
-7.621945	-3.796947
-7.416008	-3.754622
-7.227128	-3.714509
-7.018663	-3.665551
-6.823781	-3.584061
-6.622898	-3.488357
-6.422330	-3.424554
-6.220815	-3.379071
-6.021511	-3.325376
-5.820627	-3.273892
-5.625429	-3.177240
-5.415701	-3.090064
-5.221767	-3.024051
-5.022147	-2.966565
-4.820632	-2.919187
-4.626065	-2.837381
-4.423286	-2.754311
-4.225562	-2.675031
-4.021835	-2.621020
-3.819057	-2.564482
-3.621648	-2.504470
-3.422659	-2.423611
-3.225882	-2.331382
-3.026578	-2.265684
-2.823167	-2.201250
-2.618494	-2.146291
-2.422980	-2.040480
-2.224623	-1.973518
-2.019949	-1.880973
-1.823172	-1.813696
-1.621025	-1.743576
-1.422352	-1.651347
-1.217994	-1.543009
-1.021849	-1.448252
-0.825703	-1.292536
-0.627978	-1.151349
-0.421725	-0.953940
-0.222737	-0.716733
-0.024064	-0.496583
0.181580	-0.273905
0.375856	-0.087867
0.575502	0.082705
0.776095	0.207168
0.984586	0.269083
1.176018	0.298778
1.375032	0.315204
1.581312	0.340160
1.775272	0.371433
1.972390	0.396705
2.176458	0.419765
2.377684	0.403971
2.580804	0.418818
2.776343	0.428926
2.974094	0.461464
3.175951	0.500003
3.372753	0.464623
3.580297	0.448512
3.777731	0.465254
3.977061	0.507900
4.172600	0.513902
4.374457	0.514534
4.580420	0.496528
4.775644	0.487051
4.976553	0.514218
5.178726	0.544860
5.375213	0.559075
5.575490	0.547387
5.782402	0.528749
5.975729	0.524959
6.176955	0.561602
6.378180	0.581820
6.581932	0.579292
6.773996	0.573606
6.975222	0.533488
7.177395	0.544228
7.377040	0.578977
7.579529	0.606775
7.780755	0.593824
7.973766	0.562866
8.171833	0.559391
8.374953	0.600773
8.576810	0.610250
8.779931	0.618464
8.978945	0.605828
9.176064	0.588138
9.372550	0.572975
9.577566	0.609618
9.781003	0.635522
9.981280	0.629836
9.777528	0.603932
9.574723	0.566025
9.373814	0.585926
9.169745	0.620359
8.978312	0.629836
8.778983	0.610882
8.576179	0.566341
8.377481	0.543912
8.175623	0.575502
7.973135	0.603301
7.782650	0.628572
7.576370	0.596035
7.373881	0.546755
7.177079	0.538858
6.977117	0.571711
6.778735	0.580556
6.579089	0.601721
6.377548	0.555284
6.176639	0.515482
5.978257	0.527170
5.781454	0.544544
5.575490	0.562866
5.373317	0.544860
5.179042	0.505373
4.976869	0.495264
4.779119	0.501582
4.572207	0.528117
4.380143	0.523063
4.174811	0.509796
3.980852	0.464938
3.780574	0.440299
3.577769	0.464623
3.381283	0.472836
3.176898	0.472204
2.974725	0.445985
2.782029	0.396389
2.574486	0.389755
2.378315	0.406814
2.178354	0.409973
1.971127	0.407761
1.772744	0.357218
1.573730	0.325945
1.378823	0.311413
1.173175	0.310782
0.974161	0.284562
0.775147	0.212854
0.582767	0.082705
0.371749	-0.084077
0.186319	-0.280538
-0.019958	-0.509848
-0.226211	-0.742949
-0.423936	-0.958678
-0.622924	-1.150086
-0.825071	-1.305486
-1.021533	-1.462150
-1.218626	-1.568593
-1.422668	-1.667771
-1.622920	-1.730942
-1.823488	-1.798535
-2.025635	-1.874340
-2.228097	-1.975729
-2.421400	-2.054377
-2.618494	-2.131446
-2.824431	-2.190195
-3.024683	-2.249891
-3.225250	-2.327907
-3.427081	-2.428349
-3.624174	-2.507313
-3.822215	-2.576801
-4.021835	-2.624495
-4.226825	-2.688613
-4.420760	-2.759365
-4.625117	-2.860438
-4.822843	-2.913502
-5.020252	-2.977936
-5.221767	-3.025946
-5.414122	-3.099856
-5.626377	-3.168712
-5.824733	-3.238832
-6.023090	-3.320638
-6.222710	-3.370227
-6.422330	-3.423923
-6.617212	-3.495938
-6.823149	-3.572374
-7.024664	-3.652601
-7.226180	-3.712614
-7.422009	-3.763150
-7.621314	-3.812740
-7.823145	-3.880964
-8.024976	-3.975405
-8.223017	-4.047420
-8.417268	-4.096061
-8.624784	-4.150388
-8.817771	-4.196503
-9.017391	-4.275466
-9.081825	-4.316844
-9.112779	-4.319055
-9.131730	-4.311474
-9.142154	-4.317475
-9.159842	-4.304209
-9.135521	-4.321581
-9.118780	-4.328530
-9.111199	-4.317791
-9.087194	-4.314001
-9.018338	-4.276730
-8.825667	-4.208189
-8.620678	-4.158600
-8.419794	-4.105537
-8.223017	-4.030047
-8.026555	-3.972878
-7.823777	-3.878121
-7.620998	-3.812108
-7.423273	-3.762519
-7.227443	-3.692399
-7.024664	-3.648811
-6.829151	-3.576164
-6.624477	-3.492463
-6.423594	-3.441611
-6.219235	-3.389179
-6.023090	-3.313689
-5.826313	-3.251466
-5.623218	-3.177556
-5.426441	-3.100803
-5.223030	-3.046161
-5.021199	-2.972882
-4.818737	-2.895814
-4.623854	-2.851910
-4.425181	-2.754943
-4.221456	-2.688613
-4.025941	-2.622600
-3.821899	-2.557534
-3.621648	-2.495626
-3.426134	-2.421084
-3.222723	-2.334224
-3.023103	-2.255261
-2.823167	-2.199039
-2.620704	-2.127971
-2.427086	-2.035110
-2.225255	-1.975414
-2.020581	-1.890133
-1.826962	-1.819381
-1.625763	-1.742945
-1.417614	-1.653874
-1.221785	-1.563539
-1.014584	-1.443515
-0.827914	-1.322858
-0.623556	-1.151665
-0.421093	-0.919828
-0.224316	-0.713575
-0.019010	-0.481737
0.179369	-0.263482
0.374592	-0.066389
0.575818	0.078915
0.783361	0.198323
0.976057	0.280772
1.177598	0.298778
1.382298	0.315836
1.572467	0.347110
1.776219	0.361957
1.978708	0.381226
2.174563	0.399232
2.376420	0.406814
2.582384	0.415659
2.781082	0.432401
2.970619	0.449775
3.174371	0.465570
3.375912	0.463043
3.574295	0.459568
3.778047	0.477258
3.980852	0.505689
4.174811	0.495896
4.374141	0.500951
4.572839	0.495896
4.775959	0.508848
4.978133	0.516745
5.180937	0.525274
5.374897	0.542965
5.575490	0.540121
5.777031	0.551178
5.979836	0.546439
6.178534	0.571079
6.377864	0.571711
6.590777	0.564130
6.775892	0.557180
6.976170	0.557812
7.177395	0.567288
7.375461	0.570447
7.577634	0.589085
7.784229	0.571711
7.976294	0.562234
8.175307	0.591296
8.376533	0.590033
8.579337	0.602669
8.779931	0.610566
8.974838	0.594140
9.173221	0.597930
9.374446	0.596667
9.572827	0.615305
9.776264	0.619727
9.987282	0.614041
9.772473	0.592560
9.573775	0.606775
9.375710	0.597614
9.168482	0.608671
8.982420	0.613093
8.777719	0.594455
8.578390	0.571711
8.383482	0.582136
8.176887	0.587822
7.972819	0.590665
7.778543	0.594455
7.578897	0.583083
7.379883	0.556548
7.175183	0.584663
6.974590	0.574870
6.775576	0.567920
6.588882	0.552441
6.379128	0.548019
6.175691	0.543596
5.985206	0.535067
5.774820	0.546755
5.576122	0.541069
5.367000	0.526538
5.177146	0.513586
4.979712	0.516429
4.772485	0.516113
4.585475	0.508848
4.374773	0.513270
4.174495	0.487683
3.977377	0.483576
3.777099	0.482313
3.578085	0.479786
3.373069	0.475047
3.176267	0.452303
2.974725	0.428295
2.782661	0.417554
2.579541	0.416291
2.380527	0.414711
2.178986	0.390387
1.974917	0.367643
1.769270	0.354059
1.573730	0.346478
1.389248	0.326576
1.176650	0.306359
0.976373	0.271926
0.778306	0.186319
0.582767	0.073544
0.373961	-0.085340
0.180949	-0.270747
-0.017747	-0.498478
-0.223053	-0.720208
-0.423620	-0.929619
-0.625135	-1.152297
-0.828546	-1.322858
-1.021217	-1.470362
-1.216731	-1.570488
-1.420141	-1.652926
-1.610602	-1.740734
-1.823172	-1.820013
-2.026266	-1.885711
-2.230624	-1.982994
-2.422032	-2.047428
-2.623231	-2.109968
-2.824115	-2.191458
-3.015839	-2.279897
-3.229356	-2.349701
-3.429608	-2.423611
-3.620700	-2.482044
-3.822215	-2.562587
-4.024046	-2.627337
-4.218613	-2.705353
-4.428340	-2.777052
-4.625117	-2.824747
-4.816209	-2.892655
-5.021199	-2.944139
-5.221135	-3.042686
-5.424545	-3.113122
-5.624797	-3.189559
-5.828207	-3.235358
-6.018668	-3.283683
-6.223973	-3.379071
-6.424857	-3.448559
-6.623529	-3.521837
-6.825992	-3.594484
-7.023401	-3.635545
-7.227443	-3.694294
-7.412218	-3.769783
-7.624156	-3.849063
-7.821881	-3.910970
-8.023396	-3.946662
-8.225544	-3.997199
-8.419163	-4.070477
-8.623204	-4.149756
-8.821561	-4.210716
-9.019286	-4.278309
-9.116570	-4.279889
-9.135837	-4.289680
-9.138995	-4.303262
-9.138363	-4.317791
-9.141838	-4.324424
-9.149418	-4.310842
-9.152261	-4.290627
-9.126992	-4.298524
-9.096039	-4.302946
-9.012653	-4.288733
-8.823772	-4.229352
-8.622573	-4.134595
-8.424216	-4.075531
-8.225860	-4.017097
-8.023081	-3.973825
-7.822829	-3.911286
-7.618471	-3.841482
-7.424852	-3.722721
-7.227443	-3.685766
-7.018979	-3.639335
-6.828203	-3.584377
-6.622582	-3.523101
-6.421382	-3.431819
-6.218288	-3.362015
-6.021826	-3.305793
-5.823786	-3.254941
-5.627640	-3.191454
-5.423913	-3.122282
-5.222083	-3.035106
-5.022147	-2.961512
-4.818105	-2.903079
-4.624802	-2.846540
-4.427709	-2.775473
-4.222403	-2.691140
-4.018677	-2.613440
-3.821899	-2.540162
-3.620384	-2.484887
-3.415710	-2.434034
-3.228093	-2.351280
-3.012996	-2.270422
-2.823167	-2.183246
-2.627969	-2.118812
-2.419189	-2.054061
-2.229992	-1.981731
-2.027214	-1.879710
-1.821908	-1.808642
-1.626078	-1.731258
-1.413508	-1.657032
-1.220521	-1.563223
-1.019638	-1.454254
-0.828862	-1.311487
-0.626083	-1.139978
-0.423304	-0.936568
-0.221789	-0.706942
-0.021853	-0.484580
0.179053	-0.263482
0.379331	-0.093552
0.583083	0.070069
0.776727	0.193269
0.981111	0.266556
1.178230	0.308570
1.380403	0.331631
1.580680	0.330051
1.773060	0.358482
1.979024	0.388176
2.177090	0.405550
2.377368	0.422924
2.584911	0.411552
2.782029	0.426399
2.980096	0.448196
3.176267	0.452303
3.382862	0.473152
3.579349	0.468729
3.775204	0.465254
3.980220	0.483576
4.172600	0.488946
4.374457	0.505689
4.574735	0.538226
4.774696	0.511691
4.977817	0.507268
5.179358	0.526538
5.373949	0.538858
5.574543	0.575186
5.775452	0.556232
5.979204	0.553389
6.177587	0.537594
6.378496	0.551494
6.580037	0.572659
6.780314	0.574554
6.975222	0.569500
7.179290	0.570763
7.380199	0.564761
7.580161	0.589401
7.780755	0.585610
7.974714	0.600142
8.177519	0.567288
8.381903	0.569816
8.579654	0.591296
8.774877	0.615305
8.978945	0.612777
9.176695	0.603932
9.368443	0.596351
9.577250	0.590033
9.776264	0.619727
9.978121	0.629204
9.782582	0.638681
9.573144	0.591928
9.374129	0.592244
9.181749	0.590033
8.978945	0.598562
8.780247	0.613725
8.584392	0.589717
8.376848	0.576134
8.171833	0.573922
7.972187	0.579292
7.779175	0.595087
7.586479	0.591928
7.378304	0.569500
7.174551	0.555916
6.974590	0.564761
6.770522	0.563182
6.580985	0.570763
6.386077	0.558759
6.178534	0.540121
5.988681	0.520536
5.776400	0.533804
5.577070	0.540753
5.373633	0.548651
5.180305	0.522431
4.975289	0.510427
4.775012	0.521168
4.573155	0.512639
4.374457	0.515482
4.174495	0.509796
3.980220	0.500635
3.774888	0.465570
3.575558	0.467466
3.378439	0.461780
3.170896	0.461780
2.973146	0.442826
2.783925	0.404287
2.578277	0.401128
2.381159	0.395757
2.179933	0.400180
1.976181	0.390387
1.768954	0.360061
1.574046	0.336685
1.375980	0.313941
1.176966	0.308254
0.977952	0.276033
0.782729	0.203061
0.572975	0.075756
0.371433	-0.081866
0.179369	-0.271062
-0.021221	-0.491845
-0.222737	-0.732210
-0.424884	-0.947623
-0.624820	-1.138083
-0.824440	-1.329175
-1.019006	-1.466256
-1.221153	-1.576805
-1.424563	-1.657032
-1.622920	-1.733153
-1.823488	-1.808011
-2.021844	-1.894555
-2.226202	-1.983626
-2.422348	-2.042375
-2.621020	-2.121338
-2.822536	-2.186720
-3.025946	-2.256208
-3.222723	-2.334540
-3.427081	-2.429612
-3.612804	-2.502891
-3.821899	-2.558797
-4.015834	-2.622916
-4.224298	-2.690824
-4.418865	-2.761260
-4.626697	-2.849699
-4.814946	-2.915713
-5.020883	-2.962775
-5.224609	-3.014891
-5.422966	-3.100487
-5.622271	-3.188295
-5.828523	-3.246412
-6.019615	-3.300108
-6.225868	-3.357593
-6.423909	-3.420764
-6.623529	-3.510467
-6.829782	-3.586272
-7.026875	-3.638072
-7.228707	-3.681660
-7.413166	-3.713245
-7.624788	-3.815898
-7.822197	-3.903706
-8.019922	-3.986459
-8.220490	-4.033522
-8.430218	-4.074583
-8.619730	-4.126067
-8.821877	-4.211348
-9.015812	-4.283047
-9.085615	-4.316844
-9.129204	-4.300735
-9.161105	-4.282099
-9.160473	-4.291575
-9.146259	-4.319370
-9.125097	-4.332320
-9.120044	-4.330110
-9.130467	-4.298524
-9.114675	-4.276098
-9.019602	-4.269465
-8.820614	-4.233142
-8.613729	-4.177552
-8.426743	-4.079953
-8.225544	-3.999410
-8.024344	-3.931817
-7.821566	-3.902127
-7.628263	-3.836113
-7.421694	-3.784944
-7.228707	-3.692083
-7.024664	-3.614383
-6.827256	-3.560372
-6.623529	-3.517100
-6.424857	-3.464984
-6.220499	-3.393285
-6.018036	-3.297581
-5.826628	-3.223039
-5.623850	-3.177240
-5.428967	-3.127335
-5.228084	-3.054057
-5.017093	-2.957090
-4.823790	-2.880969
-4.627328	-2.807690
-4.424550	-2.765050
-4.223035	-2.690508
-4.024046	-2.632707
-3.821268	-2.550585
-3.622911	-2.448248
-3.425502	-2.404660
-3.224303	-2.348754
-3.021840	-2.266316
-2.827273	-2.198091
-2.623231	-2.100492
-2.418874	-2.034478
-2.223044	-1.974150
-2.028477	-1.898977
-1.817171	-1.824435
-1.624815	-1.732206
-1.421405	-1.637133
-1.220205	-1.543325
-1.025323	-1.462782
-0.826335	-1.334229
-0.624188	-1.165878
-0.418251	-0.955519
-0.224316	-0.718628
-0.018379	-0.490265
0.178106	-0.288750
0.374908	-0.084392
0.579924	0.084285
0.778938	0.179369
0.977320	0.249498
1.177914	0.302568
1.387352	0.330367
1.570256	0.368906
1.778430	0.371433
1.975549	0.360061
2.178354	0.377435
2.378000	0.414395
2.577961	0.444405
2.782977	0.437140
2.973778	0.443458
3.175951	0.424188
3.377808	0.447248
3.576190	0.481997
3.782154	0.496844
3.980852	0.495896
4.177970	0.467466
4.376036	0.463675
4.579789	0.511059
4.778487	0.536015
4.978765	0.546439
5.180305	0.543912
5.374897	0.503478
5.575490	0.506005
5.781770	0.549282
5.972887	0.600773
6.175375	0.584979
6.387973	0.548335
6.587303	0.519904
6.774628	0.534435
6.980276	0.577397
7.178658	0.604880
7.379883	0.587190
7.578266	0.564130
7.780438	0.540121
7.978189	0.576765
8.177203	0.605196
8.374638	0.620359
8.574283	0.612146
8.779614	0.571079
8.979576	0.562866
9.180801	0.593192
9.375710	0.635206
9.573775	0.642156
9.776580	0.628572
9.974962	0.571711
9.775001	0.573606
9.573775	0.614673
9.371286	0.639944
9.174484	0.621622
8.978312	0.591296
8.777088	0.562550
8.576810	0.569816
8.381903	0.611514
8.169621	0.626045
7.975030	0.600142
7.780755	0.566025
7.575738	0.551810
7.383358	0.558128
7.178974	0.587190
6.973011	0.604564
6.784105	0.565393
6.576246	0.538858
6.381655	0.527170
6.178850	0.543280
5.979204	0.564130
5.783981	0.550546
5.573595	0.532540
5.373317	0.513586
5.180621	0.507900
4.981291	0.521168
4.774696	0.531276
4.585475	0.508216
4.374773	0.487683
4.173863	0.480733
3.976745	0.472204
3.784681	0.483260
3.578085	0.483260
3.374333	0.466834
3.175003	0.437140
2.985150	0.426715
2.777291	0.419134
2.577645	0.430822
2.381474	0.398600
2.178670	0.383437
1.978076	0.373013
1.772113	0.348057
1.571203	0.345846
1.378507	0.338896
1.176650	0.303832
0.980479	0.264977
0.779570	0.190110
0.575818	0.067542
0.373329	-0.087551
0.181896	-0.290014
-0.022801	-0.497846
-0.214840	-0.735685
-0.421093	-0.966258
-0.623872	-1.158298
-0.825387	-1.347179
-1.020269	-1.473521
-1.224627	-1.568277
-1.422668	-1.654505
-1.622920	-1.735048
