# Configuration automatically generated by WRITE_CONFIG()
connection eth
ip 192.168.0.10
samplehz 1000.000000
settleus 10.000000
nsample 128

# Analog Inputs
aichannel 0
ainegative 199
airange 10.000000
airesolution 0

aichannel 1
ainegative 199
airange 10.000000
airesolution 0

# Analog Outputs
aochannel 0
aosignal triangle
aofrequency 5.000000
aoamplitude 2.000000
aooffset 2.500000
aoduty 0.500000

# Meta Parameters
int:periods 10
flt:tip_T_C 438.200914
flt:plate_T_C 144.871775
flt:plate_Q_kW 0.099630
flt:cool_Thigh_C 35.120457
flt:cool_Tlow_C 9.994087
flt:air_psig 40.000000
flt:water_gph 0.500000
flt:standoff_in 0.233000
flt:oxygen_scfh 4.804688
flt:fuel_scfh 2.624656
flt:flow_scfh 7.429344
flt:ratio_fto 0.546270

## End Configuration ##
#: Wed Jun 14 15:05:03 2017
-7.014873	-2.211041
-10.028757	-2.762207
-9.811133	-2.722410
-9.640256	-2.731254
-9.418842	-2.687982
-9.230277	-2.612176
-9.017707	-2.582170
-8.827247	-2.584381
-8.621625	-2.553427
-8.429585	-2.492468
-8.230597	-2.446353
-8.022133	-2.397395
-7.830726	-2.404028
-7.619103	-2.357282
-7.423905	-2.283056
-7.224600	-2.222728
-7.024664	-2.240100
-6.828835	-2.212305
-6.621003	-2.143764
-6.430542	-2.080593
-6.212286	-2.061326
-6.025617	-2.024687
-5.818100	-1.993733
-5.632694	-1.920455
-5.418228	-1.873393
-5.225557	-1.875604
-5.020252	-1.828225
-4.821895	-1.797588
-4.624802	-1.703779
-4.426445	-1.696198
-4.222403	-1.639029
-4.022151	-1.637765
-3.826321	-1.550905
-3.612804	-1.499105
-3.435609	-1.475416
-3.221144	-1.437197
-3.024683	-1.389188
-2.824431	-1.315909
-2.622916	-1.290009
-2.420137	-1.238525
-2.225570	-1.209782
-2.029741	-1.117553
-1.820013	-1.033851
-1.628921	-0.965627
-1.421089	-0.901508
-1.225259	-0.805804
-1.022796	-0.687043
-0.830757	-0.602078
-0.617239	-0.488686
-0.423304	-0.414460
-0.229370	-0.271062
-0.011430	-0.188309
0.168629	-0.096395
0.377435	-0.033224
0.580872	0.043218
0.779254	0.051748
0.975109	0.063120
1.186759	0.078915
1.378823	0.078283
1.571835	0.101343
1.776851	0.069438
1.976497	0.101343
2.174879	0.086812
2.378631	0.100080
2.578593	0.083653
2.779186	0.095973
2.975041	0.097236
3.182269	0.102923
3.376860	0.103554
3.576506	0.090287
3.779942	0.118401
3.978324	0.088391
4.174180	0.126299
4.375721	0.099448
4.569048	0.107345
4.781962	0.109872
4.975605	0.098184
5.182201	0.115874
5.369211	0.084601
5.584967	0.122824
5.765659	0.082705
5.983627	0.128194
6.185800	0.092182
6.375021	0.115558
6.583827	0.110504
6.780314	0.110504
6.974590	0.121245
7.172340	0.108293
7.386833	0.111452
7.569736	0.113979
7.786757	0.134512
7.978821	0.096289
8.177519	0.146200
8.377165	0.109872
8.573336	0.114927
8.780562	0.115558
8.979893	0.110504
9.179222	0.115243
9.368443	0.093130
9.581357	0.134512
9.773106	0.106713
9.976857	0.124088
9.779739	0.108609
9.574723	0.133564
9.382975	0.107345
9.173221	0.127247
8.980840	0.126299
8.769506	0.106713
8.586919	0.125667
8.371478	0.090919
8.182257	0.142409
7.966817	0.092182
7.788336	0.124719
7.574475	0.101975
7.376093	0.123140
7.178658	0.102291
6.973011	0.099764
6.777155	0.118086
6.579405	0.103554
6.387657	0.122508
6.167162	0.108925
5.984890	0.136092
5.771345	0.110820
5.576122	0.116506
5.376161	0.106082
5.179990	0.097868
4.984766	0.116190
4.766167	0.100711
4.586422	0.105134
4.366560	0.090919
4.182393	0.101343
3.968216	0.106082
3.783733	0.108925
3.578401	0.086496
3.379703	0.099764
3.180373	0.097868
2.969355	0.102607
2.782029	0.079862
2.574802	0.102291
2.382738	0.085864
2.171088	0.089023
1.980603	0.091866
1.769270	0.069754
1.576573	0.075440
1.379455	0.068490
1.177282	0.072597
0.977952	0.061540
0.772936	0.056170
0.581820	0.017631
0.370170	-0.016800
0.181896	-0.104923
-0.024064	-0.204733
-0.220842	-0.294120
-0.422988	-0.413197
-0.620398	-0.493108
-0.826335	-0.624188
-1.018058	-0.699677
-1.213572	-0.816227
-1.431196	-0.924250
-1.611549	-0.996265
-1.831384	-1.082177
-2.015527	-1.129555
-2.237257	-1.210730
-2.420768	-1.275480
-2.626074	-1.320647
-2.823167	-1.332965
-3.020576	-1.396768
-3.230936	-1.452990
-3.413815	-1.495315
-3.626701	-1.516161
-3.824742	-1.554695
-4.026889	-1.603653
-4.223351	-1.674404
-4.426445	-1.702515
-4.626381	-1.726836
-4.818737	-1.775162
-5.028464	-1.828225
-5.215765	-1.877183
-5.431494	-1.891712
-5.622271	-1.934353
-5.827892	-1.988364
-6.016773	-2.070802
-6.221762	-2.078066
-6.424225	-2.086279
-6.618160	-2.145343
-6.825360	-2.193353
-7.025928	-2.248628
-7.226496	-2.236941
-7.423589	-2.294427
-7.624788	-2.308324
-7.823461	-2.399606
-8.031609	-2.418874
-8.214805	-2.434666
-8.428954	-2.485203
-8.619414	-2.506049
-8.827562	-2.620389
-9.020234	-2.639972
-9.229646	-2.648184
-9.424844	-2.651974
-9.628885	-2.744519
-9.820609	-2.770420
-10.022440	-2.777052
-9.822820	-2.727463
-9.622884	-2.699668
-9.420422	-2.718619
-9.219222	-2.637445
-9.030341	-2.596384
-8.821245	-2.545847
-8.620362	-2.542372
-8.428638	-2.516788
-8.220490	-2.446669
-8.033504	-2.399922
-7.817144	-2.371495
-7.630474	-2.372443
-7.406848	-2.310851
-7.235024	-2.261262
-7.022138	-2.189563
-6.824728	-2.203777
-6.626056	-2.145975
-6.423277	-2.124497
-6.223026	-2.024371
-6.025301	-2.017738
-5.830419	-1.977940
-5.620375	-1.948882
-5.423913	-1.906557
-5.224609	-1.826330
-5.023410	-1.833595
-4.819368	-1.778320
-4.621327	-1.754631
-4.423602	-1.683564
-4.222087	-1.653558
-4.023415	-1.644714
-3.810529	-1.583754
-3.625438	-1.530375
-3.421396	-1.430249
-3.227145	-1.450463
-3.020261	-1.380659
-2.830116	-1.357286
-2.611545	-1.269795
-2.427086	-1.240104
-2.226834	-1.185145
-2.019949	-1.141558
-1.829173	-1.068911
-1.615655	-0.934673
-1.429617	-0.897718
-1.214520	-0.783063
-1.022796	-0.733158
-0.821281	-0.583127
-0.617871	-0.492792
-0.420146	-0.372768
-0.221473	-0.288434
-0.018695	-0.187045
0.181896	-0.079023
0.368906	-0.021537
0.579608	0.034373
0.768830	0.065331
0.983322	0.081758
1.171280	0.068806
1.379139	0.084601
1.571835	0.083969
1.780642	0.071649
1.978708	0.094709
2.169509	0.123456
2.386213	0.133564
2.572275	0.141778
2.792770	0.118086
2.968092	0.088076
3.180373	0.115558
3.378755	0.092814
3.578717	0.117770
3.777731	0.095341
3.982115	0.116822
4.176707	0.108609
4.370982	0.119981
4.585475	0.105450
4.773433	0.098816
4.986030	0.112715
5.173040	0.111136
5.377424	0.122824
5.581176	0.095025
5.777031	0.142094
5.989945	0.162311
6.176323	0.143673
6.386077	0.138619
6.576246	0.104818
6.783157	0.127562
6.971747	0.119665
7.179290	0.128194
7.381779	0.106713
7.580793	0.133880
7.777911	0.105766
7.970292	0.129142
8.188259	0.112084
8.362634	0.279192
8.587234	0.154098
8.771401	0.134196
8.983367	0.120297
9.168482	0.117138
9.380763	0.121245
9.569669	0.141778
9.777843	0.135144
9.983491	0.114927
9.771525	0.128510
9.578514	0.124719
9.371919	0.204641
9.172588	0.140198
8.980208	0.142094
8.777088	0.153150
8.576810	0.119349
8.378744	0.123140
8.177203	0.115874
7.975030	0.134196
7.776332	0.101343
7.589006	0.133880
7.378936	0.138303
7.172340	0.121876
6.979012	0.114611
6.771470	0.108609
6.577510	0.121560
6.377548	0.105766
6.181693	0.131985
5.973202	0.092814
5.783981	0.139566
5.576754	0.097868
5.374581	0.129458
5.186939	0.109556
4.973394	0.153150
4.781330	0.138619
4.578209	0.109556
4.381407	0.117770
4.170073	0.086496
3.984642	0.111768
3.777415	0.104186
3.574610	0.121245
3.378755	0.107345
3.179425	0.116190
2.971566	0.123456
2.777923	0.105134
2.584911	0.146200
2.370734	0.125035
2.182145	0.122508
1.971758	0.084601
1.775903	0.104502
1.574994	0.067542
1.375980	0.098816
1.178230	0.094393
0.976373	0.086496
0.785572	0.051748
0.568868	0.025212
0.381542	-0.006376
0.173051	-0.116925
-0.017431	-0.169357
-0.225264	-0.298542
-0.417303	-0.366135
-0.632400	-0.497846
-0.817807	-0.585969
-1.025955	-0.699993
-1.223364	-0.800435
-1.411297	-0.892348
-1.624815	-1.012057
-1.819697	-1.061015
-2.031636	-1.159877
-2.218622	-1.188304
-2.428665	-1.259371
-2.620073	-1.326017
-2.823483	-1.361076
-3.020576	-1.388556
-3.223987	-1.428038
-3.436557	-1.504475
-3.615330	-1.529743
-3.832639	-1.582806
-4.017097	-1.595125
-4.233458	-1.667771
-4.417285	-1.713570
-4.633646	-1.757474
-4.824106	-1.759685
-5.016461	-1.810853
-5.233453	-1.887606
-5.416965	-1.928351
-5.633325	-1.956462
-5.821259	-1.983626
-6.029091	-2.025003
-6.215445	-2.079014
-6.431806	-2.143132
-6.623213	-2.123234
-6.826308	-2.172191
-7.026875	-2.221780
-7.226496	-2.310220
-7.424537	-2.308640
-7.620366	-2.332961
-7.831357	-2.378760
-8.020238	-2.412556
-8.233124	-2.477622
-8.424532	-2.475411
-8.620994	-2.516788
-8.823140	-2.583434
-9.021813	-2.655764
-9.227750	-2.699352
-9.418210	-2.699036
-9.631413	-2.731570
-9.811449	-2.776105
-10.029705	-2.831379
-9.814924	-2.797899
-9.632360	-2.746731
-9.424212	-2.742940
-9.230593	-2.679138
-9.021181	-2.607439
-8.825036	-2.588171
-8.624152	-2.527843
-8.417899	-2.515209
-8.232492	-2.488361
-8.018343	-2.444773
-7.828515	-2.372443
-7.622577	-2.344332
-7.421694	-2.326012
-7.223969	-2.278318
-7.021190	-2.217990
-6.828835	-2.175665
-6.617212	-2.153240
-6.434017	-2.146291
-6.217024	-2.079962
-6.028460	-2.007631
-5.825996	-1.986784
-5.630167	-1.964043
-5.422966	-1.922034
-5.221767	-1.868971
-5.025305	-1.794429
-4.813367	-1.790007
-4.632382	-1.742945
-4.423918	-1.717676
-4.220824	-1.625131
-4.020888	-1.648188
-3.830112	-1.591334
-3.612804	-1.550905
-3.428976	-1.498157
-3.227145	-1.413508
-3.025630	-1.392662
-2.819061	-1.362656
-2.622916	-1.329807
-2.418874	-1.221469
-2.228729	-1.181987
-2.028793	-1.163352
-1.822224	-1.079966
-1.623552	-0.987421
-1.422984	-0.876556
-1.220521	-0.799487
-1.018374	-0.696834
-0.829493	-0.620398
-0.618818	-0.475420
-0.423936	-0.392666
-0.229370	-0.289382
-0.015536	-0.178201
0.176842	-0.105239
0.374592	-0.015220
0.570447	0.030267
0.783993	0.078283
0.970371	0.071017
1.188022	0.103238
1.376928	0.071649
1.574362	0.097552
1.779378	0.070385
1.973654	0.103870
2.174247	0.075756
2.378315	0.098500
2.590281	0.089339
2.774448	0.090603
2.977569	0.167681
3.173108	0.100711
3.379387	0.123772
3.579981	0.085232
3.781522	0.123140
3.976429	0.101027
4.172284	0.111768
4.376984	0.120929
4.566837	0.116822
4.778803	0.122824
4.976869	0.089655
5.187887	0.111768
5.369843	0.088707
5.585283	0.123140
5.776400	0.083337
5.981100	0.123772
6.181693	0.108293
6.374705	0.111136
6.585091	0.125667
6.770838	0.101659
6.991016	0.124403
7.166338	0.115558
7.388729	0.128826
7.571632	0.101027
7.784861	0.121560
7.980084	0.095025
8.174359	0.142094
8.373690	0.122192
8.574283	0.106713
8.778667	0.115243
8.973259	0.118086
9.175431	0.129142
9.364653	0.107661
9.580093	0.121876
9.776264	0.112399
9.979384	0.130090
9.778476	0.116190
9.572196	0.115558
9.376972	0.123140
9.169430	0.124088
8.988421	0.120929
8.769506	0.111452
8.585340	0.130090
8.373374	0.174315
8.177835	0.142409
7.970923	0.103238
7.780755	0.120297
7.577002	0.101659
7.382411	0.123772
7.182449	0.106397
6.968588	0.104818
6.781894	0.124403
6.571824	0.100711
6.386077	0.123140
6.173480	0.115874
5.980152	0.106397
5.773241	0.104186
5.576438	0.119349
5.374265	0.110820
5.172408	0.112715
4.994243	0.100080
4.766483	0.091550
4.580737	0.113031
4.374141	0.097236
4.178602	0.096605
3.983379	0.095341
3.783101	0.110188
3.579033	0.116822
3.371174	0.091550
3.193641	0.089023
2.963353	0.095973
2.786136	0.090919
2.571327	0.106713
2.382738	0.095973
2.172036	0.085864
1.975549	0.088076
1.776535	0.083021
1.572783	0.083337
1.381666	0.066279
1.172228	0.081442
0.975425	0.046377
0.778938	0.064383
0.572659	0.018263
0.376804	-0.022169
0.179053	-0.099553
-0.024380	-0.196521
-0.224000	-0.283697
-0.423620	-0.386349
-0.622924	-0.472894
-0.831704	-0.614712
-1.013636	-0.685779
-1.213572	-0.801698
-1.420141	-0.887295
-1.616603	-0.967206
-1.825067	-1.082177
-2.025319	-1.134293
-2.230624	-1.201254
-2.414451	-1.220205
-2.630496	-1.301380
-2.820640	-1.343704
-3.016786	-1.414456
-3.232199	-1.415719
-3.419816	-1.467520
-3.627333	-1.522478
-3.818741	-1.586913
-4.022151	-1.599863
-4.223035	-1.626078
-4.428972	-1.705358
-4.621959	-1.746419
-4.823790	-1.779900
-5.024673	-1.800114
-5.226820	-1.874656
-5.423598	-1.905926
-5.619428	-2.006367
-5.830102	-1.980151
-6.019615	-2.010789
-6.226500	-2.077119
-6.422330	-2.119759
-6.621318	-2.176613
-6.826940	-2.159873
-7.026244	-2.214831
-7.224600	-2.249891
-7.426747	-2.312746
-7.624156	-2.331382
-7.818091	-2.361072
-8.030977	-2.418874
-8.212594	-2.461830
-8.430849	-2.535740
-8.616887	-2.498153
-8.831669	-2.577748
-9.013600	-2.590698
-9.232172	-2.685139
-9.418210	-2.657660
-9.629518	-2.706933
-9.825347	-2.742940
-10.015807	-2.801057
-9.826295	-2.784001
-9.619094	-2.689561
-9.425159	-2.660186
-9.218274	-2.636813
-9.029078	-2.644394
-8.813664	-2.576169
-8.624468	-2.513314
-8.426111	-2.489625
-8.224912	-2.471305
-8.029714	-2.450143
-7.818723	-2.370232
-7.628579	-2.328855
-7.413482	-2.292847
-7.232497	-2.294427
-7.021506	-2.215147
-6.828203	-2.179771
-6.629530	-2.113442
-6.420751	-2.114074
-6.226500	-2.082172
-6.018984	-2.026898
-5.831366	-1.948566
-5.620375	-1.939722
-5.433389	-1.931826
-5.213554	-1.870866
-5.026885	-1.832963
-4.815262	-1.756526
-4.631119	-1.759685
-4.422023	-1.699357
-4.223666	-1.675352
-4.028784	-1.594177
-3.818109	-1.565750
-3.627017	-1.540798
-3.418869	-1.480470
-3.225882	-1.442883
-3.019945	-1.354759
-2.819693	-1.349706
-2.619757	-1.305802
-2.416031	-1.241368
-2.229676	-1.176933
-2.020897	-1.104918
-1.832332	-1.071122
-1.618182	-0.977945
-1.434039	-0.889190
-1.212625	-0.769797
-1.027534	-0.701572
-0.818123	-0.597972
-0.629242	-0.490897
-0.421409	-0.363924
-0.210418	-0.281801
-0.027854	-0.182623
0.186635	-0.097974
0.367327	-0.015852
0.578661	0.020790
0.773884	0.069438
0.980479	0.070385
1.171912	0.084285
1.382298	0.085548
1.573415	0.080178
1.773376	0.087128
1.973338	0.078283
2.173300	0.117138
2.378631	0.073544
2.586174	0.090287
2.787400	0.088391
2.970303	0.098816
3.181005	0.101659
3.374333	0.105134
3.585035	0.107977
3.778047	0.111452
3.981799	0.126615
4.170704	0.088076
4.378880	0.131985
4.581368	0.104818
4.770589	0.122192
4.980976	0.121876
5.180305	0.129458
5.377740	0.131353
5.571383	0.109240
5.785245	0.121245
5.968780	0.112399
6.183904	0.127247
6.378180	0.100080
6.585091	0.119033
6.780314	0.110820
6.970483	0.134512
7.177711	0.117770
7.377357	0.119981
7.577634	0.128826
7.775384	0.111452
7.975977	0.128194
8.178467	0.100395
8.372426	0.126931
8.580601	0.108293
8.776140	0.122192
8.981472	0.098184
9.171957	0.115558
9.384870	0.130090
9.572827	0.102607
9.772473	0.144937
9.976542	0.111452
9.772473	0.149043
9.573775	0.113663
9.378552	0.135144
9.171957	0.106713
8.980208	0.133564
8.778352	0.123772
8.573336	0.118401
8.380639	0.120613
8.170885	0.094709
7.978505	0.131353
7.773805	0.094393
7.589954	0.111768
7.372302	0.101975
7.182449	0.142094
6.974590	0.110504
6.772101	0.113663
6.579089	0.119665
6.372178	0.102923
6.183273	0.129458
5.965305	0.105766
5.788404	0.118717
5.572015	0.086180
5.374897	0.123456
5.182517	0.101659
4.972131	0.108925
4.784805	0.107977
4.569996	0.089023
4.389936	0.098500
4.165650	0.098500
3.989065	0.104818
3.776467	0.073860
3.577769	0.118401
3.371806	0.092182
3.175635	0.111452
2.982939	0.078915
2.781398	0.093130
2.578909	0.089655
2.375472	0.096605
2.175195	0.103870
1.967968	0.083969
1.780326	0.091866
1.569940	0.086180
1.382614	0.084285
1.180125	0.062804
0.977952	0.062172
0.783677	0.048905
0.571079	0.028687
0.384385	-0.019958
0.179369	-0.119136
-0.016484	-0.175043
-0.233160	-0.305175
-0.418882	-0.378453
-0.620398	-0.493740
-0.821913	-0.577757
-1.022480	-0.701888
-1.214836	-0.796644
-1.411613	-0.899297
-1.629553	-0.974786
-1.812117	-1.052802
-2.036058	-1.153560
-2.217990	-1.198096
-2.429928	-1.245790
-2.612492	-1.296010
-2.824431	-1.358865
-3.025314	-1.405296
-3.222092	-1.448568
-3.433398	-1.477943
-3.617226	-1.516161
-3.820320	-1.576805
-4.020256	-1.637449
-4.221456	-1.646925
-4.415706	-1.680405
-4.630487	-1.733153
-4.818105	-1.799798
-5.018356	-1.840228
-5.230295	-1.851599
-5.419807	-1.899924
-5.629219	-1.943512
-5.826313	-2.023423
-6.023722	-2.026898
-6.209444	-2.060379
-6.431806	-2.111547
-6.622266	-2.157978
-6.825045	-2.203461
-7.019295	-2.196828
-7.228707	-2.249259
-7.417272	-2.291584
-7.627315	-2.375917
-7.824409	-2.351280
-8.012658	-2.388551
-8.232808	-2.438772
-8.418847	-2.512366
-8.624784	-2.549321
-8.818719	-2.551848
-9.027183	-2.588803
-9.210378	-2.642814
-9.425791	-2.717988
-9.625095	-2.701563
-9.817451	-2.736623
-10.024652	-2.773578
-9.817135	-2.754627
-9.629518	-2.737255
-9.419474	-2.665240
-9.223644	-2.628917
-9.020865	-2.584381
-8.822824	-2.605228
-8.625416	-2.523737
-8.419478	-2.473516
-8.235651	-2.444142
-8.019291	-2.435298
-7.821250	-2.394868
-7.621314	-2.340857
-7.417588	-2.277371
-7.223022	-2.244838
-7.024664	-2.263473
-6.823781	-2.192722
-6.622898	-2.133657
-6.423594	-2.069854
-6.227448	-2.083120
-6.012035	-2.020897
-5.831998	-1.997208
-5.624166	-1.925193
-5.422019	-1.896134
-5.222398	-1.879078
-5.026885	-1.823488
-4.811156	-1.791586
-4.627328	-1.718308
-4.429604	-1.720203
-4.215138	-1.660823
-4.029732	-1.621025
-3.818109	-1.540798
-3.613751	-1.524373
-3.430871	-1.498157
-3.220512	-1.431196
-3.028473	-1.398979
-2.816534	-1.311487
-2.637129	-1.312751
-2.405607	-1.247053
-2.230624	-1.217679
-2.025003	-1.101444
-1.816539	-1.046801
-1.632080	-0.982367
-1.418878	-0.894559
-1.225259	-0.787485
-1.014900	-0.677251
-0.833915	-0.593234
-0.609343	-0.494687
-0.426463	-0.400563
-0.218315	-0.263482
-0.028486	-0.195257
0.180317	-0.086603
0.374592	-0.023117
0.570447	0.032162
0.777991	0.064383
0.971634	0.066595
1.190234	0.083969
1.374401	0.068806
1.589209	0.084917
1.769270	0.067226
1.976497	0.098184
2.174879	0.076387
2.376104	0.096289
2.587122	0.095341
2.776027	0.097868
2.979148	0.107345
3.168053	0.078915
3.384126	0.117138
3.572083	0.077967
3.787208	0.111768
3.977693	0.095025
4.176391	0.123456
4.372561	0.105766
4.572839	0.105450
4.785752	0.113979
4.970867	0.111136
5.185044	0.115558
5.368895	0.111768
5.578965	0.112399
5.771977	0.113031
5.989629	0.105766
6.177587	0.108609
6.374389	0.104818
6.586355	0.126615
6.769574	0.102923
6.983119	0.121876
7.173604	0.106082
7.385254	0.117454
7.573211	0.117454
7.782650	0.130405
7.973766	0.098500
8.174044	0.115243
8.382218	0.113979
8.573967	0.109240
8.783722	0.108293
8.972311	0.130405
9.176695	0.095341
9.367180	0.139251
9.580725	0.123772
9.770894	0.115243
9.982544	0.119665
9.774685	0.118086
9.577250	0.118086
9.369707	0.114611
9.172904	0.125667
8.980840	0.108609
8.772349	0.125983
8.584076	0.122508
8.370531	0.105450
8.176887	0.113347
7.969660	0.104818
7.781070	0.113347
7.579845	0.105766
7.377357	0.107977
7.178342	0.101027
6.967956	0.127562
6.784737	0.119665
6.571192	0.104186
6.387973	0.113347
6.173480	0.121560
5.983627	0.122508
5.769450	0.101659
5.578649	0.117454
5.374581	0.089339
5.173040	0.114295
4.984135	0.101027
4.771537	0.107345
4.577893	0.093446
4.375405	0.100395
4.169757	0.099132
3.977693	0.091866
3.776151	0.100711
3.574295	0.088076
3.377176	0.098816
3.180057	0.095341
2.970619	0.120613
2.781713	0.087128
2.577645	0.091550
2.376104	0.090603
2.176774	0.081758
1.973338	0.091550
1.781274	0.062488
1.572467	0.081126
1.383562	0.065647
1.172544	0.090287
0.973846	0.043850
0.777675	0.085864
0.572343	0.015104
0.368590	-0.025643
0.186635	-0.096711
-0.027223	-0.192731
-0.221473	-0.268220
-0.420462	-0.413513
-0.620713	-0.475736
-0.832020	-0.603973
-1.016163	-0.676620
-1.224627	-0.816859
-1.422668	-0.887611
-1.622604	-0.980472
-1.825067	-1.055645
-2.028477	-1.115342
-2.231888	-1.217679
-2.416031	-1.235998
-2.626390	-1.318120
-2.820325	-1.328859
-3.019629	-1.404980
-3.228724	-1.448252
-3.417606	-1.484260
-3.626701	-1.508581
-3.818109	-1.555327
-4.034470	-1.612497
-4.218613	-1.652610
-4.432130	-1.698725
-4.619432	-1.709780
-4.818737	-1.803905
-5.018672	-1.820645
-5.223030	-1.880341
-5.413175	-1.880657
-5.628903	-1.944460
-5.827576	-1.988048
-6.013614	-2.051535
-6.231238	-2.050903
-6.416645	-2.067643
-6.625424	-2.160504
-6.824413	-2.190826
-7.029402	-2.248312
-7.229023	-2.233783
-7.424221	-2.289373
-7.622577	-2.342437
-7.824724	-2.387288
-8.030662	-2.420137
-8.218279	-2.433719
-8.431480	-2.495626
-8.615940	-2.536687
-8.827878	-2.599542
-9.018338	-2.578380
-9.229961	-2.640287
-9.419474	-2.681664
-9.620042	-2.742309
-9.828821	-2.747994
-10.012649	-2.743256
-9.830085	-2.751784
-9.614356	-2.726832
-9.440320	-2.703774
-9.216063	-2.623231
-9.030972	-2.562587
-8.819350	-2.551532
-8.620362	-2.573010
-8.427059	-2.500680
-8.218595	-2.443194
-8.030346	-2.394868
-7.819986	-2.379708
-7.627947	-2.353807
-7.411271	-2.296954
-7.231234	-2.235678
-7.018979	-2.205987
-6.827887	-2.197775
-6.629530	-2.150081
-6.414433	-2.098597
-6.225237	-2.043954
-6.015825	-2.048376
-5.823786	-1.999419
-5.617217	-1.941301
-5.436548	-1.890765
-5.215134	-1.842755
-5.022779	-1.846861
-4.823158	-1.776425
-4.627013	-1.732206
-4.423602	-1.677247
-4.222403	-1.675352
-4.025310	-1.621972
-3.817162	-1.578069
-3.635545	-1.512687
-3.412236	-1.459307
-3.233462	-1.447621
-3.018365	-1.390451
-2.828221	-1.336440
-2.619125	-1.278638
-2.423295	-1.254002
-2.223675	-1.203465
-2.017107	-1.139978
-1.830121	-1.039221
-1.615024	-0.969417
-1.427722	-0.904351
-1.220837	-0.810226
-1.023744	-0.698098
-0.823176	-0.594182
-0.631453	-0.512375
-0.425199	-0.404353
-0.213261	-0.299174
-0.029750	-0.203785
0.187898	-0.102712
0.372065	-0.022169
0.577081	0.024265
0.773252	0.069438
0.981111	0.077019
1.172544	0.067858
1.379771	0.091550
1.577521	0.071333
1.776219	0.077651
1.979340	0.067542
2.177406	0.097552
2.376736	0.074176
2.584595	0.101975
2.784241	0.082074
2.965564	0.089339
3.174687	0.107977
3.377492	0.095341
3.573347	0.105766
3.778995	0.084601
3.991592	0.115243
4.171336	0.090919
4.379511	0.124088
4.578209	0.102923
4.769010	0.111768
4.981607	0.111768
5.178410	0.098184
5.379004	0.107977
5.570120	0.082074
5.791247	0.115874
5.968464	0.093762
6.182325	0.145253
6.383550	0.097236
6.575298	0.109556
6.781578	0.119665
6.979012	0.114295
7.182133	0.114927
7.376409	0.102923
7.585531	0.125035
7.771909	0.099764
7.978821	0.132617
8.176571	0.089023
8.375585	0.138935
8.577127	0.107977
8.775825	0.127878
8.979893	0.106397
9.176379	0.108293
9.383290	0.119349
9.572827	0.106713
9.784793	0.121876
9.977489	0.106082
9.776580	0.125667
9.574723	0.111136
9.377604	0.124719
9.173536	0.114611
8.977997	0.119665
8.788460	0.125351
8.568913	0.101975
8.381587	0.129774
8.172780	0.089655
7.979768	0.143357
7.771277	0.089339
7.586795	0.124403
7.368827	0.102923
7.178027	0.113347
6.975222	0.114927
6.769890	0.112399
6.586987	0.126615
6.378180	0.093446
6.185484	0.119349
5.970043	0.107977
5.787140	0.114927
5.567909	0.104186
5.376476	0.113031
5.176199	0.092814
4.974026	0.096289
4.785437	0.098816
4.569364	0.091550
4.383618	0.097236
4.163755	0.081442
3.986538	0.101659
3.771413	0.084285
3.583456	0.095973
3.380651	0.086496
3.171212	0.101659
2.980096	0.119349
2.773816	0.092814
2.591545	0.083021
2.373261	0.097868
2.187831	0.088076
1.963545	0.074808
1.780010	0.108293
1.567097	0.063120
1.381666	0.081442
1.174439	0.065015
0.980163	0.081126
0.775779	0.037532
0.580556	0.023633
0.376172	-0.030697
0.169576	-0.112819
-0.014904	-0.186098
-0.227159	-0.296647
-0.422988	-0.389508
-0.626715	-0.505742
-0.821281	-0.590707
-1.023428	-0.704415
-1.225575	-0.790643
-1.412245	-0.898981
-1.622288	-1.018058
-1.814644	-1.050591
-2.035110	-1.132714
-2.219253	-1.194305
-2.424559	-1.268847
-2.620389	-1.306750
-2.825378	-1.351917
-3.026578	-1.375922
-3.221144	-1.449516
-3.437820	-1.501000
-3.612488	-1.530059
-3.821268	-1.550589
-4.018361	-1.615655
-4.229352	-1.644398
-4.419180	-1.706937
-4.625749	-1.743576
-4.818737	-1.757158
-5.019620	-1.838649
-5.227136	-1.885079
-5.422334	-1.923613
-5.621323	-1.929299
-5.829155	-1.993417
-6.021511	-2.030056
-6.220499	-2.089121
-6.417592	-2.093543
-6.622898	-2.120075
-6.826940	-2.166506
-7.024033	-2.246101
-7.227759	-2.257788
-7.424221	-2.260946
-7.624788	-2.336751
-7.823145	-2.375917
-8.024029	-2.446669
-8.231544	-2.455513
-8.419163	-2.464041
-8.620362	-2.541109
-8.815560	-2.580275
-9.035079	-2.642814
-9.209115	-2.619441
-9.435266	-2.678506
-9.620358	-2.717672
-9.821240	-2.761891
-10.021493	-2.777684
-9.818082	-2.722726
-9.629833	-2.696194
-9.419158	-2.699984
-9.231225	-2.676927
-9.019602	-2.584381
-8.826931	-2.566377
-8.620678	-2.536371
-8.423901	-2.514893
-8.228070	-2.457092
-8.015817	-2.411609
-7.824092	-2.367705
-7.623525	-2.360440
-7.419799	-2.318432
-7.220810	-2.245785
-7.029718	-2.200302
-6.824097	-2.161136
-6.625424	-2.179456
-6.428647	-2.097965
-6.225237	-2.067959
-6.018352	-1.989311
-5.828523	-1.993101
-5.629219	-1.947934
-5.419492	-1.897398
-5.231243	-1.853494
-5.020883	-1.794429
-4.827896	-1.799167
-4.622591	-1.729047
-4.432762	-1.680721
-4.215454	-1.635554
-4.028152	-1.628289
-3.814319	-1.579648
-3.623859	-1.519320
-3.426450	-1.467835
-3.221776	-1.417930
-3.025314	-1.414772
-2.817166	-1.342441
-2.628601	-1.291904
-2.413504	-1.218942
-2.234414	-1.187988
-2.022476	-1.133661
-1.822856	-1.061331
-1.626078	-0.966890
-1.412561	-0.886979
-1.229365	-0.802014
-1.005740	-0.687043
-0.832968	-0.594813
-0.612501	-0.473841
-0.432464	-0.394562
-0.219894	-0.261587
-0.015220	-0.193362
0.176842	-0.080918
0.375856	-0.026591
0.580240	0.025212
0.783361	0.052379
0.971950	0.088707
1.185179	0.071649
1.366819	0.068806
1.581312	0.093446
1.775903	0.072597
1.979972	0.085548
2.176774	0.075124
2.381474	0.089339
2.577645	0.084917
2.787400	0.093130
2.981359	0.099132
3.176267	0.078283
3.382862	0.110504
3.573031	0.093446
3.777099	0.124088
3.974218	0.096921
4.176707	0.114295
4.370982	0.101027
4.570628	0.114611
4.788911	0.109872
4.963285	0.098500
5.188519	0.121245
5.366368	0.106397
5.585283	0.113347
5.771345	0.104186
5.985838	0.108609
6.179798	0.116506
6.377548	0.112399
6.584459	0.105134
6.775892	0.112084
6.981540	0.110504
7.177395	0.127247
7.378304	0.096921
7.580161	0.125035
7.780755	0.108925
7.975662	0.111136
8.173728	0.121876
8.377796	0.114295
8.571440	0.106713
8.787512	0.105134
8.975786	0.128194
9.181749	0.094709
9.373498	0.124403
9.585464	0.117454
9.771842	0.117454
9.979701	0.125667
9.772789	0.105766
9.578514	0.130405
9.371919	0.105450
9.172273	0.155361
8.975470	0.098816
8.779931	0.130721
8.581549	0.121876
8.371162	0.109556
8.183205	0.117138
7.969344	0.107345
7.788336	0.111768
7.570368	0.102923
7.381463	0.118401
7.170761	0.100395
6.975538	0.119981
6.776840	0.104186
6.575930	0.119981
6.381023	0.109240
6.176007	0.116822
5.987102	0.103554
5.770398	0.099448
5.581492	0.117454
5.371106	0.106397
5.179674	0.118717
4.980028	0.087128
4.773117	0.109556
4.579157	0.094078
4.370982	0.101659
4.174180	0.083969
3.977693	0.097236
3.783101	0.106397
3.573663	0.085864
3.386021	0.107029
3.175319	0.073544
2.976937	0.113347
2.776027	0.077651
2.579857	0.110504
2.379895	0.069754
2.177090	0.096605
1.978076	0.082705
1.769270	0.078915
1.576889	0.086180
1.379455	0.053011
1.181705	0.082074
0.974793	0.053327
0.779570	0.066279
0.582451	0.010049
0.371749	-0.026907
0.182844	-0.106186
-0.022801	-0.197152
-0.217367	-0.271378
-0.425831	-0.394877
-0.622293	-0.473841
-0.834863	-0.620082
-1.012689	-0.696519
-1.229049	-0.806120
-1.418246	-0.876871
-1.621657	-1.003845
-1.828225	-1.083125
-2.020897	-1.134925
-2.236625	-1.193989
-2.416347	-1.262214
-2.631128	-1.297274
-2.809270	-1.356655
-3.031315	-1.400242
-3.221144	-1.420141
-3.430556	-1.504159
-3.622279	-1.527532
-3.823163	-1.574910
-4.018361	-1.596704
-4.220824	-1.657664
-4.429288	-1.706937
-4.622907	-1.739786
-4.830423	-1.776741
-5.016461	-1.796008
-5.224294	-1.874972
-5.420755	-1.924877
-5.618480	-1.965938
-5.826313	-1.964043
-6.019615	-2.024687
-6.223973	-2.067643
-6.417592	-2.110599
-6.621318	-2.162400
-6.816201	-2.157346
-7.026875	-2.241363
-7.218599	-2.271369
-7.426116	-2.318116
-7.619103	-2.314641
-7.827251	-2.370232
-8.024976	-2.435298
-8.217963	-2.475727
-8.432744	-2.475727
-8.612149	-2.517420
-8.830090	-2.571747
-9.018655	-2.648184
-9.229961	-2.639656
-9.424527	-2.658923
-9.631728	-2.709460
-9.822504	-2.771367
-10.014860	-2.833591
-9.815556	-2.760944
-9.622884	-2.699984
-9.427686	-2.653238
-9.221749	-2.671557
-9.027498	-2.607754
-8.811454	-2.556586
-8.624152	-2.518683
-8.429585	-2.490888
-8.229965	-2.492783
-8.029714	-2.411293
-7.822197	-2.383182
-7.621314	-2.331382
-7.422957	-2.342437
-7.229654	-2.267895
-7.017084	-2.204724
-6.832625	-2.170296
-6.618792	-2.135868
-6.426436	-2.125445
-6.223341	-2.057536
-6.026564	-2.011105
-5.813678	-1.957726
-5.621954	-1.973518
-5.422966	-1.911295
-5.219556	-1.869918
-5.026253	-1.805484
-4.819052	-1.774530
-4.630487	-1.754315
-4.422655	-1.705990
-4.225245	-1.651663
-4.017413	-1.576805
-3.823795	-1.588492
-3.621332	-1.534165
-3.414131	-1.484892
-3.229040	-1.421089
-3.020261	-1.385081
-2.827905	-1.351917
-2.618178	-1.287167
-2.423611	-1.241368
-2.224623	-1.163983
-2.026582	-1.154192
-1.828225	-1.067016
-1.624499	-0.990263
-1.422984	-0.868028
-1.222416	-0.812121
-1.019006	-0.697150
-0.826019	-0.609659
-0.630505	-0.484580
-0.418567	-0.367714
-0.226843	-0.291909
-0.018379	-0.164935
0.179369	-0.111556
0.374592	0.004363
0.570447	0.044166
0.780518	0.071333
0.971318	0.070385
1.178230	0.103554
1.378823	0.081442
1.574046	0.072281
1.771797	0.094393
1.973338	0.071333
2.191937	0.083337
2.373577	0.066279
2.581120	0.102607
2.777923	0.101659
2.976621	0.099132
3.191430	0.081442
3.369278	0.096289
3.581876	0.117138
3.771097	0.098816
3.984642	0.133249
4.165334	0.099764
4.380143	0.111768
4.566521	0.100395
4.781646	0.125035
4.972446	0.094709
5.177778	0.111452
5.375529	0.101659
5.574859	0.110504
5.779243	0.100080
5.975729	0.104186
6.189275	0.110504
6.375021	0.099764
6.594568	0.120297
6.773365	0.096605
6.979329	0.119033
7.178974	0.102291
7.372934	0.120297
7.580793	0.113979
7.771594	0.127247
7.982612	0.125351
8.168674	0.108925
8.383482	0.132933
8.568913	0.082389
8.783405	0.125667
8.982736	0.093130
9.176695	0.126931
9.380447	0.112399
9.569353	0.121876
9.784793	0.123772
9.971487	0.113031
9.785425	0.132617
9.564930	0.107345
9.380447	0.119349
9.165955	0.117138
8.983684	0.120929
8.774877	0.106082
8.578706	0.117454
8.381271	0.113663
8.174044	0.113663
7.975977	0.118086
7.777911	0.103554
7.582372	0.102291
7.386201	0.103238
7.179290	0.117454
6.980908	0.106713
6.772101	0.112399
6.582880	0.110188
6.374389	0.115874
6.182957	0.105450
5.972887	0.140514
5.780190	0.097236
5.572015	0.111136
5.376792	0.131353
5.174935	0.094709
4.983819	0.110188
4.776276	0.090919
4.576314	0.116506
4.376036	0.080494
4.177970	0.112084
3.981168	0.074492
3.784997	0.116822
3.582192	0.096289
3.371806	0.095025
3.174371	0.102291
2.971251	0.103554
2.783609	0.102291
2.575750	0.087444
2.386213	0.101659
2.175511	0.071333
1.969863	0.082705
1.777167	0.085864
1.569940	0.076072
1.383246	0.070385
1.173491	0.059329
0.981427	0.070385
0.779570	0.040375
0.577713	0.032794
0.375856	-0.055334
0.172735	-0.095447
-0.015852	-0.200627
-0.230317	-0.289066
-0.423304	-0.392982
-0.628610	-0.478579
-0.823492	-0.605868
-1.023428	-0.715154
-1.207255	-0.797908
-1.424563	-0.896454
-1.626078	-0.970364
-1.822540	-1.090389
-2.018686	-1.135241
-2.229992	-1.224627
-2.416662	-1.231576
-2.627022	-1.318120
-2.825063	-1.361076
-3.024683	-1.399295
-3.227461	-1.434039
-3.431503	-1.464045
-3.619121	-1.519636
-3.820320	-1.568593
-4.024994	-1.619130
-4.220192	-1.629869
-4.419496	-1.706937
-4.628276	-1.753368
-4.819684	-1.784006
-5.027832	-1.813380
-5.219872	-1.836438
-5.428336	-1.926140
-5.620375	-1.951725
-5.835788	-1.994365
-6.015825	-1.990259
-6.222078	-2.079646
-6.421698	-2.116285
-6.621634	-2.161452
-6.833572	-2.171875
-7.017716	-2.185773
-7.230602	-2.269790
-7.415692	-2.318748
-7.630474	-2.345279
-7.819671	-2.352544
-8.030029	-2.408766
-8.223965	-2.439720
-8.431480	-2.524369
-8.617835	-2.528791
-8.819982	-2.567325
-9.023393	-2.614072
-9.219853	-2.669662
-9.430213	-2.703458
-9.622252	-2.692404
-9.821240	-2.762523
-10.022124	-2.805795
-9.821240	-2.789371
-9.626042	-2.703143
-9.411577	-2.669978
-9.226171	-2.635234
-9.019917	-2.625126
-8.825036	-2.599542
-8.610570	-2.497521
-8.429585	-2.492152
-8.218595	-2.430560
-8.032872	-2.469410
-7.818723	-2.379392
-7.618787	-2.339278
-7.417903	-2.286846
-7.227128	-2.299480
-7.031613	-2.235046
-6.820307	-2.169664
-6.633005	-2.132393
-6.413170	-2.096386
-6.229659	-2.081857
-6.016141	-2.022792
-5.830102	-1.975098
-5.626692	-1.932142
-5.424545	-1.913190
-5.226189	-1.881921
-5.015514	-1.804852
-4.826632	-1.775794
-4.619116	-1.731890
-4.432762	-1.704095
-4.215454	-1.669035
-4.030364	-1.602074
-3.812424	-1.543009
-3.622595	-1.545220
-3.431503	-1.489313
-3.218933	-1.437513
-3.030368	-1.353496
-2.820640	-1.347811
-2.627653	-1.293484
-2.418874	-1.260319
-2.233151	-1.181355
-2.016159	-1.103655
-1.829489	-1.068911
-1.605864	-0.989947
-1.425827	-0.888242
-1.222416	-0.770744
-1.019954	-0.696834
-0.823808	-0.596708
-0.619450	-0.508585
-0.426463	-0.386034
-0.215472	-0.284012
-0.021853	-0.209471
0.182528	-0.101764
0.374908	-0.029750
0.573606	0.041007
0.776095	0.048905
0.975741	0.083021
1.180125	0.072913
1.371558	0.089339
1.581944	0.080810
1.767374	0.073228
1.983131	0.095341
2.169825	0.084917
2.383370	0.108293
2.575118	0.076387
2.787400	0.117454
2.979464	0.083021
3.171212	0.108609
3.381598	0.095341
3.572083	0.103870
3.783101	0.103238
3.974534	0.109556
4.174180	0.104818
4.372246	0.104186
4.577893	0.114295
4.777223	0.108293
4.983187	0.110820
5.183780	0.095341
5.373949	0.109240
5.576122	0.095657
5.776400	0.133249
5.982363	0.099764
6.180114	0.099448
6.378496	0.113663
6.581301	0.104818
6.774944	0.137671
6.975853	0.095973
7.179290	0.134512
7.378304	0.093446
7.584584	0.145884
7.778543	0.102291
7.973135	0.113031
8.177203	0.122508
8.372110	0.113663
8.581864	0.136407
8.772349	0.085548
8.996319	0.116506
9.167534	0.095657
9.380132	0.144621
9.573460	0.104818
9.774685	0.127247
9.980017	0.131669
9.771525	0.125667
9.582305	0.126299
9.371602	0.112399
9.178591	0.142409
8.973890	0.108293
8.780562	0.134196
8.575546	0.104186
8.373058	0.121876
8.180362	0.118717
7.970292	0.109240
7.782650	0.114611
7.577318	0.096605
7.383358	0.111452
7.173604	0.097236
6.979329	0.134196
6.771785	0.090919
6.584775	0.119665
6.379128	0.088707
6.179482	0.126931
5.977309	0.108293
5.776084	0.116506
5.578018	0.114295
5.369211	0.102923
5.187255	0.110504
4.971183	0.097868
4.783541	0.114295
4.569680	0.087444
4.381091	0.104502
4.167230	0.093446
3.981799	0.109872
3.786892	0.098816
3.574926	0.096289
3.381914	0.108293
3.166474	0.083337
2.984202	0.101027
2.773816	0.080494
2.585227	0.096605
2.378315	0.090287
2.177722	0.094078
1.976813	0.077967
1.769901	0.087760
1.580996	0.087444
1.374085	0.060277
1.188970	0.073860
0.974477	0.058065
0.783045	0.050168
0.569184	0.016367
0.382490	-0.022169
0.183476	-0.118821
-0.024696	-0.190204
-0.223053	-0.306754
-0.428990	-0.397404
-0.621977	-0.500057
-0.820018	-0.586601
-1.023112	-0.710100
-1.227470	-0.802646
-1.417299	-0.880662
-1.619130	-0.970996
-1.826330	-1.045538
-2.021844	-1.149454
-2.226202	-1.198411
-2.417294	-1.251475
-2.625126	-1.284324
-2.820325	-1.340546
-3.031631	-1.411297
-3.220828	-1.437829
-3.434030	-1.476048
-3.617226	-1.497842
-3.820952	-1.587228
-4.023415	-1.610286
-4.225562	-1.662718
-4.421391	-1.669982
-4.615642	-1.754315
-4.829475	-1.793481
-5.010776	-1.838333
-5.231243	-1.867391
-5.418228	-1.890133
-5.630167	-1.953304
-5.824417	-2.005420
-6.025617	-2.034478
-6.215761	-2.049955
-6.426120	-2.104598
-6.628899	-2.148818
-6.817780	-2.202197
-7.029718	-2.210093
-7.226496	-2.248944
-7.421378	-2.308640
-7.622893	-2.351280
-7.825672	-2.389183
-8.030029	-2.379392
-8.223017	-2.443510
-8.432428	-2.503522
-8.616887	-2.559429
-8.825983	-2.554059
-9.021497	-2.605228
-9.226487	-2.630496
-9.422001	-2.725252
-9.633939	-2.725884
-9.819345	-2.739782
-10.024019	-2.783054
-9.819978	-2.747362
-9.629201	-2.759049
-9.420737	-2.658607
-9.228066	-2.642183
-9.019602	-2.582170
-8.823140	-2.598595
-8.618151	-2.551532
-8.424848	-2.472569
-8.224280	-2.433719
-8.023396	-2.426770
-7.826935	-2.408134
-7.616576	-2.336120
-7.426747	-2.296322
-7.222390	-2.253366
-7.015505	-2.256524
-6.825676	-2.203777
-6.621003	-2.135552
-6.424857	-2.090069
-6.212286	-2.055957
-6.028460	-2.041427
-5.817469	-1.979204
-5.629851	-1.949514
-5.421387	-1.875919
-5.214818	-1.892344
-5.012039	-1.839596
-4.818105	-1.778636
-4.629224	-1.716729
-4.412548	-1.703779
-4.230615	-1.661770
-4.004779	-1.615024
-3.831691	-1.561644
-3.606802	-1.505422
-3.431503	-1.501000
-3.221144	-1.428354
-3.027841	-1.395505
-2.817798	-1.318120
-2.623863	-1.296326
-2.424875	-1.247053
-2.217358	-1.202833
-2.031636	-1.108709
-1.820013	-1.037957
-1.625447	-0.995001
-1.423932	-0.900245
-1.227154	-0.814964
-1.015216	-0.683568
-0.831073	-0.606184
-0.621029	-0.502900
-0.420462	-0.387297
-0.228106	-0.284644
-0.017747	-0.169989
0.173051	-0.107766
0.379331	-0.007324
0.568868	0.010365
0.785572	0.070385
0.968159	0.059329
1.180757	0.088076
1.380087	0.065015
1.566149	0.082389
1.783169	0.091234
1.970495	0.072597
2.182460	0.087760
2.372945	0.099132
2.585543	0.082074
2.776027	0.087128
2.979780	0.090919
3.174371	0.104818
3.376860	0.107345
3.579033	0.099448
3.777415	0.102607
3.981483	0.124088
4.172600	0.113663
4.377932	0.101659
4.571259	0.095341
4.784489	0.099764
4.975289	0.099448
5.180937	0.111452
5.379951	0.086812
5.576122	0.113979
5.783665	0.107029
5.978257	0.122508
6.182641	0.113031
6.369651	0.102923
6.589198	0.114927
6.765467	0.109872
6.981855	0.130405
7.171077	0.099764
7.382727	0.123772
7.574475	0.108609
7.779491	0.133564
7.975030	0.105766
8.169937	0.116190
8.380639	0.113663
8.573967	0.114611
8.781510	0.113347
8.980524	0.111452
9.183645	0.107977
9.374129	0.106713
9.569353	0.128826
9.775632	0.118086
9.969592	0.116190
9.792059	0.116506
9.566510	0.123772
9.382659	0.109240
9.172588	0.125667
8.978945	0.121876
8.774244	0.111768
8.577758	0.122508
8.376217	0.106713
8.178150	0.115243
7.974082	0.091866
7.781702	0.129774
7.577002	0.099132
7.378620	0.126615
7.174551	0.100395
6.974906	0.111768
6.773049	0.122508
6.576246	0.102607
6.381023	0.119349
6.174428	0.095973
5.986154	0.121245
5.777031	0.090919
5.579281	0.120297
5.372054	0.096605
5.173672	0.107977
4.978765	0.106082
4.775644	0.099764
4.578841	0.102291
4.369402	0.089023
4.180182	0.123772
3.970427	0.091866
3.774888	0.114611
3.575874	0.086812
3.375281	0.099132
3.182900	0.094393
2.970303	0.095973
2.782345	0.096605
2.571959	0.089655
2.384949	0.099448
2.171404	0.074492
1.981867	0.114611
1.767690	0.061224
1.574994	0.103870
1.378507	0.062488
1.184548	0.076703
0.976373	0.057118
0.773252	0.053643
0.583399	0.020158
0.371433	-0.028486
0.183476	-0.090078
-0.022169	-0.189888
-0.225264	-0.268536
-0.428990	-0.399615
-0.621029	-0.482053
-0.829809	-0.583758
-1.017743	-0.671566
-1.213572	-0.787800
-1.428038	-0.905298
-1.618498	-0.970680
-1.823172	-1.062910
-2.020265	-1.109025
-2.229045	-1.234419
-2.415715	-1.255897
-2.622284	-1.325069
-2.825694	-1.332965
-3.021208	-1.403717
-3.231883	-1.452674
-3.418869	-1.480154
-3.632703	-1.511739
-3.803896	-1.553748
-4.024678	-1.617550
-4.217033	-1.668087
-4.429604	-1.688618
-4.622907	-1.709780
-4.823158	-1.782111
-5.008249	-1.849072
-5.223978	-1.881605
-5.424545	-1.898345
-5.622271	-1.935300
-5.830734	-1.986469
-6.017720	-2.052482
-6.223658	-2.070170
-6.418224	-2.083752
-6.626372	-2.141553
-6.826940	-2.190826
-7.022769	-2.219885
-7.229654	-2.243258
-7.422957	-2.278950
-7.629842	-2.327276
-7.817775	-2.391710
-8.027819	-2.434350
-8.219858	-2.420768
-8.417899	-2.494047
-8.618466	-2.544584
-8.826299	-2.601753
-9.018338	-2.586908
-9.220801	-2.642814
-9.419789	-2.672821
-9.622252	-2.763471
-9.828506	-2.776421
-10.009490	-2.770736
-9.828190	-2.741677
-9.620358	-2.727463
-9.422001	-2.698089
-9.222381	-2.636813
-9.030972	-2.574274
-8.821877	-2.547426
-8.614045	-2.562903
-8.433376	-2.510471
-8.219858	-2.450459
-8.025291	-2.398027
-7.819986	-2.387288
-7.624156	-2.368021
-7.421062	-2.305798
-7.227443	-2.257472
-7.026560	-2.211989
-6.820307	-2.205040
-6.633636	-2.151976
-6.416013	-2.099545
-6.227448	-2.034794
-6.021194	-2.046481
-5.826944	-1.985837
-5.623534	-1.951409
-5.429283	-1.892976
-5.218608	-1.840544
-5.023410	-1.827910
-4.821579	-1.784953
-4.628276	-1.748946
-4.422655	-1.666824
-4.230615	-1.664613
-4.014571	-1.621025
-3.825374	-1.590071
-3.623859	-1.504790
-3.423291	-1.473521
-3.224934	-1.442883
-3.021840	-1.398663
-2.826010	-1.351917
-2.618178	-1.269163
-2.426770	-1.252738
-2.223044	-1.188304
-2.028161	-1.140294
-1.820961	-1.040484
-1.617235	-0.956783
-1.423932	-0.898665
-1.215152	-0.796644
-1.033535	-0.711995
-0.821913	-0.578073
-0.631453	-0.499109
-0.416671	-0.385402
-0.224000	-0.320652
-0.028802	-0.168094
0.184424	-0.110924
0.370170	-0.002586
0.580240	0.028371
0.775147	0.071333
0.984270	0.060593
1.170964	0.070701
1.387984	0.092182
1.575310	0.063120
1.775903	0.099448
1.974917	0.087444
2.181513	0.091234
2.377368	0.084285
2.579857	0.094709
2.781713	0.079862
2.974725	0.089023
3.181321	0.114295
3.373069	0.093130
3.580297	0.122508
3.777731	0.082074
3.983695	0.117454
4.172916	0.102291
4.376036	0.137039
4.578209	0.109240
4.767115	0.101343
4.998034	0.113031
5.171776	0.085864
5.388165	0.118086
5.569804	0.095341
5.785245	0.130721
5.973518	0.109556
6.183904	0.119349
6.384814	0.102607
6.575614	0.109240
6.779367	0.134512
6.973326	0.116822
7.183081	0.113663
7.374829	0.121876
7.583320	0.108609
7.772225	0.125035
7.982612	0.131037
8.177203	0.113663
8.376533	0.111136
8.580601	0.120613
8.774244	0.116506
8.983051	0.126299
9.170377	0.120613
9.385502	0.111136
9.567773	0.121876
9.778791	0.141462
9.974014	0.117454
9.780686	0.131353
9.572512	0.113031
9.376341	0.140198
9.171640	0.100080
8.982736	0.132301
8.784986	0.109556
8.565122	0.125035
8.384746	0.128194
8.165831	0.102607
7.980400	0.113979
7.770330	0.120613
7.583320	0.119349
7.379568	0.104186
7.180553	0.114295
6.980276	0.098184
6.773365	0.111452
6.586355	0.114927
6.373757	0.116822
6.182009	0.111136
5.972570	0.119033
5.783981	0.122192
5.574859	0.103554
5.373633	0.116190
5.179990	0.099764
4.969604	0.106082
4.785437	0.092814
4.570944	0.112399
4.380143	0.088707
4.179865	0.095025
3.982747	0.103554
3.772993	0.098500
3.578401	0.113663
3.374965	0.081126
3.173739	0.111768
2.975357	0.088076
2.796245	0.103238
2.569116	0.069438
2.381159	0.100080
2.175195	0.082074
1.971442	0.101343
1.777167	0.086496
1.574678	0.065647
1.381350	0.083337
1.177282	0.048905
0.988693	0.072597
0.772304	0.041007
0.585294	0.028687
0.371433	-0.037330
0.181896	-0.111240
-0.019642	-0.191467
-0.221789	-0.285592
-0.417619	-0.391719
-0.630821	-0.507322
-0.817175	-0.589760
-1.029429	-0.709469
-1.218626	-0.781168
-1.418562	-0.926145
-1.630500	-1.015216
-1.817486	-1.080282
-2.030056	-1.145980
-2.221464	-1.201570
-2.427086	-1.254634
-2.617862	-1.319068
-2.828853	-1.356970
-3.017418	-1.370236
-3.229356	-1.452358
-3.424870	-1.487103
-3.621648	-1.544588
-3.821268	-1.547747
-4.024046	-1.602705
-4.229036	-1.649768
-4.423918	-1.713254
-4.629855	-1.743576
-4.815578	-1.757474
-5.016777	-1.835806
-5.219556	-1.871182
-5.422650	-1.943512
-5.625113	-1.926772
-5.826628	-1.981415
-6.026248	-2.043006
-6.217340	-2.083120
-6.427700	-2.120075
-6.621634	-2.111231
-6.831046	-2.191142
-7.016452	-2.225255
-7.230917	-2.300428
-7.414429	-2.277371
-7.633000	-2.314957
-7.818091	-2.379708
-8.026871	-2.447932
-8.230282	-2.465620
-8.420110	-2.471305
-8.632364	-2.527843
-8.812085	-2.560061
-9.030341	-2.626706
-9.225539	-2.631444
-9.429265	-2.658923
-9.621937	-2.699668
-9.823136	-2.771683
-10.022756	-2.788423
-9.816187	-2.715461
-9.627938	-2.693983
-9.420422	-2.685455
-9.228698	-2.628601
-9.018338	-2.600490
-8.828510	-2.538266
-8.617835	-2.509840
-8.423268	-2.525948
-8.225860	-2.468463
-8.013289	-2.403397
-7.828515	-2.341805
-7.619735	-2.350017
-7.426432	-2.304218
-7.224285	-2.273580
-7.034772	-2.199670
-6.816516	-2.155451
-6.629215	-2.156082
-6.419487	-2.113442
-6.226816	-2.061642
-6.017720	-2.000682
-5.831998	-1.994365
-5.621954	-1.942565
-5.427072	-1.909084
-5.228084	-1.836753
-5.014250	-1.801694
-4.823790	-1.792534
-4.625749	-1.735996
-4.426445	-1.690829
-4.228720	-1.631132
-4.022783	-1.600178
-3.821584	-1.583438
-3.621648	-1.538271
-3.434662	-1.467204
-3.218617	-1.417299
-3.029420	-1.396136
-2.817798	-1.342125
-2.628601	-1.285271
-2.416662	-1.208203
-2.232519	-1.192094
-2.015211	-1.119132
-1.822856	-1.075860
-1.626710	-0.956467
-1.423932	-0.879714
-1.223680	-0.777061
-1.020269	-0.719576
-0.826651	-0.564807
-0.626399	-0.490897
-0.431201	-0.381612
-0.219578	-0.292541
-0.021537	-0.211998
0.180633	-0.093552
0.373961	-0.046174
0.579924	0.036585
0.771041	0.062804
0.979532	0.092498
1.180757	0.074176
1.377244	0.077019
1.576258	0.089023
1.782221	0.075124
1.976497	0.101975
2.172668	0.063120
2.382738	0.109240
2.580804	0.073228
2.782977	0.113031
2.975357	0.083653
3.180057	0.083021
3.382230	0.111136
3.574295	0.090287
3.786260	0.115558
3.970427	0.090919
4.183024	0.112715
4.366876	0.100395
4.583580	0.123140
4.775328	0.091234
4.976553	0.125667
5.179358	0.105766
5.369843	0.119665
5.577702	0.104502
5.773557	0.099764
5.980468	0.109556
6.177270	0.109556
6.383866	0.125351
6.578457	0.098816
6.775576	0.121560
6.975853	0.116190
7.174236	0.140830
7.380831	0.119349
7.573843	0.122192
7.784229	0.118401
7.972187	0.110504
8.179730	0.128510
8.375585	0.084601
8.581864	0.128194
8.771717	0.092182
8.983999	0.130721
9.170377	0.098184
9.375393	0.122192
9.574091	0.120297
9.770894	0.105766
9.987914	0.126931
9.769315	0.110820
9.585779	0.119981
9.364653	0.118401
9.180486	0.125035
8.971047	0.118401
8.779299	0.138619
8.579337	0.109872
8.368004	0.107029
8.181941	0.123772
7.967764	0.103554
7.787704	0.097236
7.576686	0.103554
7.379251	0.110504
7.178974	0.104186
6.975538	0.115558
6.775892	0.103238
6.574983	0.108609
6.387025	0.118086
6.167794	0.114295
5.985838	0.100711
5.771345	0.116822
5.580229	0.106082
5.366683	0.104186
5.187255	0.118717
4.976553	0.085232
4.774380	0.108609
4.587370	0.087444
4.377616	0.105134
4.176707	0.083021
3.980536	0.112715
3.790998	0.074176
3.573031	0.098184
3.380651	0.102607
3.176583	0.099764
2.976937	0.092182
2.777923	0.096605
2.580804	0.100711
2.372945	0.087128
2.176774	0.085864
1.981235	0.096605
1.766426	0.074492
1.580048	0.084601
1.374085	0.082074
1.183916	0.073228
0.974477	0.053011
0.777991	0.061856
0.569500	0.007838
0.373329	-0.020274
0.186319	-0.118189
-0.031645	-0.199679
-0.210418	-0.289382
-0.431517	-0.383191
-0.615976	-0.488055
-0.827598	-0.590076
-1.016479	-0.697466
-1.227154	-0.787800
-1.417614	-0.861079
-1.623236	-0.966258
-1.828857	-1.057540
-2.020897	-1.152613
-2.227782	-1.169669
-2.423295	-1.254949
-2.622284	-1.307065
-2.824431	-1.365183
-3.013312	-1.398347
-3.225566	-1.421089
-3.419816	-1.493735
-3.624490	-1.530690
-3.820636	-1.602389
-4.019309	-1.570488
-4.225562	-1.654505
-4.428972	-1.682616
-4.623222	-1.751789
-4.823474	-1.785585
-5.017093	-1.792850
-5.226189	-1.871498
-5.415701	-1.908453
-5.636800	-1.986153
-5.818732	-1.970360
-6.028460	-2.036058
-6.214182	-2.048060
-6.422646	-2.140921
-6.627004	-2.147554
-6.813674	-2.169664
-7.030350	-2.222412
-7.217968	-2.274528
-7.431801	-2.325696
-7.614681	-2.319379
-7.830726	-2.360756
-8.022133	-2.393605
-8.218279	-2.499732
-8.428954	-2.500680
-8.618466	-2.509208
-8.828826	-2.564167
-9.018655	-2.633655
-9.221117	-2.693035
-9.416947	-2.682928
-9.627938	-2.719567
-9.817451	-2.750521
-10.013912	-2.825378
-9.822188	-2.750521
-9.619094	-2.710407
-9.424844	-2.651974
-9.217643	-2.659870
-9.021813	-2.605543
-8.821245	-2.555954
-8.630785	-2.518999
-8.418847	-2.461514
-8.232492	-2.490888
-8.018027	-2.416347
-7.827567	-2.373390
-7.620682	-2.314010
-7.421378	-2.316852
-7.225232	-2.276423
-7.026560	-2.231888
-6.830098	-2.159557
-6.620687	-2.124181
-6.428963	-2.127656
-6.216077	-2.062589
-6.018352	-2.017107
-5.823154	-1.948250
-5.628272	-1.946355
-5.425177	-1.910032
-5.217029	-1.866128
-5.030359	-1.816855
-4.803891	-1.762843
-4.634277	-1.757790
-4.415074	-1.687986
-4.232510	-1.662402
-4.013623	-1.606495
-3.828217	-1.578700
-3.615015	-1.529743
-3.425818	-1.499105
-3.220512	-1.424247
-3.018365	-1.384134
-2.826326	-1.348442
-2.620073	-1.317173
-2.417926	-1.230629
-2.223675	-1.177565
-2.031636	-1.132082
-1.818118	-1.072070
-1.620709	-1.005108
-1.423616	-0.879714
-1.212941	-0.804225
-1.025323	-0.696519
-0.825703	-0.619134
-0.627346	-0.469735
-0.416356	-0.393614
-0.225579	-0.298858
-0.017747	-0.180412
0.177790	-0.109661
0.374277	-0.019326
0.575186	0.021738
0.783045	0.072597
0.976057	0.056486
1.172860	0.086812
1.385457	0.071333
1.569624	0.059329
1.780326	0.090287
1.974601	0.082389
2.180249	0.091234
2.379263	0.093446
2.584911	0.088391
2.773184	0.088707
2.975041	0.113347
3.181321	0.087444
3.369594	0.101659
3.581560	0.100395
3.771097	0.116506
3.977693	0.102291
4.173863	0.106713
4.380459	0.108925
4.574735	0.102923
4.778171	0.118086
4.980660	0.102923
5.174935	0.128194
5.379004	0.096289
5.571700	0.139882
5.777031	0.098816
5.977941	0.123140
6.182009	0.110504
6.372810	0.103554
6.581932	0.131353
6.777155	0.101659
6.975538	0.131353
7.174236	0.096289
7.387149	0.137987
7.574475	0.101027
7.779807	0.131353
7.985138	0.095973
8.166462	0.119349
8.379060	0.125351
8.573967	0.101027
8.787512	0.130721
8.971995	0.103870
9.182697	0.123140
9.370023	0.111452
9.587991	0.119981
9.770894	0.108609
9.974014	0.120929
9.777528	0.132301
9.572512	0.111768
9.376025	0.132933
9.165639	0.114295
8.987790	0.131037
8.772034	0.107661
8.579654	0.133880
8.377796	0.097236
8.173097	0.119665
7.984191	0.099764
7.775068	0.111768
7.583636	0.105766
7.370090	0.106713
7.189714	0.115558
6.962902	0.106713
6.781262	0.127562
6.576562	0.093446
6.381339	0.146832
6.182641	0.093446
5.979836	0.132617
5.775136	0.099132
5.573279	0.116822
5.379319	0.108293
5.167985	0.115243
4.982555	0.109240
4.772169	0.087760
4.579789	0.105134
4.370666	0.093130
4.177654	0.103554
3.978956	0.089023
3.776783	0.098184
3.586614	0.100080
3.372753	0.086496
3.182585	0.116822
2.965564	0.085548
2.788347	0.107977
2.568168	0.088076
2.380843	0.102607
2.173615	0.077651
1.971442	0.091550
1.789171	0.071333
1.564569	0.075756
1.391143	0.071017
1.173807	0.061540
0.982691	0.051116
0.773568	0.062488
0.583083	0.030583
0.366379	-0.033224
0.183160	-0.101764
-0.018379	-0.190835
-0.228106	-0.299489
-0.418251	-0.393614
-0.626083	-0.492161
-0.830125	-0.596077
-1.023744	-0.708837
-1.207887	-0.833915
-1.428985	-0.903719
-1.617550	-0.981735
