# Configuration automatically generated by WRITE_CONFIG()
connection eth
ip 192.168.0.10
samplehz 1000.000000
settleus 10.000000
nsample 128

# Analog Inputs
aichannel 0
ainegative 199
airange 10.000000
airesolution 0

aichannel 1
ainegative 199
airange 10.000000
airesolution 0

# Analog Outputs
aochannel 0
aosignal triangle
aofrequency 5.000000
aoamplitude 2.000000
aooffset 2.500000
aoduty 0.500000

# Meta Parameters
int:periods 10
flt:tip_T_C 316.217264
flt:plate_T_C 294.446302
flt:plate_Q_kW 0.630916
flt:cool_Thigh_C 53.456729
flt:cool_Tlow_C 11.599746
flt:air_psig 20.000000
flt:water_gph 3.000000
flt:standoff_in 0.228000
flt:oxygen_scfh 12.109375
flt:fuel_scfh 7.898094
flt:flow_scfh 20.007469
flt:ratio_fto 0.652230

## End Configuration ##
#: Wed Mar 29 17:12:39 2017
-7.408744	-2.597963
-10.005700	-3.188927
-9.805764	-3.129546
-9.612777	-3.091328
-9.413472	-3.046476
-9.211641	-2.988043
-9.009179	-2.914449
-8.808295	-2.887602
-8.606149	-2.862333
-8.412530	-2.847488
-8.213541	-2.801689
-8.008552	-2.747362
-7.809247	-2.673452
-7.603942	-2.650711
-7.407165	-2.633023
-7.214493	-2.623231
-7.018348	-2.598595
-6.812095	-2.506365
-6.610895	-2.415399
-6.409696	-2.365810
-6.207549	-2.332013
-6.008876	-2.294743
-5.811783	-2.248944
-5.605214	-2.189879
-5.410648	-2.134604
-5.204395	-2.097333
-5.014566	-2.067959
-4.807997	-2.033215
-4.616273	-1.966886
-4.407494	-1.906242
-4.214191	-1.823488
-4.006990	-1.801378
-3.812424	-1.778005
-3.611224	-1.734417
-3.414447	-1.672193
-3.216090	-1.588176
-3.011417	-1.535112
-2.813692	-1.496894
-2.614072	-1.452043
-2.408766	-1.386977
-2.217042	-1.314330
-2.011737	-1.236630
-1.814012	-1.191463
-1.611549	-1.149138
-1.413508	-1.117553
-1.209150	-1.076176
-1.011425	-0.999107
-0.809594	-0.934673
-0.611238	-0.877187
-0.412881	-0.822545
-0.210734	-0.753688
-0.012062	-0.594182
0.194216	-0.370241
0.385965	-0.148195
0.589717	0.058381
0.788415	0.219488
0.987429	0.346478
1.188338	0.423556
1.389564	0.469677
1.579101	0.502530
1.786012	0.544544
1.986290	0.591928
2.189410	0.625729
2.387792	0.629520
2.586174	0.657003
2.786768	0.672482
2.984202	0.694910
3.181953	0.747665
3.386969	0.759353
3.588510	0.756194
3.787208	0.776727
3.992224	0.774200
4.182709	0.804526
4.384565	0.854121
4.583580	0.850646
4.785120	0.858860
4.985082	0.870232
5.192309	0.864230
5.386901	0.895188
5.586863	0.944783
5.789035	0.937518
5.987418	0.934990
6.188327	0.934990
6.382918	0.936886
6.589829	0.989008
6.786316	1.011121
6.986594	1.005119
7.193821	1.005119
7.383674	1.017755
7.585847	1.023441
7.784545	1.060401
7.980400	1.069562
8.186996	1.048081
8.383166	1.062612
8.585340	1.058190
8.786880	1.059453
8.987158	1.111260
9.182065	1.104310
9.380763	1.111892
9.582936	1.119157
9.781634	1.106521
9.987598	1.117894
9.787004	1.154538
9.581988	1.134320
9.379816	1.112524
9.183645	1.121053
8.983999	1.075248
8.786565	1.092306
8.586919	1.097360
8.382851	1.061980
8.186996	1.047449
7.981664	1.041763
7.792442	1.001960
7.589638	1.035445
7.391888	1.035445
7.182449	1.015860
6.985014	1.002592
6.783157	0.983006
6.588566	0.956155
6.388605	0.980479
6.184852	0.964685
5.990577	0.929620
5.790931	0.927093
5.584020	0.898978
5.383426	0.896767
5.188203	0.910982
4.987609	0.884131
4.785752	0.852858
4.585159	0.844013
4.387724	0.796312
4.183024	0.808316
3.990960	0.802946
3.787208	0.773568
3.587246	0.766618
3.384757	0.747665
3.185743	0.703439
2.981359	0.705966
2.789295	0.687329
2.583647	0.658266
2.386845	0.636785
2.186883	0.604564
1.989764	0.560971
1.786644	0.549598
1.585734	0.518009
1.391775	0.471888
1.184232	0.418502
0.987113	0.328472
0.788731	0.193900
0.588138	0.056170
0.384701	-0.149774
0.191689	-0.379401
-0.007008	-0.586917
-0.214209	-0.720208
-0.413513	-0.814016
-0.619450	-0.883189
-0.814964	-0.936252
-1.009215	-0.952992
-1.210414	-1.000055
-1.414456	-1.091968
-1.611865	-1.165247
-1.812117	-1.219258
-2.013632	-1.262846
-2.217674	-1.285271
-2.408766	-1.335492
-2.605859	-1.430880
-2.811481	-1.489945
-3.011417	-1.542061
-3.216722	-1.543956
-3.416658	-1.564171
-3.605223	-1.610917
-3.814003	-1.703463
-4.008569	-1.769476
-4.210401	-1.823803
-4.413495	-1.843386
-4.614694	-1.862654
-4.811156	-1.949514
-5.011092	-2.020897
-5.210396	-2.086594
-5.411280	-2.108704
-5.609952	-2.118812
-5.816205	-2.154503
-6.010771	-2.243890
-6.208812	-2.348122
-6.409696	-2.412241
-6.612790	-2.435298
-6.812410	-2.401501
-7.017400	-2.436561
-7.215756	-2.527527
-7.408112	-2.601753
-7.611522	-2.645657
-7.809563	-2.653238
-8.012974	-2.642183
-8.211646	-2.707880
-8.416636	-2.848752
-8.604569	-2.929294
-8.800399	-2.954563
-9.004441	-2.925504
-9.205009	-2.921082
-9.412525	-3.016786
-9.614356	-3.130178
-9.807975	-3.190506
-10.005068	-3.198718
-9.804816	-3.093539
-9.610250	-3.028157
-9.409682	-3.064480
-9.209431	-3.051846
-9.008231	-2.988043
-8.806085	-2.910659
-8.609939	-2.784633
-8.417899	-2.757154
-8.210382	-2.796951
-8.013289	-2.810849
-7.812406	-2.763155
-7.609627	-2.673768
-7.406848	-2.556586
-7.212914	-2.533213
-7.015821	-2.538898
-6.811779	-2.502891
-6.615633	-2.442563
-6.410959	-2.331697
-6.213866	-2.222096
-6.010140	-2.199670
-5.815258	-2.201250
-5.612163	-2.179140
-5.414754	-2.112494
-5.212607	-2.027214
-5.008881	-1.963727
-4.810208	-1.978888
-4.614378	-1.976993
-4.411600	-1.950145
-4.211980	-1.864865
-4.008885	-1.756842
-3.814635	-1.682932
-3.607434	-1.663665
-3.416342	-1.641240
-3.216090	-1.554695
-3.011101	-1.490577
-2.813376	-1.398347
-2.609965	-1.363919
-2.410977	-1.373711
-2.214515	-1.350969
-2.016475	-1.290641
-1.814328	-1.216731
-1.612813	-1.135556
-1.410666	-1.100181
-1.208835	-1.072701
-1.013952	-1.035746
-0.816859	-0.964995
-0.617555	-0.876871
-0.415092	-0.795381
-0.206628	-0.731578
-0.012693	-0.589760
0.192005	-0.375294
0.381542	-0.143141
0.587506	0.063120
0.781465	0.225490
0.986481	0.327208
1.188654	0.396705
1.387352	0.456725
1.584787	0.518009
1.784433	0.580872
1.986921	0.606459
2.191937	0.593824
2.396006	0.586874
2.588386	0.630783
2.793086	0.687960
2.979464	0.741663
3.185428	0.753351
3.386969	0.729975
3.585667	0.714180
3.785944	0.757773
3.989697	0.809580
4.186499	0.861387
4.381407	0.856333
4.581368	0.819057
4.785437	0.802946
4.988241	0.843065
5.187255	0.920459
5.378056	0.956471
5.587494	0.939413
5.786508	0.876866
5.980468	0.875602
6.187695	0.944467
6.387973	1.017755
6.588882	1.040499
6.782526	1.019966
6.985331	0.942572
7.187503	0.933727
7.387465	1.028495
7.585531	1.096413
7.789599	1.103678
7.985770	1.067035
8.187943	0.973214
8.385378	0.994063
8.579654	1.093886
8.787196	1.157696
8.987790	1.149483
9.179222	1.101467
9.380763	1.022177
9.580725	1.044606
9.782898	1.168121
9.986966	1.211083
9.783214	1.187075
9.581988	1.118210
9.383607	1.008910
9.186488	1.043974
8.981788	1.159592
8.786880	1.170332
8.585340	1.129898
8.384430	1.041763
8.184468	0.958998
7.981980	1.002908
7.785809	1.095149
7.593112	1.091990
7.387465	1.045238
7.187503	0.961210
6.989121	0.893608
6.786001	0.981111
6.594252	1.043974
6.387973	1.039868
6.188327	0.987113
5.985838	0.897715
5.784929	0.850962
5.582756	0.914457
5.386269	0.951417
5.188519	0.923934
4.985398	0.878445
4.786068	0.799787
4.583895	0.769461
4.387724	0.831693
4.183972	0.856017
3.988117	0.832956
3.792578	0.773568
3.584719	0.712284
3.385389	0.696490
3.180689	0.736924
2.983886	0.743874
2.788979	0.701228
2.586174	0.651001
2.393162	0.578977
2.184672	0.575818
1.993871	0.602037
1.790119	0.588769
1.586682	0.542333
1.389248	0.469361
1.187707	0.373645
0.988693	0.313941
0.789047	0.210327
0.586242	0.059013
0.383437	-0.147563
0.192321	-0.386034
-0.012062	-0.583758
-0.210418	-0.726209
-0.414145	-0.815596
-0.615344	-0.891717
-0.815912	-0.937516
-1.010794	-0.984894
-1.216731	-1.040800
-1.411297	-1.091021
-1.611549	-1.154824
-1.814960	-1.211361
-2.010789	-1.269163
-2.211673	-1.324121
-2.408450	-1.382870
-2.620389	-1.467204
-2.812112	-1.543956
-3.016154	-1.595756
-3.214827	-1.610286
-3.420132	-1.668087
-3.609645	-1.717360
-3.810213	-1.777057
-4.014571	-1.833595
-4.210401	-1.877499
-4.413179	-1.914770
-4.611536	-1.959305
-4.805155	-1.997208
-5.010460	-2.031952
-5.212607	-2.075855
-5.414438	-2.100176
-5.610584	-2.121970
-5.807677	-2.186404
-6.011087	-2.259999
-6.210076	-2.325065
-6.410327	-2.366441
-6.613738	-2.398975
-6.811147	-2.434034
-7.014241	-2.480781
-7.214493	-2.561640
-7.411902	-2.654817
-7.610575	-2.712618
-7.811774	-2.718303
-8.016448	-2.735991
-8.213541	-2.813060
-8.418530	-2.915713
-8.605832	-2.988675
-8.812717	-3.014259
-9.014233	-2.999414
-9.217327	-3.014259
-9.411262	-3.067955
-9.610882	-3.150393
-9.796920	-3.231883
-10.004436	-3.267890
-9.806711	-3.110279
-9.614040	-3.027525
-9.415051	-3.032263
-9.210694	-3.060058
-9.011705	-3.040475
-8.810506	-2.985832
-8.606149	-2.880337
-8.413793	-2.820325
-8.216700	-2.798215
-8.009500	-2.775473
-7.813669	-2.727779
-7.605205	-2.648500
-7.403059	-2.543952
-7.216073	-2.532897
-7.011083	-2.537635
-6.811779	-2.479833
-6.614054	-2.395500
-6.410644	-2.296638
-6.208497	-2.251786
-6.007929	-2.226518
-5.813994	-2.239152
-5.613426	-2.241679
-5.409700	-2.194617
-5.209764	-2.105230
-5.010144	-2.020897
-4.811156	-1.988680
-4.615010	-1.956462
-4.406230	-1.914138
-4.215138	-1.834227
-4.008885	-1.746103
-3.813371	-1.670614
-3.612488	-1.641240
-3.416026	-1.636818
-3.213248	-1.597652
-3.010469	-1.528795
-2.807059	-1.456465
-2.609018	-1.406875
-2.405292	-1.389188
-2.210093	-1.334861
-2.015211	-1.291273
-1.814328	-1.204413
-1.611865	-1.130503
-1.415719	-1.106182
-1.209782	-1.079334
-1.007319	-1.037326
-0.816859	-0.960573
-0.616607	-0.879082
-0.418251	-0.786221
-0.212945	-0.717049
-0.011114	-0.591655
0.190741	-0.380980
0.385965	-0.143141
0.586558	0.060593
0.786836	0.215697
0.983006	0.316468
1.189286	0.421977
1.384825	0.489262
1.576573	0.513586
1.791698	0.549282
1.993239	0.560339
2.189094	0.595403
2.391899	0.648474
2.587438	0.675009
2.794034	0.686381
2.984518	0.708809
3.184796	0.720814
3.386337	0.734397
3.584403	0.782097
3.787524	0.786204
3.984958	0.802314
4.182393	0.820320
4.381722	0.816530
4.585159	0.838327
4.786384	0.870548
4.988557	0.868337
5.188835	0.883815
5.383426	0.898347
5.583388	0.889817
5.785245	0.924250
5.985522	0.960262
6.182009	0.955208
6.393975	0.971634
6.589198	0.987745
6.783789	0.970687
6.985646	1.014596
7.181501	1.019650
7.385570	1.020282
7.588690	1.043027
7.785493	1.039552
7.985138	1.027864
8.182257	1.061980
8.388221	1.068298
8.586919	1.074616
8.784038	1.102415
8.989685	1.075248
9.176695	1.087252
9.378868	1.134004
9.583568	1.115682
9.782898	1.130845
9.984755	1.159276
9.783214	1.105574
9.581041	1.116630
9.378552	1.127055
9.185540	1.106206
8.987158	1.101467
8.786249	1.102099
8.582812	1.047765
8.384114	1.062612
8.181625	1.059453
7.979768	1.045554
7.788336	1.047133
7.587111	1.029127
7.388412	0.995958
7.182133	1.010173
6.980908	1.011437
6.785369	1.000381
6.586355	1.006067
6.388920	0.955524
6.188643	0.927725
5.984574	0.952365
5.786824	0.926145
5.583388	0.923302
5.383426	0.919196
5.186307	0.870232
4.987926	0.861387
4.785120	0.858544
4.586422	0.834852
4.387093	0.825691
4.182709	0.817162
3.993487	0.773884
3.785312	0.768198
3.587562	0.765039
3.385389	0.740399
3.184796	0.741663
2.984834	0.705335
2.788979	0.660478
2.589965	0.656687
2.384633	0.639628
2.186567	0.612146
1.982499	0.594455
1.785696	0.547387
1.579101	0.506321
1.386721	0.471572
1.192445	0.412816
0.990588	0.320890
0.786520	0.213170
0.584347	0.061224
0.383122	-0.147247
0.187898	-0.388560
-0.011114	-0.591655
-0.215156	-0.711995
-0.415724	-0.784642
-0.615344	-0.883189
-0.811174	-0.954572
-1.000055	-1.025323
-1.210414	-1.064489
-1.408455	-1.100181
-1.612497	-1.149138
-1.813696	-1.243894
-2.019001	-1.317804
-2.213568	-1.348758
-2.411293	-1.368341
-2.607123	-1.390135
-2.813376	-1.468151
-3.011417	-1.557538
-3.213248	-1.627342
-3.416026	-1.668087
-3.609645	-1.663981
-3.813056	-1.676299
-4.009833	-1.747682
-4.214822	-1.845597
-4.414443	-1.907505
-4.612799	-1.943828
-4.808313	-1.936563
-5.012671	-1.959621
-5.210396	-2.046165
-5.411280	-2.137131
-5.616585	-2.191774
-5.810520	-2.209778
-6.013930	-2.197775
-6.207865	-2.244206
-6.410644	-2.366126
-6.609000	-2.448564
-6.808304	-2.471305
-7.010451	-2.472885
-7.215125	-2.472569
-7.408112	-2.563535
-7.608680	-2.685139
-7.811774	-2.751153
-8.006341	-2.758101
-8.214489	-2.726516
-8.415689	-2.717988
-8.606464	-2.802321
-8.811769	-2.944455
-9.010442	-3.024998
-9.212274	-3.024683
-9.414104	-2.973514
-9.608671	-2.996256
-9.807028	-3.120070
-10.005068	-3.218933
-9.807028	-3.161763
-9.613409	-3.049951
-9.413789	-2.929610
-9.216379	-2.882548
-9.011074	-2.944455
-8.805768	-2.965302
-8.609939	-2.909711
-8.412213	-2.798846
-8.212277	-2.673768
-8.010447	-2.640919
-7.813037	-2.665872
-7.609943	-2.649763
-7.406217	-2.565114
-7.213546	-2.450459
-7.013926	-2.370863
-6.813674	-2.356966
-6.613738	-2.404976
-6.410959	-2.389815
-6.205970	-2.334224
-6.011719	-2.229361
-5.814310	-2.167137
-5.615953	-2.141869
-5.411595	-2.133341
-5.211344	-2.079014
-5.011408	-1.989311
-4.809577	-1.915717
-4.615010	-1.878130
-4.408757	-1.876235
-4.216402	-1.847177
-4.009833	-1.789691
-3.810844	-1.711675
-3.610593	-1.623552
-3.410657	-1.595125
-3.215143	-1.570172
-3.012048	-1.552800
-2.813060	-1.499737
-2.613440	-1.418246
-2.412241	-1.351917
-2.216727	-1.296326
-2.014895	-1.273585
-1.813696	-1.246105
-1.610602	-1.186093
-1.413193	-1.102392
-1.209782	-1.035430
-1.012373	-0.992474
-0.816543	-0.951729
-0.615028	-0.902456
-0.417303	-0.818123
-0.209471	-0.711995
-0.010798	-0.573967
0.189478	-0.372452
0.390387	-0.140930
0.581820	0.057434
0.787152	0.212854
0.988061	0.341423
1.188338	0.444089
1.386721	0.487683
1.583839	0.490526
1.781590	0.506321
1.983762	0.571711
2.187199	0.638997
2.387161	0.670586
2.587438	0.664268
2.790559	0.640892
2.983571	0.650053
3.182585	0.729975
3.386969	0.784624
3.588826	0.803894
3.791314	0.788415
3.992224	0.744506
4.181761	0.760616
4.387409	0.841801
4.584843	0.902137
4.786384	0.898031
4.982871	0.859176
5.187571	0.812107
5.386901	0.837063
5.586231	0.942572
5.780190	0.983638
5.988681	0.964053
6.189590	0.929936
6.386393	0.880656
6.589198	0.941308
6.784737	1.043342
6.985331	1.067035
7.185608	1.048713
7.387149	0.988377
7.584584	0.941624
7.785809	1.010805
7.986718	1.090727
8.190471	1.112208
8.387273	1.107469
8.585340	1.024389
8.789092	0.983638
8.988106	1.092306
9.178274	1.173807
9.383607	1.182336
9.579778	1.136847
9.784162	1.058505
9.985071	1.040815
9.785741	1.131161
9.582305	1.183600
9.386450	1.167489
9.177327	1.106521
8.986842	1.031654
8.784986	1.015228
8.588498	1.103994
8.383482	1.125791
8.185732	1.109049
7.982927	1.034181
7.788336	0.957419
7.583952	0.981427
7.385570	1.056610
7.182765	1.059453
6.982487	1.033550
6.784421	0.967212
6.589514	0.898347
6.387973	0.937833
6.186116	0.993431
5.990261	0.989956
5.787140	0.964685
5.580544	0.892029
5.384374	0.845592
5.188835	0.873391
4.985398	0.918564
4.786700	0.902453
4.583580	0.850331
4.378880	0.792206
4.183656	0.756826
3.989381	0.795681
3.788787	0.809896
3.585983	0.799787
3.384442	0.751455
3.185112	0.688908
2.985150	0.665848
2.784557	0.692067
2.589333	0.687645
2.385265	0.652264
2.187515	0.604564
1.981235	0.549598
1.785064	0.530013
1.577837	0.523695
1.390195	0.497792
1.190550	0.415975
0.989324	0.316468
0.789047	0.192637
0.590981	0.045430
0.387228	-0.153249
0.192953	-0.392982
-0.005429	-0.585338
-0.214840	-0.715154
-0.413197	-0.795697
-0.617555	-0.882557
-0.814964	-0.955203
-1.007319	-1.016479
-1.211677	-1.061646
-1.409086	-1.102076
-1.610602	-1.164299
-1.813064	-1.227470
-2.016159	-1.293168
-2.210409	-1.353180
-2.408134	-1.379396
-2.604912	-1.427406
-2.809901	-1.503843
-3.012048	-1.578069
-3.212300	-1.640292
-3.413815	-1.676299
-3.610593	-1.677879
-3.812740	-1.711359
-4.012676	-1.774214
-4.213875	-1.838964
-4.412231	-1.900556
-4.617537	-1.934037
-4.809261	-1.933089
-5.008249	-1.969097
-5.212923	-2.038269
-5.410016	-2.113126
-5.611216	-2.178824
-5.814942	-2.193669
-6.006350	-2.205356
-6.215445	-2.234414
-6.414433	-2.328223
-6.617212	-2.440667
-6.813042	-2.511735
-7.014241	-2.525632
-7.215125	-2.521842
-7.408744	-2.572063
-7.612786	-2.654185
-7.813669	-2.755259
-8.020238	-2.798846
-8.212277	-2.804532
-8.419478	-2.823483
-8.605832	-2.896761
-8.813664	-2.986148
-9.010758	-3.030052
-9.214484	-3.031315
-9.414736	-2.999098
-9.609934	-2.999730
-9.809238	-3.093855
-10.004436	-3.172503
-9.807659	-3.132705
-9.612145	-3.044581
-9.417263	-2.930242
-9.213536	-2.879389
-9.010758	-2.900552
-8.809559	-2.906869
-8.601411	-2.892971
-8.408108	-2.818429
-8.207540	-2.715777
-8.007288	-2.674716
-7.811142	-2.683875
-7.604258	-2.671241
-7.398952	-2.603333
-7.210387	-2.493099
-7.015189	-2.419505
-6.812410	-2.403397
-6.611843	-2.423295
-6.415381	-2.403397
-6.209760	-2.342121
-6.009508	-2.239468
-5.817784	-2.166821
-5.614058	-2.134604
-5.413490	-2.128919
-5.211028	-2.102071
-5.008249	-2.043322
-4.807997	-1.964675
-4.614063	-1.900556
-4.412548	-1.892344
-4.213875	-1.882236
-4.015203	-1.860758
-3.808318	-1.781479
-3.613120	-1.669351
-3.420132	-1.602074
-3.213879	-1.581859
-3.012048	-1.543325
-2.813692	-1.496894
-2.614072	-1.433091
-2.411925	-1.352233
-2.217358	-1.318120
-2.015843	-1.290957
-1.815907	-1.247053
-1.610602	-1.180092
-1.405928	-1.081545
-1.206308	-1.012689
-1.005424	-0.970680
-0.817491	-0.928672
-0.616607	-0.873081
-0.413829	-0.807699
-0.211998	-0.713259
-0.009851	-0.581232
0.185055	-0.377821
0.384701	-0.146300
0.586558	0.069438
0.783993	0.220436
0.988377	0.333210
1.184864	0.415659
1.391775	0.464307
1.584471	0.521800
1.786960	0.553705
1.993555	0.560339
2.190358	0.601405
2.392531	0.620991
2.591545	0.639628
2.789611	0.696174
2.990836	0.700912
3.183532	0.728395
3.386021	0.758721
3.583771	0.754930
3.788471	0.769461
3.986854	0.801683
4.182709	0.813687
4.385513	0.830745
4.582948	0.861387
4.787332	0.840854
4.988241	0.857912
5.183780	0.888870
5.381846	0.902137
5.582756	0.914773
5.782402	0.937202
5.986786	0.914457
6.183589	0.938149
6.393027	0.956787
6.588882	0.973530
6.784105	1.018703
6.984067	1.001644
7.184029	0.990588
7.387781	1.023441
7.585531	1.034497
7.785809	1.044922
7.974082	1.081566
8.183520	1.046185
8.379692	1.048713
8.584707	1.079039
8.782142	1.072721
8.985894	1.104942
9.181749	1.124528
9.381711	1.079670
9.585779	1.089779
9.785741	1.121684
9.984123	1.136216
9.784793	1.157696
9.577250	1.148536
9.382343	1.083461
9.181118	1.085357
8.986526	1.096097
8.780878	1.080302
8.587234	1.095465
8.387589	1.078091
8.181625	1.028495
7.981032	1.045870
7.787388	1.033550
7.583320	1.025968
7.381779	1.056294
7.184344	1.003224
6.981540	0.966264
6.787580	0.979848
6.584775	0.980479
6.389236	0.979216
6.183273	0.983638
5.985838	0.931200
5.781770	0.898347
5.584967	0.894556
5.388480	0.892029
5.186624	0.901190
4.986662	0.911614
4.786068	0.844644
4.584527	0.820952
4.385197	0.820320
4.183972	0.810212
3.990644	0.818425
3.787524	0.790626
3.587246	0.732502
3.384442	0.718602
3.191746	0.703123
2.991468	0.700280
2.790559	0.711968
2.587754	0.668691
2.386529	0.620043
2.187515	0.594140
1.983446	0.578029
1.785064	0.562234
1.581312	0.535383
1.387984	0.473468
1.185811	0.400496
0.989956	0.313941
0.785256	0.207484
0.585610	0.054907
0.383753	-0.154512
0.191057	-0.375926
-0.015220	-0.598288
-0.213577	-0.741054
-0.414460	-0.822860
-0.614080	-0.860447
-0.813385	-0.922670
-1.011425	-1.002582
-1.210414	-1.064173
-1.415088	-1.111551
-1.609654	-1.149454
-1.814012	-1.160193
-2.015211	-1.244526
-2.212936	-1.343073
-2.412872	-1.399927
-2.607754	-1.444778
-2.812744	-1.466572
-3.011417	-1.508896
-3.214195	-1.580595
-3.415395	-1.670614
-3.612172	-1.727152
-3.810529	-1.752420
-4.015518	-1.744840
-4.213559	-1.769792
-4.411284	-1.865812
-4.615958	-1.954567
-4.806734	-1.997839
-5.011724	-1.998787
-5.211344	-1.982047
-5.411911	-2.044586
-5.611531	-2.147238
-5.812415	-2.227150
-6.007613	-2.245469
-6.212286	-2.228097
-6.410012	-2.226834
-6.613422	-2.284951
-6.814621	-2.400238
-7.012978	-2.512998
-7.213230	-2.552796
-7.408744	-2.547426
-7.609943	-2.577432
-7.811774	-2.666188
-8.013289	-2.793477
-8.216068	-2.866439
-8.413477	-2.858859
-8.611834	-2.819061
-8.809559	-2.835801
-9.015180	-2.936559
-9.211010	-3.066375
-9.411262	-3.159868
-9.615304	-3.159236
-9.804816	-3.135863
-10.008226	-3.163974
-9.806080	-3.136179
-9.617830	-3.133021
-9.412525	-3.076483
-9.211010	-2.980147
-9.012653	-2.864228
-8.804189	-2.801057
-8.608359	-2.789687
-8.412846	-2.816534
-8.212594	-2.794109
-8.012026	-2.721462
-7.812722	-2.661766
-7.610259	-2.608070
-7.407165	-2.595752
-7.215756	-2.590698
-7.013926	-2.515525
-6.814937	-2.390131
-6.610579	-2.314010
-6.412539	-2.282424
-6.209128	-2.264421
-6.012667	-2.257156
-5.815573	-2.190195
-5.612163	-2.120391
-5.405278	-2.095754
-5.208185	-2.081225
-5.009197	-2.055009
-4.808313	-2.036374
-4.614378	-1.964359
-4.410020	-1.878446
-4.211980	-1.809590
-4.010780	-1.754631
-3.815898	-1.719887
-3.610277	-1.675352
-3.418237	-1.623868
-3.214511	-1.578700
-3.012048	-1.535428
-2.811796	-1.485839
-2.610597	-1.446673
-2.408450	-1.397400
-2.214515	-1.333281
-2.012053	-1.276743
-1.813696	-1.226838
-1.611865	-1.169037
-1.414456	-1.119764
-1.210414	-1.050591
-1.008267	-0.978577
-0.821597	-0.910668
-0.615976	-0.857920
-0.413829	-0.798855
-0.211366	-0.724630
-0.013325	-0.585338
0.193269	-0.377821
0.385017	-0.144405
0.590981	0.069122
0.781465	0.219488
0.986481	0.311413
1.188970	0.399864
1.390195	0.499055
1.585419	0.546755
1.781274	0.581504
1.985974	0.567288
2.186883	0.548335
2.388108	0.608355
2.592176	0.681958
2.788031	0.716391
2.984518	0.724920
3.183216	0.694910
3.386337	0.681011
3.586930	0.753035
3.784681	0.821900
3.988117	0.843065
4.186815	0.824427
4.387409	0.787152
4.583263	0.788099
4.786700	0.872759
4.988241	0.928041
5.187571	0.924882
5.383742	0.900242
5.582440	0.863598
5.787140	0.869600
5.984574	0.948574
6.186116	0.997854
6.389552	1.007646
6.587934	0.982059
6.785053	0.928673
6.984067	0.953628
7.187187	1.032286
7.383358	1.074932
7.588374	1.060401
7.787072	1.013648
7.983875	0.980479
8.180994	1.034181
8.382535	1.104942
8.592605	1.126739
8.784986	1.120737
8.988737	1.074300
9.183961	1.037025
9.379816	1.085041
9.581357	1.152010
9.783214	1.180757
9.986335	1.144429
9.782582	1.091674
9.584831	1.054715
9.378868	1.102731
9.186488	1.145377
8.983367	1.144745
8.785617	1.101783
8.579654	1.049660
8.383799	1.024073
8.184784	1.055978
7.982927	1.086936
7.786757	1.060717
7.582372	1.018703
7.383674	0.975425
7.183712	0.971002
6.985014	1.005435
6.790739	1.020282
6.595516	1.001328
6.385446	0.971634
6.187063	0.922355
5.984890	0.917616
5.785561	0.954576
5.584651	0.954892
5.384058	0.911298
5.188203	0.862650
4.986030	0.846540
4.788280	0.840222
4.579789	0.861387
4.384565	0.854753
4.186815	0.804842
3.990960	0.775147
3.789419	0.749560
3.584403	0.752719
3.385389	0.764091
3.183532	0.738188
2.983886	0.703123
2.789295	0.669639
2.586806	0.638681
2.389056	0.634258
2.187199	0.620359
1.986290	0.584979
1.788223	0.544228
1.584787	0.512955
1.388616	0.469045
1.188022	0.412500
0.986797	0.335737
0.787467	0.212854
0.586874	0.052379
0.384701	-0.156091
0.192321	-0.383191
-0.013325	-0.600499
-0.211682	-0.741686
-0.415724	-0.823492
-0.615028	-0.867396
-0.814964	-0.917933
-1.012057	-0.983946
-1.209782	-1.050591
-1.412561	-1.119764
-1.612813	-1.154192
-1.812117	-1.192094
-2.013632	-1.247053
-2.210409	-1.324753
-2.408766	-1.387292
-2.605859	-1.427406
-2.818745	-1.435302
-3.009837	-1.455517
-3.213248	-1.545851
-3.415710	-1.642503
-3.609329	-1.716097
-3.812108	-1.749262
-4.010780	-1.769792
-4.214191	-1.807063
-4.411916	-1.881605
-4.613431	-1.959937
-4.810840	-2.018054
-5.010776	-2.044270
-5.209133	-2.045849
-5.410648	-2.066380
-5.613111	-2.147238
-5.813046	-2.235678
-6.015509	-2.285267
-6.208812	-2.309588
-6.406221	-2.313694
-6.611843	-2.381287
-6.811147	-2.473200
-7.013926	-2.523737
-7.213861	-2.557849
-7.410955	-2.564798
-7.609312	-2.564482
-7.813037	-2.655133
-8.013921	-2.749257
-8.210382	-2.813060
-8.416004	-2.856648
-8.609307	-2.845277
-8.811138	-2.849067
-9.010758	-2.940665
-9.205956	-3.034474
-9.407787	-3.054057
-9.613092	-3.049003
-9.807028	-3.039212
-10.006331	-3.097329
-9.806711	-3.156710
-9.617199	-3.154499
-9.411893	-3.119123
-9.211641	-3.032895
-9.013917	-2.881916
-8.811769	-2.851278
-8.609623	-2.904658
-8.413793	-2.912238
-8.216700	-2.849699
-8.012026	-2.702511
-7.809247	-2.598279
-7.606784	-2.579959
-7.409376	-2.592909
-7.216073	-2.561955
-7.009820	-2.503838
-6.807673	-2.405923
-6.612474	-2.343068
-6.406221	-2.336120
-6.211971	-2.346543
-6.011403	-2.299480
-5.815573	-2.244838
-5.615953	-2.149765
-5.414122	-2.081225
-5.210712	-2.084068
-5.007617	-2.059431
-4.808629	-2.007947
-4.613115	-1.928667
-4.412231	-1.841175
-4.211980	-1.810853
-4.004779	-1.824435
-3.809897	-1.786848
-3.604907	-1.723362
-3.413499	-1.649136
-3.214511	-1.561013
-3.011732	-1.517424
-2.812428	-1.490577
-2.612176	-1.437197
-2.412872	-1.380344
-2.214200	-1.298853
-2.019317	-1.229997
-1.814012	-1.194621
-1.609654	-1.177249
-1.412561	-1.119132
-1.209466	-1.063226
-1.011425	-0.993422
-0.814332	-0.934357
-0.617555	-0.898665
-0.411934	-0.842759
-0.206944	-0.749266
-0.010167	-0.597024
0.188846	-0.371820
0.385333	-0.140930
0.586558	0.054907
0.786520	0.215065
0.985850	0.330999
1.184548	0.418502
1.389564	0.483576
1.583207	0.518641
1.786328	0.540437
1.985974	0.594455
2.185935	0.608039
2.384001	0.627940
2.586806	0.672797
2.792138	0.664584
2.984834	0.681011
3.186691	0.721129
3.386337	0.735661
3.584087	0.764091
3.787208	0.803262
3.985590	0.780202
4.186499	0.800735
4.388356	0.821900
4.591793	0.837063
4.785437	0.866441
4.990452	0.883815
5.186307	0.873707
5.382163	0.883815
5.584020	0.906560
5.782402	0.922986
5.989945	0.975109
6.187379	0.962473
6.385761	0.947626
6.589198	0.972266
6.782210	0.985850
6.984383	1.020282
7.180870	1.049660
7.383674	1.030391
7.583636	1.004487
7.790863	1.028811
7.987350	1.038288
8.187311	1.075564
8.387273	1.107469
8.579337	1.075880
8.784669	1.055346
8.989054	1.076512
9.180801	1.097045
9.382343	1.144745
9.585148	1.162435
9.781634	1.096729
9.984123	1.106837
9.782582	1.113155
9.583252	1.128634
9.382659	1.159592
9.180170	1.127687
8.985579	1.058190
8.783090	1.055978
8.586603	1.061664
8.380639	1.075564
8.187943	1.091674
7.984823	1.059137
7.787704	1.006067
7.590270	1.004487
7.386201	1.002276
7.183397	1.026600
6.985646	1.035761
6.782210	0.983006
6.590146	0.936886
6.388288	0.940677
6.186748	0.947310
5.986786	0.967212
5.784613	0.972898
5.580861	0.912878
5.379635	0.873075
5.185360	0.874654
4.984766	0.871811
4.787332	0.896135
4.585475	0.867073
4.384250	0.799471
4.185236	0.768198
3.980852	0.773568
3.787524	0.779570
3.585351	0.792206
3.384442	0.765039
3.189218	0.701860
2.987045	0.666164
2.790559	0.667743
2.588386	0.681327
2.383686	0.667111
2.186567	0.617516
1.988185	0.549598
1.781274	0.522431
1.586682	0.504425
1.387352	0.493053
1.188970	0.433349
0.987113	0.322786
0.785572	0.194532
0.583399	0.039428
0.386596	-0.151354
0.185055	-0.383191
-0.013641	-0.583127
-0.210734	-0.739159
-0.407196	-0.848445
-0.609659	-0.916353
-0.815280	-0.953308
-1.007635	-0.972891
-1.212941	-1.029745
-1.409086	-1.097338
-1.614076	-1.182619
-1.813064	-1.232208
-2.018370	-1.264741
-2.214831	-1.298221
-2.413188	-1.357602
-2.612176	-1.432775
-2.809586	-1.520583
-3.014575	-1.546799
-3.216090	-1.557854
-3.416342	-1.582491
-3.613751	-1.648820
-3.811160	-1.738207
-4.012360	-1.816539
-4.214507	-1.846229
-4.410652	-1.866128
-4.618484	-1.916033
-4.810208	-1.975729
-5.008881	-2.069538
-5.205342	-2.133657
-5.407489	-2.127340
-5.608689	-2.132077
-5.811783	-2.180719
-6.012667	-2.225255
-6.205970	-2.321590
-6.412539	-2.382234
-6.612159	-2.379076
-6.812410	-2.396132
-7.013294	-2.458987
-7.213546	-2.529423
-7.409376	-2.622284
-7.611522	-2.676611
-7.811142	-2.680717
-8.013289	-2.700300
-8.210067	-2.749257
-8.413793	-2.811796
-8.608359	-2.886338
-8.808611	-2.906553
-9.012021	-2.895498
-9.208167	-2.919187
-9.414104	-2.996256
-9.612777	-3.078378
-9.807975	-3.177556
-10.006331	-3.226198
-9.807028	-3.152288
-9.612145	-3.103014
-9.412841	-3.046792
-9.211641	-3.022471
-9.012969	-3.010785
-8.809559	-2.958985
-8.612782	-2.880021
-8.415372	-2.857911
-8.209119	-2.826642
-8.005709	-2.799794
-7.806089	-2.759365
-7.606153	-2.674084
-7.410007	-2.608386
-7.212914	-2.550269
-7.011399	-2.484571
-6.815569	-2.430244
-6.615949	-2.384445
-6.408748	-2.328223
-6.212918	-2.301691
-6.010771	-2.268211
-5.813363	-2.232203
-5.617848	-2.187352
-5.412227	-2.144080
-5.214502	-2.083120
-5.008565	-2.043638
-4.811788	-1.994681
-4.613431	-1.943512
-4.412548	-1.900872
-4.207242	-1.831068
-4.018361	-1.772635
-3.816530	-1.735048
-3.610277	-1.675984
-3.415395	-1.614708
-3.213248	-1.577753
-3.014259	-1.535112
-2.811481	-1.501948
-2.610281	-1.462150
-2.409398	-1.400558
-2.213568	-1.351285
-2.014895	-1.303591
-1.813380	-1.243894
-1.611233	-1.181355
-1.410034	-1.130187
-1.206624	-1.077755
-1.007319	-1.010162
-0.810542	-0.963100
-0.608711	-0.911615
-0.412565	-0.835179
-0.214840	-0.735685
-0.010167	-0.580284
0.184424	-0.371504
0.386596	-0.146932
0.585926	0.052695
0.786520	0.231176
0.987429	0.343951
1.186443	0.421029
1.391775	0.455146
1.577837	0.496212
1.782537	0.562550
1.989133	0.604248
2.189094	0.613409
2.395374	0.616884
2.597547	0.627309
2.790874	0.656371
2.988309	0.722077
3.185112	0.750508
3.388232	0.748612
3.586930	0.745137
3.788787	0.743874
3.984642	0.781150
4.186183	0.838327
4.385829	0.862335
4.583263	0.845276
4.790491	0.826322
4.993611	0.824743
5.188835	0.888238
5.383110	0.929936
5.584020	0.946047
5.787772	0.915405
5.990261	0.907192
6.189907	0.914457
6.386709	0.962789
6.587303	1.019019
6.784737	1.016176
6.984067	0.991852
7.186240	0.978900
7.381463	0.987429
7.586795	1.045554
7.788652	1.082829
7.981032	1.079039
8.192681	1.045554
8.387589	1.036077
8.586919	1.052188
8.788775	1.103047
8.985579	1.134952
9.183961	1.109365
9.381711	1.086936
9.582305	1.080302
9.779423	1.104310
9.983808	1.168121
9.784793	1.161487
9.581988	1.122632
9.384554	1.082513
9.181118	1.068298
8.984947	1.095149
8.784669	1.118526
8.586603	1.096729
8.385062	1.056926
8.182573	1.034813
7.985138	1.016807
7.785809	1.027232
7.585847	1.062612
7.385254	1.021546
7.185924	1.000697
6.987542	0.977320
6.781894	0.972582
6.589514	0.989640
6.386393	0.999117
6.188643	0.966580
5.985206	0.933727
5.784297	0.918564
5.582124	0.898031
5.384690	0.906876
5.186624	0.903717
4.985714	0.867389
4.792702	0.840854
4.584527	0.821584
4.382986	0.815582
4.180497	0.824427
3.984642	0.812423
3.785628	0.772620
3.583771	0.754614
3.385705	0.728079
3.186375	0.699649
2.983255	0.717970
2.795297	0.684801
2.589017	0.662689
2.387792	0.637101
2.180249	0.599826
1.985974	0.587190
1.786960	0.566025
1.581628	0.524643
1.388616	0.472836
1.188022	0.405550
0.989956	0.315204
0.792838	0.197059
0.587190	0.061224
0.383122	-0.152301
0.189478	-0.375294
-0.011430	-0.580916
-0.212629	-0.719892
-0.413513	-0.823492
-0.616607	-0.879082
-0.813701	-0.931830
-1.008899	-0.979524
-1.211677	-1.048065
-1.415088	-1.144400
-1.609338	-1.221153
-1.811801	-1.272953
-2.012685	-1.301380
-2.214200	-1.318436
-2.410661	-1.379712
-2.608386	-1.451095
-2.810217	-1.502895
-3.012364	-1.525637
-3.211668	-1.542693
-3.416658	-1.570172
-3.609013	-1.670614
-3.813687	-1.770424
-4.012360	-1.843386
-4.214191	-1.844650
-4.412548	-1.832647
-4.615958	-1.862338
-4.810840	-1.942249
-5.008881	-2.016791
-5.210712	-2.068275
-5.410016	-2.089753
-5.613111	-2.115337
-5.816205	-2.191458
-6.009508	-2.282108
-6.209760	-2.357598
-6.407169	-2.410977
-6.614369	-2.416978
-6.816516	-2.428665
-7.012662	-2.503838
-7.215441	-2.596699
-7.410007	-2.631128
-7.612786	-2.637445
-7.810511	-2.622916
-8.013921	-2.639656
-8.214805	-2.741677
-8.412213	-2.848752
-8.609623	-2.916344
-8.808611	-2.921714
-9.015496	-2.883180
-9.216379	-2.910343
-9.409367	-3.052478
-9.614040	-3.158921
-9.806711	-3.228093
-10.006647	-3.218933
-9.807028	-3.082800
-9.616567	-3.032579
-9.411577	-3.032895
-9.216695	-3.006363
-9.011390	-2.952036
-8.810506	-2.855384
-8.606464	-2.783685
-8.417268	-2.792845
-8.212910	-2.820956
-8.010762	-2.802321
-7.810511	-2.753047
-7.608680	-2.642498
-7.408428	-2.544584
-7.211335	-2.517104
-7.013610	-2.501943
-6.818727	-2.447616
-6.613738	-2.368968
-6.411275	-2.273264
-6.209128	-2.228729
-6.008245	-2.225255
-5.814942	-2.225886
-5.616585	-2.198407
-5.411911	-2.117548
-5.209133	-2.042059
-5.010144	-1.988680
-4.807682	-1.999419
-4.613431	-1.967833
-4.411284	-1.891712
-4.217981	-1.800746
-4.012360	-1.694303
-3.809581	-1.666508
-3.607118	-1.649452
-3.414131	-1.607759
-3.215143	-1.551853
-3.011732	-1.470678
-2.814323	-1.403717
-2.610913	-1.387292
-2.410029	-1.377817
-2.216411	-1.337072
-2.017422	-1.271690
-1.814644	-1.187988
-1.615339	-1.119448
-1.410350	-1.102392
-1.205992	-1.094811
-1.006372	-1.039537
-0.806752	-0.956467
-0.613449	-0.854762
-0.409407	-0.793802
-0.213261	-0.724630
-0.010798	-0.588180
0.191689	-0.379401
0.383122	-0.139035
0.586558	0.067542
0.786204	0.213486
0.986481	0.320258
1.183284	0.409973
1.390827	0.474731
1.581944	0.524011
1.783169	0.574554
1.981235	0.578029
2.190674	0.587506
2.388424	0.623834
2.589333	0.648789
2.790243	0.685117
2.987677	0.715127
3.187955	0.703123
3.389812	0.722393
3.588510	0.756194
3.787208	0.788415
3.988433	0.828534
4.181761	0.835168
4.383618	0.807053
4.583580	0.820636
4.783541	0.842117
4.988873	0.873075
5.183465	0.927093
5.385322	0.910982
5.588442	0.883184
5.781454	0.911614
5.988365	0.933095
6.180746	0.964053
6.383866	1.013964
6.590461	0.993747
6.780630	0.956787
6.984383	0.970055
7.187187	1.008910
7.385570	1.053451
7.590586	1.070194
7.786440	1.046501
7.983875	1.014912
8.178467	1.022809
8.386326	1.061664
8.583760	1.113787
8.785933	1.132109
8.983367	1.061664
9.181434	1.044922
9.382975	1.076827
9.584516	1.118210
9.784793	1.188022
9.984755	1.183284
9.784162	1.099888
9.581988	1.071141
9.380447	1.089779
9.183013	1.123896
8.987473	1.163699
8.781195	1.127055
8.589130	1.031023
8.391696	0.992167
8.185416	1.031970
7.979768	1.079039
7.785177	1.105258
7.587742	1.047133
7.383674	0.976373
7.186240	0.961210
6.980276	0.977636
6.782526	1.032918
6.584775	1.031654
6.388288	0.977320
6.187063	0.903401
5.984890	0.892029
5.784929	0.924250
5.580544	0.963737
5.382163	0.955208
5.191046	0.880341
4.992348	0.805473
4.790491	0.819373
4.581684	0.850331
4.384881	0.871180
4.179865	0.848751
3.988433	0.788099
3.787524	0.713864
3.589773	0.720182
3.389180	0.753667
3.183848	0.772304
2.983886	0.729659
2.788979	0.669954
2.591229	0.603301
2.385897	0.608039
2.186883	0.632679
1.983446	0.619727
1.788223	0.572975
1.582576	0.499055
1.387352	0.438719
1.187391	0.398285
0.983006	0.345846
0.788731	0.222015
0.587190	0.047957
0.384701	-0.141246
0.196743	-0.370872
-0.010798	-0.579652
-0.212313	-0.711995
-0.412565	-0.787485
-0.613449	-0.862974
-0.814332	-0.935305
-1.009530	-0.990263
-1.211677	-1.028166
-1.409718	-1.075228
-1.613128	-1.124817
-1.811801	-1.185461
-2.014895	-1.260003
-2.214515	-1.316225
-2.410661	-1.347495
-2.608702	-1.394557
-2.810849	-1.470046
-3.011101	-1.543325
-3.210089	-1.627342
-3.408446	-1.681669
-3.608698	-1.699988
-3.812424	-1.725257
-4.008254	-1.764423
-4.215138	-1.822540
-4.412231	-1.893923
-4.616590	-1.950145
-4.811156	-1.963095
-5.016461	-2.011737
-5.209764	-2.068275
-5.410016	-2.155451
-5.615953	-2.225570
-5.814942	-2.254313
-6.009508	-2.284319
-6.209760	-2.322222
-6.412854	-2.355387
-6.613106	-2.410029
-6.811779	-2.469410
-7.016137	-2.504786
-7.207229	-2.590067
-7.411271	-2.632391
-7.605521	-2.655764
-7.813669	-2.702511
-8.012341	-2.759365
-8.216700	-2.802953
-8.414425	-2.850962
-8.608359	-2.886654
-8.809243	-2.929610
-9.010442	-2.997203
-9.218274	-3.065428
-9.413789	-3.125124
-9.619410	-3.203140
-9.811766	-3.235358
-10.005700	-3.236937
-9.811766	-3.174713
-9.613092	-3.105541
-9.415051	-3.047424
-9.212905	-3.018365
-9.015812	-2.959932
-8.813981	-2.907816
-8.609623	-2.887286
-8.409687	-2.862649
-8.207856	-2.844014
-8.013289	-2.827905
-7.811142	-2.736307
-7.612786	-2.638077
-7.409376	-2.588171
-7.207860	-2.545531
-7.015821	-2.536056
-6.811779	-2.499732
-6.616580	-2.428349
-6.410959	-2.350017
-6.208497	-2.289689
-6.008245	-2.267895
-5.814626	-2.244838
-5.610899	-2.202829
-5.410332	-2.141553
-5.214818	-2.072381
-5.008565	-2.025319
-4.813683	-1.988048
-4.614694	-1.947618
-4.412548	-1.890449
-4.215454	-1.815591
-4.013307	-1.736628
-3.810529	-1.695567
-3.606802	-1.673457
-3.420764	-1.644714
-3.208510	-1.588808
-3.003836	-1.527532
-2.815271	-1.464677
-2.612808	-1.413508
-2.413820	-1.379712
-2.215463	-1.350338
-2.015527	-1.290957
-1.811485	-1.215152
-1.610917	-1.168089
-1.411297	-1.129239
-1.215468	-1.088178
-1.008267	-1.024691
-0.819702	-0.950150
-0.614080	-0.869291
-0.410986	-0.805488
-0.211050	-0.724630
-0.010167	-0.597024
0.189794	-0.376242
0.388176	-0.148511
0.585926	0.057434
0.787467	0.209695
0.990272	0.328472
1.192445	0.439983
1.386721	0.500951
1.586998	0.518009
1.785064	0.543912
1.983762	0.571711
2.187515	0.612777
2.385897	0.652580
2.590913	0.662689
2.784557	0.665848
2.987045	0.694594
3.181637	0.704703
3.386021	0.759037
3.584087	0.783993
3.785944	0.790626
3.988117	0.790310
4.182077	0.793469
4.386777	0.814950
4.585159	0.864546
4.787016	0.880656
4.994243	0.871495
5.185676	0.879393
5.380267	0.873391
5.584020	0.907823
5.782718	0.949838
5.984259	0.957735
6.189590	0.941624
6.390500	0.952681
6.591093	0.956471
6.784105	0.987429
6.985646	1.033550
7.186240	1.025337
7.386517	1.015544
7.584268	1.013964
7.788652	1.009226
7.977873	1.055978
8.180362	1.089147
8.384114	1.065139
8.591341	1.057558
8.790671	1.056926
8.985894	1.076827
9.179538	1.129582
9.377289	1.150431
9.588306	1.123264
9.775949	1.124528
9.985703	1.122632
9.782267	1.118841
9.584516	1.148852
9.380132	1.132741
9.183961	1.092622
8.986210	1.090411
8.786565	1.059769
8.582812	1.074932
8.382535	1.088516
8.184784	1.067035
7.987982	1.044922
7.791179	1.045554
7.589006	1.008278
7.386833	1.014596
7.182449	1.031970
6.986910	1.001328
6.779683	0.986165
6.588566	0.977636
6.391763	0.935622
6.185484	0.968791
5.985522	0.962473
5.783981	0.923618
5.582440	0.913825
5.384690	0.874023
5.185044	0.861703
4.988241	0.880025
4.784489	0.863914
4.586107	0.833904
4.384881	0.826638
4.183972	0.795365
3.989697	0.766934
3.791314	0.783361
3.587878	0.764723
3.382546	0.738504
3.184480	0.730922
2.985466	0.677220
2.789295	0.676904
2.586490	0.672797
2.388740	0.632995
2.189726	0.601721
1.985342	0.584979
1.785696	0.540437
1.586050	0.511691
1.393986	0.490842
1.187391	0.407761
0.986165	0.322154
0.787467	0.208116
0.583715	0.041639
0.383437	-0.151038
0.188846	-0.383823
-0.013325	-0.582495
-0.210102	-0.712943
-0.410986	-0.806120
-0.611238	-0.883820
-0.808963	-0.950781
-1.009846	-1.019006
-1.208203	-1.026587
-1.406875	-1.055961
-1.607443	-1.136820
-1.813064	-1.229681
-2.014580	-1.305170
-2.212936	-1.345916
-2.409082	-1.356655
-2.616598	-1.389503
-2.811481	-1.471941
-3.014575	-1.537639
-3.212616	-1.586281
-3.415710	-1.628605
-3.609013	-1.643450
-3.809265	-1.691460
-4.012991	-1.779900
-4.213559	-1.852230
-4.412863	-1.903083
-4.620696	-1.898661
-4.810840	-1.912243
-5.006354	-2.006052
-5.206290	-2.114390
-5.414438	-2.174402
-5.610268	-2.207251
-5.813046	-2.174718
-6.010456	-2.173139
-6.209128	-2.257788
-6.409064	-2.370232
-6.612790	-2.405923
-6.811147	-2.422980
-7.013294	-2.387288
-7.213546	-2.416347
-7.410955	-2.534792
-7.611207	-2.653553
-7.810511	-2.730622
-8.012658	-2.715777
-8.216068	-2.717040
-8.414425	-2.749889
-8.608359	-2.845277
-8.808927	-2.938770
-9.011074	-2.997519
-9.209431	-3.005100
-9.408735	-2.999414
-9.607092	-3.067955
-9.807343	-3.173766
-10.005700	-3.213563
-9.813028	-3.151656
-9.612461	-3.071429
-9.412841	-2.989307
-9.211010	-2.969092
-9.010442	-2.991202
-8.809243	-2.951404
-8.608991	-2.856332
-8.416636	-2.739466
-8.211330	-2.663661
-8.011395	-2.688929
-7.811142	-2.691772
-7.607732	-2.651026
-7.404953	-2.570484
-7.210387	-2.484571
-7.017716	-2.443510
-6.813042	-2.456144
-6.615317	-2.437825
-6.410012	-2.398027
-6.214814	-2.307061
-6.010140	-2.202829
-5.814310	-2.163347
-5.610584	-2.166506
-5.404331	-2.139658
-5.211975	-2.079330
-5.007301	-2.020581
-4.808945	-1.941933
-4.611536	-1.927088
-4.416337	-1.938459
-4.209769	-1.886659
-4.012991	-1.821277
-3.807370	-1.698725
-3.607750	-1.633975
-3.416658	-1.625763
-3.214195	-1.614076
-3.017734	-1.567014
-2.814323	-1.481417
-2.612492	-1.396768
-2.412872	-1.332334
-2.217674	-1.307065
-2.014580	-1.299801
-1.814328	-1.226207
-1.614392	-1.142189
-1.412245	-1.059435
-1.216731	-1.014584
-1.008267	-0.999423
-0.814964	-0.954888
-0.609027	-0.885715
-0.414776	-0.799487
-0.212945	-0.695571
-0.012062	-0.569861
0.195164	-0.381612
0.389124	-0.145984
0.583399	0.062488
0.789995	0.213802
0.986165	0.352796
1.187707	0.415027
1.387984	0.457673
1.584471	0.498423
1.784748	0.544544
1.986605	0.591928
2.187831	0.639313
2.385897	0.634258
2.587754	0.623518
2.786768	0.646262
2.985466	0.698069
3.187007	0.756510
3.388548	0.775463
3.587246	0.756510
3.787840	0.741663
3.986854	0.772620
4.182709	0.820952
4.383934	0.870548
4.585159	0.891713
4.783857	0.839906
4.989820	0.814950
5.195468	0.845908
5.386269	0.915721
5.584335	0.973530
5.786192	0.956471
5.992472	0.916353
6.185484	0.883184
6.387973	0.932463
6.585091	1.009858
6.782842	1.051556
6.985646	1.032286
7.183397	0.981111
7.386201	0.952681
7.587111	1.012069
7.793074	1.094202
7.985138	1.117578
8.180994	1.097360
8.384430	1.005751
8.584076	0.989640
8.785301	1.068614
8.983367	1.157381
9.178906	1.169701
9.381395	1.129266
9.584516	1.043027
9.787637	1.043658
9.986966	1.144113
9.789532	1.211715
9.582305	1.205397
9.382343	1.112208
9.181118	1.013964
8.987158	1.025968
8.785617	1.111260
8.586603	1.142849
8.381903	1.116314
8.183205	1.050924
7.981348	0.952365
7.787704	0.976057
7.587111	1.067982
7.385254	1.083145
7.190662	1.053135
6.991016	0.970371
6.789159	0.890133
6.595516	0.944467
6.388288	1.033550
6.183589	1.024389
5.986154	0.986481
5.780506	0.892029
5.581808	0.840854
5.380583	0.881604
5.188203	0.934990
4.984135	0.918564
4.785437	0.882868
4.582632	0.800103
4.385513	0.744822
4.181761	0.795997
3.989697	0.834536
3.787524	0.812423
3.590089	0.770093
3.389812	0.691119
3.178794	0.672797
2.983886	0.715759
2.787084	0.721761
2.588386	0.693015
2.385265	0.633942
2.185935	0.568236
1.985658	0.542649
1.784433	0.569500
1.583839	0.547071
1.385141	0.495580
1.186759	0.408709
0.988061	0.295619
0.784940	0.194848
0.589717	0.064383
0.382174	-0.141246
0.189478	-0.375610
-0.014273	-0.591023
-0.211682	-0.736000
-0.412881	-0.824440
-0.615028	-0.873081
-0.814964	-0.925197
-1.009530	-0.981103
-1.210730	-1.038273
-1.416035	-1.098917
-1.611549	-1.154192
-1.815591	-1.204728
-2.014580	-1.257792
-2.216095	-1.314330
-2.413504	-1.362972
-2.605228	-1.425827
-2.816534	-1.460571
-3.011732	-1.520267
-3.214195	-1.591334
-3.415079	-1.636818
-3.609329	-1.680721
-3.814635	-1.731890
-4.011412	-1.789059
-4.213875	-1.866128
-4.413811	-1.918560
-4.614063	-1.976361
-4.809893	-2.026898
-5.007933	-2.075224
-5.209133	-2.137763
-5.412227	-2.203461
-5.611847	-2.238836
-5.819364	-2.251471
-6.010771	-2.297901
-6.210076	-2.349385
-6.410959	-2.402449
-6.613106	-2.443826
-6.815885	-2.464356
-7.013926	-2.502575
-7.212598	-2.563535
-7.407165	-2.615335
-7.608364	-2.678506
-7.816828	-2.725568
-8.011395	-2.731885
-8.216068	-2.752732
-8.415056	-2.805795
-8.608675	-2.865176
-8.808927	-2.925504
-9.007600	-2.981726
-9.210378	-2.999414
-9.418527	-3.029104
-9.617515	-3.065744
-9.807975	-3.133652
-10.007595	-3.226514
-9.807028	-3.158605
-9.612145	-3.079957
-9.412841	-3.012680
-9.212589	-3.001309
-9.010758	-2.982674
-8.811138	-2.968144
-8.608044	-2.902763
-8.416951	-2.814323
-8.209119	-2.756522
-8.013289	-2.755574
-7.811774	-2.768209
-7.608364	-2.718303
-7.400216	-2.634918
-7.213230	-2.512998
-7.014557	-2.442563
-6.811147	-2.414451
-6.606473	-2.407503
-6.417592	-2.344016
-6.210392	-2.278950
-6.008561	-2.206935
-5.817784	-2.188616
-5.614058	-2.199986
-5.413806	-2.180719
-5.208501	-2.115969
-5.012671	-2.036058
-4.809261	-1.954883
-4.618484	-1.928351
-4.414127	-1.890765
-4.213559	-1.851599
-4.013939	-1.781479
-3.814635	-1.689881
-3.614383	-1.628605
-3.416658	-1.607759
-3.211984	-1.601758
-3.013312	-1.551853
-2.810217	-1.496894
-2.609650	-1.397400
-2.409398	-1.350969
-2.215463	-1.338651
-2.011737	-1.297274
-1.815907	-1.248948
-1.611233	-1.170616
-1.410982	-1.095759
-1.208835	-1.044906
-1.008899	-1.015847
-0.815596	-0.972891
-0.614396	-0.911931
-0.415092	-0.820334
-0.211050	-0.718628
-0.014589	-0.580284
0.189162	-0.377190
0.389124	-0.154196
0.591928	0.060277
0.783045	0.226753
0.982059	0.332894
1.187075	0.412500
1.389248	0.487683
1.580680	0.542965
1.786644	0.558443
1.983762	0.575186
2.187199	0.601405
2.387476	0.615620
2.588070	0.653212
2.793402	0.699964
2.982307	0.700912
3.186375	0.719866
3.388232	0.735977
3.585351	0.750824
3.786576	0.797892
3.991276	0.811791
4.188395	0.813055
4.392147	0.810844
4.588318	0.839274
4.786068	0.851278
4.987926	0.893292
5.187571	0.902137
5.384058	0.888870
5.584020	0.912246
5.791247	0.892660
5.990892	0.929936
6.186748	0.976373
6.385761	0.972266
6.598359	0.969739
6.788528	0.989640
6.985331	0.983006
7.185292	1.016491
7.387465	1.038604
7.585847	1.033550
7.788336	1.034813
7.982296	1.053767
8.184153	1.030391
8.386009	1.072405
8.585971	1.087884
8.786880	1.081882
8.981788	1.088516
9.180801	1.093886
9.380132	1.078407
9.586095	1.125159
9.786373	1.134636
9.989178	1.128318
9.782898	1.152010
9.583568	1.118526
9.376657	1.096729
9.180801	1.125475
8.988421	1.098940
8.784669	1.089779
8.586919	1.088831
8.389169	1.030707
8.187311	1.043342
7.982612	1.073353
7.785493	1.043658
7.590586	1.038604
7.387465	1.015860
7.188135	0.975425
6.986594	0.990272
6.783157	0.994063
6.596464	0.958998
6.390816	0.971318
6.187063	0.961210
5.988365	0.904980
5.782402	0.936254
5.583704	0.920143
5.378372	0.895188
5.187887	0.895504
4.986030	0.862650
4.781646	0.828534
4.584527	0.849067
4.386461	0.823795
4.180182	0.802314
3.988749	0.814634
3.789735	0.761248
3.585667	0.748296
3.387285	0.750192
3.184796	0.721129
2.985150	0.704703
2.788347	0.691435
2.587754	0.643735
2.381790	0.626045
2.187515	0.606775
1.988501	0.580556
1.785696	0.561918
1.586682	0.511375
1.392407	0.455777
1.188022	0.410289
0.986165	0.333210
0.788731	0.199587
0.586874	0.055854
0.384701	-0.148195
0.186951	-0.380348
-0.011746	-0.591971
-0.211366	-0.726209
-0.411618	-0.796329
-0.614712	-0.850656
-0.815596	-0.936252
-1.011741	-1.015532
-1.206624	-1.078071
-1.412561	-1.106182
-1.613760	-1.130818
-1.813064	-1.168089
-2.017422	-1.271374
-2.215463	-1.351285
-2.411293	-1.405928
-2.615651	-1.429301
-2.819061	-1.440356
-3.010469	-1.510476
-3.216722	-1.600494
-3.416342	-1.685143
-3.609961	-1.731890
-3.812424	-1.758422
-4.013307	-1.748630
-4.213243	-1.793797
-4.416022	-1.878130
-4.613747	-1.945092
-4.805786	-1.994365
-5.008565	-2.005420
-5.207869	-2.034794
-5.409700	-2.128603
-5.609004	-2.227782
-5.812731	-2.272633
-6.003507	-2.268211
-6.210076	-2.260946
-6.409380	-2.286215
-6.609316	-2.375285
-6.819359	-2.453617
-7.012978	-2.500048
-7.212282	-2.513946
-7.409376	-2.509840
-7.615313	-2.556586
-7.809879	-2.660186
-8.014553	-2.748626
-8.211646	-2.777684
-8.413161	-2.771367
-8.608991	-2.751468
-8.811138	-2.816534
-9.014548	-2.944771
-9.210694	-3.027841
-9.410315	-3.066375
-9.614040	-3.064480
-9.814292	-3.055005
-10.010754	-3.122913
-9.807659	-3.133652
-9.612145	-3.103962
-9.418842	-3.052794
-9.212905	-2.955826
-9.011390	-2.892655
-8.809875	-2.889497
-8.604885	-2.900236
-8.415056	-2.874967
-8.212594	-2.784949
-8.016448	-2.675031
-7.810511	-2.621652
-7.614049	-2.648816
-7.408744	-2.643130
-7.217336	-2.600490
-7.015821	-2.494678
-6.814621	-2.369916
-6.612159	-2.320959
-6.410644	-2.319379
-6.211655	-2.287478
-6.011719	-2.222728
-5.813046	-2.175981
-5.613111	-2.131762
-5.412227	-2.127656
-5.209133	-2.142817
-5.010460	-2.093227
-4.806102	-2.004156
-4.603955	-1.905926
-4.413495	-1.834858
-4.207558	-1.818750
-4.005411	-1.803273
-3.814950	-1.735364
-3.609645	-1.657664
-3.413499	-1.575858
-3.214511	-1.513634
-3.011417	-1.496262
-2.812744	-1.480154
-2.611545	-1.436882
-2.409082	-1.368341
-2.218622	-1.296958
-2.011737	-1.245474
-1.812433	-1.224627
-1.612813	-1.200307
-1.414456	-1.133661
-1.210414	-1.052802
-1.011425	-0.973523
-0.816227	-0.920459
-0.616291	-0.880030
-0.412881	-0.820018
-0.214209	-0.730947
-0.014904	-0.566071
0.191689	-0.363608
0.384385	-0.143773
0.586558	0.061224
0.784624	0.201482
0.988061	0.318995
1.188970	0.425452
1.392722	0.505057
1.581944	0.529065
1.785380	0.528749
1.985026	0.538858
2.187515	0.593192
2.386213	0.657319
2.589333	0.690803
2.790559	0.693015
2.981675	0.662689
3.179741	0.674061
3.381283	0.732818
3.588194	0.805473
3.783101	0.823795
3.994119	0.801051
4.186815	0.767250
4.385197	0.784308
4.580420	0.852858
4.787016	0.915721
4.986662	0.915089
5.191046	0.880025
5.382163	0.838327
5.583704	0.855701
5.784613	0.952681
5.988050	1.004487
6.183589	1.000697
6.384814	0.958683
6.590461	0.897083
6.782210	0.939097
6.984383	1.053135
7.186240	1.086304
7.385885	1.073984
7.587742	1.001328
7.788020	0.947310
7.984191	1.004487
8.180362	1.113787
8.384746	1.136532
8.584392	1.115051
8.787512	1.041131
8.984315	0.993115
9.179222	1.085357
9.376341	1.182652
9.583568	1.194656
9.780371	1.177598
9.983175	1.086304
9.785741	1.025652
9.582621	1.120421
9.382343	1.183284
9.184909	1.171280
8.987158	1.115682
8.788460	1.010173
8.581549	1.000697
8.383482	1.085672
8.180362	1.122000
7.982296	1.104942
7.788968	1.029759
7.585847	0.949838
7.386201	0.939729
7.183712	1.031654
6.985331	1.056610
6.787264	1.029443
6.593305	0.953312
6.389868	0.888870
6.186748	0.923934
5.987102	0.978584
5.785876	0.989640
5.583388	0.953628
5.384058	0.880656
5.183780	0.825059
4.987609	0.847488
4.785752	0.893292
4.585791	0.886974
4.384565	0.852226
4.181445	0.781150
3.990012	0.735661
3.776783	0.766302
3.587246	0.788415
3.383178	0.773252
3.183848	0.737556
2.987045	0.660162
2.795297	0.629836
2.588386	0.670586
2.384949	0.674693
2.186567	0.636470
1.985658	0.584347
1.782537	0.525906
1.584155	0.483260
1.386405	0.478838
1.188022	0.429242
0.984902	0.341108
0.786520	0.207168
0.591612	0.046693
0.382174	-0.154828
0.190741	-0.381612
-0.016168	-0.596708
-0.212629	-0.724630
-0.411934	-0.798224
-0.612501	-0.874976
-0.810542	-0.942569
-1.010162	-1.001950
-1.206939	-1.075860
-1.413824	-1.118816
-1.613760	-1.150401
