# Configuration automatically generated by WRITE_CONFIG()
connection eth
ip 192.168.0.10
samplehz 1000.000000
settleus 10.000000
nsample 128

# Analog Inputs
aichannel 0
ainegative 199
airange 10.000000
airesolution 0

aichannel 1
ainegative 199
airange 10.000000
airesolution 0

# Analog Outputs
aochannel 0
aosignal triangle
aofrequency 5.000000
aoamplitude 2.000000
aooffset 2.500000
aoduty 0.500000

# Meta Parameters
int:periods 10
flt:tip_T_C 316.367065
flt:plate_T_C 349.210403
flt:plate_Q_kW 1.196075
flt:cool_Thigh_C 53.640899
flt:cool_Tlow_C 11.326033
flt:air_psig 20.000000
flt:water_gph 6.000000
flt:standoff_in 0.228000
flt:oxygen_scfh 19.394531
flt:fuel_scfh 10.640281
flt:flow_scfh 30.034812
flt:ratio_fto 0.548623

## End Configuration ##
#: Wed Apr  5 17:33:44 2017
-7.403374	-3.509519
-9.360093	-4.096377
-9.341457	-4.098904
-9.305766	-4.119750
-9.276076	-4.125436
-9.200903	-4.116908
-9.010126	-4.102378
-8.809559	-4.042050
-8.607728	-3.960875
-8.412213	-3.884439
-8.210067	-3.780522
-8.006972	-3.707876
-7.812090	-3.655760
-7.608364	-3.603960
-7.409376	-3.558477
-7.212914	-3.507940
-7.018979	-3.443506
-6.805461	-3.398023
-6.612790	-3.364226
-6.413486	-3.312742
-6.211339	-3.230936
-6.008876	-3.160500
-5.814626	-3.055952
-5.611847	-2.976989
-5.414438	-2.914765
-5.209764	-2.865808
-5.010144	-2.823167
-4.807682	-2.760628
-4.614063	-2.691772
-4.413495	-2.664608
-4.212612	-2.617230
-4.016150	-2.551848
-3.811792	-2.465620
-3.609013	-2.379708
-3.420132	-2.291268
-3.213563	-2.217990
-3.010469	-2.163031
-2.814323	-2.089753
-2.612176	-2.036374
-2.412872	-1.982047
-2.212305	-1.919191
-2.010158	-1.876235
-1.813064	-1.814644
-1.609022	-1.740102
-1.411613	-1.654190
-1.210730	-1.558801
-1.008583	-1.474468
-0.815912	-1.389819
-0.613449	-1.318120
-0.413197	-1.237262
-0.211998	-1.138399
-0.011746	-0.960889
0.186635	-0.706942
0.384385	-0.390140
0.594455	-0.072706
0.786520	0.206852
0.988061	0.398285
1.188970	0.533804
1.390195	0.630783
1.583839	0.693015
1.786012	0.747980
1.989448	0.767566
2.185935	0.796628
2.388740	0.848435
2.588070	0.905612
2.789295	0.939729
2.985150	0.972266
3.184480	1.005435
3.389180	1.011437
3.584719	1.039236
3.788156	1.074300
3.993803	1.085357
4.181445	1.108101
4.383934	1.109996
4.585791	1.103363
4.787648	1.169385
4.990137	1.208556
5.186307	1.239197
5.385322	1.255308
5.586231	1.277737
5.788404	1.265417
5.985522	1.300165
6.185800	1.322910
6.394607	1.335861
6.587618	1.370294
6.784737	1.332386
6.985646	1.345338
7.184976	1.401252
7.383674	1.425260
7.589006	1.446109
7.788336	1.467590
7.985138	1.478646
8.184784	1.461272
8.386957	1.485912
8.586919	1.523187
8.784986	1.525714
8.986210	1.521924
9.183329	1.507077
9.382975	1.528557
9.579461	1.582576
9.783214	1.615113
9.986335	1.620799
9.786373	1.611006
9.582621	1.581628
9.382343	1.557304
9.178906	1.559515
8.985894	1.550038
8.783405	1.514342
8.585340	1.490966
8.388221	1.425892
8.186048	1.440423
7.983243	1.474539
7.785493	1.462535
7.585215	1.452743
7.389360	1.448636
7.184029	1.420837
6.984699	1.389248
6.781894	1.378507
6.588250	1.363660
6.389868	1.331439
6.184852	1.294479
5.988681	1.249938
5.792511	1.248990
5.587178	1.273314
5.384058	1.256888
5.191046	1.228773
4.984135	1.214874
4.788911	1.179493
4.588318	1.158960
4.383618	1.145061
4.184604	1.120105
3.984010	1.088831
3.791946	1.044290
3.589142	1.008278
3.387285	1.001328
3.184796	0.996274
2.982623	0.960578
2.787400	0.938149
2.592176	0.904033
2.386213	0.848119
2.186883	0.823795
1.985974	0.792206
1.788539	0.736924
1.586998	0.683222
1.386405	0.612146
1.190866	0.515798
0.986165	0.392283
0.787152	0.205589
0.583715	-0.068600
0.384069	-0.381927
0.191057	-0.695887
-0.012693	-0.966574
-0.207892	-1.132714
-0.411618	-1.239473
-0.612817	-1.325385
-0.811490	-1.409086
-1.015847	-1.494683
-1.209150	-1.568593
-1.410666	-1.640924
-1.614708	-1.727784
-1.810853	-1.813064
-2.018370	-1.880973
-2.212305	-1.936248
-2.402765	-1.973203
-2.613756	-2.029109
-2.811481	-2.091016
-3.011101	-2.170928
-3.216090	-2.237573
-3.415079	-2.313694
-3.610277	-2.380971
-3.810213	-2.456144
-4.018045	-2.540162
-4.211348	-2.620073
-4.416022	-2.672505
-4.609009	-2.723357
-4.805786	-2.764418
-5.016146	-2.783054
-5.210080	-2.859806
-5.407805	-2.938138
-5.615637	-2.997519
-5.813046	-3.067639
-6.011403	-3.133337
-6.209128	-3.207246
-6.410012	-3.300108
-6.616896	-3.361383
-6.813674	-3.409709
-7.011714	-3.446664
-7.212914	-3.454561
-7.406848	-3.505729
-7.609627	-3.576164
-7.812406	-3.648811
-8.004129	-3.736619
-8.209435	-3.806107
-8.413793	-3.851906
-8.608359	-3.933712
-8.808611	-4.036681
-9.012969	-4.090376
-9.197112	-4.120698
-9.275444	-4.126383
-9.329140	-4.096693
-9.363252	-4.077742
-9.366726	-4.087849
-9.346828	-4.093850
-9.311452	-4.112802
-9.277656	-4.120698
-9.201219	-4.115328
-9.015180	-4.084059
-8.806716	-4.044577
-8.607096	-3.967824
-8.420110	-3.867067
-8.210698	-3.784944
-8.007288	-3.675975
-7.811142	-3.610277
-7.608364	-3.578691
-7.413166	-3.546158
-7.214177	-3.509835
-7.014241	-3.457719
-6.808936	-3.401813
-6.607421	-3.353171
-6.413802	-3.321270
-6.209128	-3.238516
-6.006665	-3.156078
-5.815258	-3.074588
-5.612795	-2.976041
-5.410648	-2.906869
-5.213554	-2.850647
-5.008565	-2.803900
-4.806102	-2.763787
-4.613115	-2.689245
-4.410968	-2.631444
-4.214191	-2.595752
-4.011096	-2.548374
-3.805475	-2.468778
-3.609645	-2.394868
-3.415395	-2.308324
-3.214195	-2.220833
-3.010785	-2.163031
-2.812428	-2.096070
-2.612808	-2.036374
-2.410029	-1.976677
-2.213884	-1.904978
-2.019317	-1.855705
-1.814012	-1.807695
-1.612181	-1.745156
-1.410982	-1.653874
-1.207571	-1.565750
-1.010478	-1.475100
-0.814332	-1.390767
-0.613765	-1.326017
-0.412565	-1.230629
-0.211682	-1.133977
-0.010482	-0.972260
0.191057	-0.695255
0.385965	-0.379085
0.587822	-0.061967
0.787152	0.206536
0.988693	0.403655
1.184548	0.534435
1.389248	0.632995
1.583523	0.694910
1.784117	0.751771
1.983131	0.777043
2.186567	0.803262
2.389688	0.843697
2.588386	0.896767
2.790243	0.936254
2.983886	0.975425
3.187323	0.993115
3.385389	1.030075
3.588194	1.041131
3.783733	1.078407
3.991592	1.102415
4.184604	1.117578
4.385197	1.135268
4.585791	1.117894
4.786700	1.148536
4.985082	1.202554
5.191994	1.241409
5.384690	1.267312
5.582440	1.280896
5.784613	1.295427
5.986786	1.305851
6.188011	1.319435
6.385446	1.361765
6.590461	1.360817
6.784737	1.360501
6.985962	1.339968
7.188767	1.375664
7.383990	1.428103
7.588374	1.446741
7.786440	1.462535
7.982612	1.473908
8.184468	1.472644
8.382218	1.482753
8.586287	1.512447
8.785617	1.517817
8.984947	1.538982
9.183645	1.514658
9.378236	1.496652
9.582305	1.559831
9.780686	1.605952
9.984755	1.620799
9.787952	1.608795
9.583252	1.586366
9.382027	1.545300
9.184592	1.556356
8.982103	1.540877
8.784669	1.528242
8.590710	1.493809
8.382535	1.453058
8.184784	1.425576
7.976294	1.461588
7.788020	1.463483
7.589954	1.448636
7.381779	1.438843
7.186872	1.422733
6.984383	1.382930
6.782526	1.379139
6.589514	1.357658
6.387973	1.350077
6.188327	1.309326
5.984890	1.255940
5.784297	1.239829
5.584335	1.271419
5.386901	1.249622
5.189150	1.229405
4.993296	1.213610
4.787964	1.179493
4.584843	1.146324
4.385197	1.134952
4.183341	1.118841
3.990328	1.085672
3.789735	1.053135
3.586614	1.019334
3.386653	0.984586
3.184796	0.990904
2.985782	0.964685
2.789611	0.931516
2.587122	0.905928
2.389056	0.861703
2.186567	0.814318
1.985658	0.787783
1.786012	0.745453
1.580048	0.687645
1.387036	0.620675
1.187075	0.506005
0.986165	0.382174
0.786520	0.201482
0.585610	-0.070495
0.387860	-0.384770
0.191373	-0.699361
-0.012378	-0.969733
-0.212629	-1.131450
-0.413829	-1.222732
-0.616923	-1.312751
-0.817807	-1.398663
-1.007951	-1.489313
-1.212941	-1.560381
-1.412245	-1.633975
-1.610286	-1.723993
-1.806747	-1.806747
-2.013316	-1.864549
-2.217674	-1.940670
-2.409714	-1.988995
-2.614703	-2.034163
-2.812744	-2.089753
-3.011417	-2.163031
-3.218617	-2.236625
-3.417290	-2.313694
-3.609013	-2.384445
-3.817162	-2.451722
-4.006359	-2.538582
-4.205347	-2.624495
-4.410652	-2.693667
-4.610588	-2.724621
-4.806102	-2.757154
-5.012355	-2.789687
-5.206606	-2.847804
-5.416333	-2.914765
-5.615637	-2.982674
-5.816521	-3.054373
-6.009192	-3.112806
-6.203443	-3.182294
-6.404958	-3.268838
-6.610579	-3.343064
-6.807357	-3.416342
-7.012978	-3.463089
-7.212914	-3.495306
-7.410007	-3.511098
-7.609943	-3.574585
-7.810195	-3.642810
-8.014869	-3.721773
-8.212910	-3.794104
-8.413161	-3.854748
-8.608044	-3.920446
-8.806400	-4.017729
-9.010442	-4.103642
-9.197112	-4.136175
-9.271022	-4.131752
-9.316190	-4.115328
-9.351250	-4.091007
-9.360724	-4.091639
-9.339878	-4.100483
-9.320295	-4.103010
-9.283340	-4.113433
-9.206588	-4.079005
-9.010442	-4.048367
-8.810190	-4.019940
-8.610254	-3.985512
-8.415056	-3.914761
-8.215753	-3.821899
-8.013289	-3.715456
-7.812406	-3.633650
-7.606784	-3.580271
-7.411271	-3.528471
-7.215125	-3.492779
-7.012346	-3.445717
-6.812726	-3.386020
-6.611527	-3.343064
-6.412539	-3.319375
-6.208180	-3.257151
-6.009824	-3.169660
-5.813678	-3.106805
-5.613742	-3.000362
-5.412227	-2.920766
-5.209448	-2.865176
-5.007933	-2.805480
-4.804839	-2.756838
-4.609325	-2.705038
-4.409389	-2.639972
-4.211348	-2.591962
-4.012676	-2.547742
-3.810529	-2.481413
-3.609013	-2.405607
-3.416658	-2.314641
-3.216090	-2.226202
-3.017102	-2.165558
-2.810533	-2.106809
-2.611229	-2.040480
-2.413504	-1.988995
-2.215463	-1.917928
-2.012053	-1.844018
-1.812749	-1.801378
-1.612497	-1.736628
-1.415088	-1.660191
-1.211677	-1.573647
-1.008267	-1.484576
-0.820018	-1.399927
-0.615028	-1.308961
-0.413197	-1.224311
-0.211998	-1.120080
-0.009535	-0.964363
0.192637	-0.706942
0.384385	-0.392035
0.588138	-0.068600
0.784624	0.204957
0.991220	0.404918
1.182336	0.537278
1.390511	0.627940
1.587630	0.694910
1.789171	0.752087
1.991344	0.786520
2.186567	0.814318
2.390003	0.836747
2.588386	0.892976
2.794981	0.936886
2.990520	0.973530
3.189850	1.002276
3.386653	1.029443
3.588826	1.024073
3.786260	1.066719
3.987485	1.100835
4.179550	1.120421
4.383934	1.134952
4.585791	1.131793
4.785437	1.127371
4.984450	1.188338
5.189782	1.232248
5.383110	1.257519
5.586546	1.275210
5.787456	1.301113
5.992472	1.288161
6.188643	1.338073
6.384814	1.340600
6.587618	1.365556
6.784421	1.369978
6.987542	1.355763
7.187187	1.367451
7.389360	1.418626
7.581740	1.445793
7.788652	1.461272
7.985455	1.481173
8.184468	1.489702
8.384114	1.476435
8.588498	1.512763
8.787196	1.528242
8.987473	1.533296
9.184277	1.524451
9.380447	1.511815
9.583884	1.538982
9.785110	1.595211
9.986650	1.623010
9.785425	1.613217
9.580409	1.594895
9.380447	1.564254
9.183645	1.530453
8.985579	1.532348
8.786880	1.522555
8.586919	1.504865
8.382851	1.470749
8.187943	1.426839
7.991140	1.427471
7.786757	1.456217
7.589006	1.463483
7.387465	1.445161
7.185292	1.426207
6.984699	1.391775
6.786633	1.369662
6.586355	1.366819
6.387025	1.341232
6.187695	1.325753
5.989629	1.276789
5.782718	1.223087
5.585283	1.248043
5.383742	1.254045
5.184728	1.236986
4.989505	1.218032
4.788280	1.192129
4.583895	1.151063
4.385829	1.131793
4.182709	1.114419
3.989065	1.097360
3.789419	1.062928
3.586930	1.023441
3.387600	0.975425
3.187007	0.977320
2.985466	0.973846
2.790559	0.948574
2.581436	0.907823
2.386845	0.876866
2.190989	0.811791
1.984394	0.789047
1.784748	0.748928
1.579417	0.690803
1.392091	0.617200
1.188338	0.524643
0.985850	0.385017
0.785572	0.200850
0.587190	-0.072074
0.383753	-0.387929
0.190741	-0.699993
-0.010167	-0.972260
-0.211050	-1.137452
-0.414776	-1.233787
-0.615976	-1.327280
-0.814964	-1.398979
-1.008583	-1.486471
-1.210414	-1.559433
-1.410666	-1.632711
-1.612497	-1.716097
-1.809906	-1.797272
-2.012053	-1.882868
-2.213884	-1.942249
-2.408134	-1.994049
-2.614388	-2.039848
-2.810849	-2.090069
-3.012048	-2.157662
-3.213563	-2.226202
-3.413499	-2.302323
-3.611540	-2.379392
-3.810844	-2.449827
-4.012044	-2.523737
-4.213559	-2.607754
-4.411916	-2.686718
-4.611536	-2.746731
-4.802944	-2.798846
-5.009512	-2.832643
-5.212923	-2.864860
-5.411280	-2.926136
-5.616269	-3.002573
-5.814310	-3.079010
-6.007929	-3.151024
-6.215761	-3.216406
-6.412539	-3.282420
-6.610895	-3.374965
-6.814937	-3.440031
-7.013926	-3.479513
-7.212914	-3.522785
-7.408744	-3.550580
-7.611838	-3.574901
-7.812090	-3.650390
-8.013289	-3.723353
-8.207856	-3.793157
-8.419163	-3.850958
-8.610254	-3.900231
-8.813981	-4.006990
-9.010758	-4.085954
-9.197428	-4.136175
-9.269759	-4.134280
-9.312399	-4.118487
-9.373991	-4.075215
-9.390731	-4.064160
-9.367042	-4.073951
-9.341142	-4.084374
-9.297554	-4.095429
-9.210378	-4.075847
-9.004757	-4.038576
-8.807980	-4.016782
-8.609623	-3.973825
-8.413477	-3.909707
-8.209119	-3.826637
-8.013289	-3.733776
-7.809563	-3.626385
-7.608364	-3.563215
-7.409691	-3.507624
-7.214809	-3.483619
-7.016452	-3.433398
-6.811779	-3.365805
-6.610263	-3.325692
-6.411907	-3.280209
-6.208497	-3.234726
-6.008561	-3.174397
-5.815889	-3.098593
-5.612163	-2.999730
-5.413490	-2.902447
-5.207553	-2.842750
-5.005091	-2.791582
-4.804839	-2.741677
-4.611536	-2.700616
-4.411284	-2.622284
-4.209769	-2.564167
-4.012991	-2.523737
-3.810213	-2.482044
-3.608698	-2.405607
-3.416974	-2.337383
-3.214827	-2.244522
-3.010785	-2.168085
-2.816850	-2.103966
-2.610281	-2.046797
-2.410345	-1.991838
-2.215463	-1.924877
-2.014580	-1.852862
-1.813380	-1.792218
-1.613760	-1.734101
-1.413824	-1.662718
-1.211046	-1.574910
-1.008267	-1.483312
-0.815596	-1.392346
-0.609659	-1.307065
-0.411618	-1.229049
-0.211998	-1.123554
-0.011114	-0.958994
0.189478	-0.701572
0.385017	-0.391403
0.587506	-0.063862
0.785888	0.200218
0.994379	0.401759
1.194340	0.541069
1.387668	0.636470
1.586366	0.692699
1.782221	0.754298
1.991976	0.789047
2.188778	0.826954
2.388108	0.837063
2.589017	0.874654
2.793086	0.925198
2.983886	0.974793
3.187007	1.001013
3.386021	1.030707
3.587878	1.056610
3.788471	1.063876
3.994435	1.089147
4.186815	1.112524
4.382986	1.134004
4.585159	1.155485
4.787016	1.138743
4.989505	1.168753
5.189466	1.221823
5.381531	1.252465
5.582124	1.283423
5.788404	1.294163
5.986470	1.301745
6.188011	1.319751
6.391131	1.347865
6.587934	1.367767
6.790739	1.369978
6.982172	1.376928
7.190346	1.363976
7.385254	1.395566
7.586795	1.443582
7.788336	1.466642
7.978189	1.484016
8.183205	1.503286
8.381903	1.486543
8.587867	1.504865
8.783722	1.524135
8.985894	1.549091
9.185225	1.550354
9.381395	1.528557
9.584516	1.515606
9.787004	1.577837
9.980648	1.628696
9.783846	1.611954
9.590518	1.582576
9.382975	1.594580
9.180801	1.554461
8.987158	1.539930
8.787512	1.518765
8.587867	1.513079
8.384430	1.481173
8.183205	1.431262
7.985455	1.410097
7.792127	1.443582
7.585531	1.458745
7.385885	1.441686
7.187187	1.426523
6.984699	1.405990
6.784421	1.358290
6.590461	1.360185
6.383866	1.347550
6.193065	1.321646
5.984574	1.293216
5.785876	1.241093
5.588758	1.212346
5.381846	1.243620
5.189150	1.235091
4.985398	1.211715
4.787964	1.195920
4.591161	1.164014
4.381722	1.128950
4.185236	1.113787
3.995383	1.091359
3.784365	1.072089
3.587562	1.031970
3.387600	0.977952
3.183532	0.962473
2.985150	0.967844
2.786452	0.936570
2.590281	0.903085
2.388108	0.875602
2.187515	0.825375
1.987869	0.772936
1.786644	0.762196
1.580364	0.696805
1.390195	0.624150
1.186759	0.529381
0.983322	0.370802
0.785572	0.186003
0.587190	-0.068600
0.382490	-0.384770
0.196743	-0.702836
-0.006376	-0.970680
-0.211366	-1.128923
-0.415408	-1.237577
-0.614396	-1.314646
-0.815280	-1.398663
-1.009530	-1.482365
-1.209782	-1.554695
-1.410666	-1.649136
-1.612181	-1.714202
-1.814012	-1.783058
-2.012685	-1.874024
-2.214515	-1.951409
-2.409714	-2.002893
-2.614072	-2.053114
-2.809586	-2.093859
-3.010469	-2.142185
-3.215143	-2.225570
-3.416342	-2.309588
-3.608382	-2.388551
-3.811160	-2.468778
-4.011728	-2.525316
-4.217033	-2.618178
-4.413179	-2.696826
-4.613431	-2.758417
-4.813683	-2.801373
-5.010144	-2.849067
-5.208817	-2.877810
-5.419176	-2.922346
-5.612163	-2.993413
-5.814310	-3.060690
-6.010140	-3.124492
-6.206285	-3.189874
-6.411591	-3.247676
-6.611527	-3.335167
-6.813358	-3.428344
-7.012346	-3.489620
-7.217336	-3.530366
-7.414113	-3.552160
-7.609312	-3.582482
-7.812406	-3.626385
-8.012026	-3.698084
-8.214173	-3.764414
-8.413477	-3.841798
-8.603621	-3.892651
-8.802926	-3.982038
-9.004757	-4.075531
-9.190795	-4.144387
-9.245754	-4.159864
-9.280498	-4.148493
-9.310188	-4.139649
-9.344616	-4.111854
-9.330403	-4.111222
-9.316190	-4.111538
-9.293132	-4.107748
-9.205956	-4.105853
-9.011390	-4.050894
-8.815876	-4.003516
-8.609623	-3.979195
-8.408739	-3.938450
-8.215436	-3.861381
-8.008867	-3.759360
-7.809879	-3.655444
-7.608680	-3.576164
-7.408744	-3.506676
-7.213546	-3.459298
-7.016137	-3.426450
-6.812410	-3.383178
-6.613106	-3.303898
-6.413170	-3.266311
-6.209128	-3.233146
-6.010771	-3.182294
-5.815258	-3.111227
-5.612479	-3.017734
-5.414122	-2.911291
-5.209764	-2.851278
-5.010776	-2.790318
-4.808629	-2.735991
-4.615958	-2.693035
-4.413495	-2.634918
-4.210716	-2.571115
-4.013307	-2.525632
-3.810213	-2.479202
-3.609013	-2.406239
-3.416658	-2.332645
-3.211984	-2.263473
-3.012364	-2.178508
-2.808006	-2.094491
-2.609965	-2.036690
-2.412241	-1.980467
-2.213884	-1.922982
-2.014895	-1.848440
-1.812117	-1.783690
-1.612813	-1.735680
-1.409086	-1.660823
-1.204413	-1.580911
-1.013005	-1.510792
-0.814964	-1.423616
-0.614080	-1.319700
-0.416356	-1.230629
-0.205365	-1.129239
-0.003218	-0.967522
0.189478	-0.694623
0.387544	-0.378137
0.580240	-0.067652
0.786204	0.203377
0.989324	0.393862
1.185811	0.546439
1.388616	0.633626
1.585103	0.686065
1.783485	0.744822
1.989448	0.786520
2.184356	0.817793
2.388108	0.853805
2.589017	0.864546
2.784241	0.916984
2.981359	0.973214
3.189534	0.991536
3.388548	1.027864
3.586614	1.065771
3.788787	1.063244
3.982431	1.088200
4.184920	1.123896
4.386145	1.142218
4.585159	1.153274
4.787016	1.149799
4.986662	1.157381
5.188519	1.206028
5.384374	1.248358
5.580544	1.280264
5.784929	1.299533
5.982679	1.324805
6.188327	1.310274
6.383550	1.340916
6.590461	1.370926
6.782842	1.387984
6.984699	1.381666
7.184029	1.362397
7.384306	1.384193
7.583952	1.425260
7.789599	1.453690
7.988929	1.480541
8.183837	1.498232
8.385694	1.506129
8.586287	1.496652
8.786249	1.538982
8.989054	1.557304
9.181118	1.552565
9.383607	1.559199
9.585148	1.524451
9.781319	1.558883
9.991705	1.611006
9.787004	1.629012
9.581357	1.609111
9.382343	1.582891
9.183013	1.564885
8.986842	1.534875
8.787512	1.523819
8.589446	1.513710
8.384746	1.499495
8.180362	1.454006
7.979768	1.414519
7.790863	1.412308
7.586479	1.436316
7.386201	1.440107
7.181817	1.413256
6.983751	1.418626
6.784737	1.369346
6.591093	1.351972
6.388920	1.352920
6.185484	1.329228
5.985522	1.305220
5.787772	1.261942
5.583072	1.209819
5.381846	1.228457
5.189782	1.233827
4.987294	1.206344
4.784489	1.199395
4.584527	1.176650
4.384565	1.129582
4.184288	1.114419
3.986222	1.100520
3.793526	1.064192
3.590405	1.030391
3.384442	1.001960
3.186375	0.950469
2.986098	0.941940
2.788979	0.938149
2.583015	0.911298
2.387161	0.876234
2.189094	0.826007
1.982815	0.784624
1.783169	0.753667
1.579101	0.695542
1.387352	0.636470
1.192445	0.518325
0.987745	0.377120
0.785572	0.189478
0.580556	-0.074601
0.385333	-0.391087
0.187582	-0.702520
-0.013009	-0.976050
-0.217367	-1.154192
-0.410670	-1.267268
-0.606184	-1.341178
-0.814016	-1.411613
-1.009846	-1.492788
-1.213572	-1.573331
-1.412245	-1.653558
-1.611233	-1.726836
-1.817171	-1.802957
-2.014895	-1.876551
-2.209778	-1.956146
-2.408134	-2.013632
-2.605543	-2.061010
-2.807690	-2.121023
-3.013943	-2.150713
-3.213563	-2.217358
-3.416974	-2.284635
-3.610277	-2.356650
-3.809265	-2.443194
-4.013623	-2.495626
-4.215770	-2.576801
-4.414758	-2.678506
-4.609009	-2.761891
-4.807050	-2.820640
-5.006986	-2.855069
-5.214186	-2.879389
-5.413806	-2.919187
-5.613742	-2.975409
-5.815258	-3.056268
-6.010456	-3.130810
-6.209128	-3.211668
-6.414750	-3.271049
-6.613106	-3.346538
-6.813042	-3.429924
-7.011714	-3.507624
-7.215756	-3.545527
-7.406217	-3.589746
-7.611522	-3.596063
-7.811142	-3.626701
-8.011710	-3.686714
-8.217332	-3.754307
-8.414109	-3.824426
-8.612782	-3.891387
-8.813664	-3.954558
-9.010758	-4.044893
-9.196796	-4.132384
-9.257756	-4.149756
-9.296606	-4.134280
-9.317769	-4.127015
-9.358198	-4.100167
-9.358514	-4.083743
-9.339247	-4.088797
-9.303555	-4.095114
-9.205641	-4.093850
-9.015812	-4.047420
-8.809875	-3.970983
-8.604569	-3.942872
-8.413161	-3.900231
-8.211962	-3.856643
-8.006972	-3.783365
-7.810827	-3.698400
-7.610259	-3.597959
-7.410007	-3.515521
-7.213546	-3.476986
-7.015189	-3.424554
-6.813674	-3.374649
-6.611211	-3.311478
-6.412222	-3.263153
-6.208497	-3.228724
-6.010140	-3.194296
-5.810835	-3.125124
-5.610268	-3.045529
-5.409700	-2.955510
-5.209133	-2.866439
-5.012039	-2.801689
-4.807997	-2.742940
-4.613431	-2.683244
-4.413495	-2.628917
-4.204083	-2.564482
-4.014571	-2.516788
-3.808318	-2.470674
-3.607118	-2.404028
-3.416342	-2.328223
-3.214195	-2.249575
-3.014575	-2.160820
-2.813692	-2.071433
-2.612176	-2.006052
-2.408450	-1.966254
-2.209146	-1.916981
-2.004788	-1.866760
-1.812749	-1.784637
-1.610917	-1.723046
-1.412245	-1.665876
-1.209782	-1.589755
-1.012373	-1.515529
-0.815596	-1.426774
-0.613449	-1.327280
-0.415724	-1.230629
-0.210418	-1.125765
-0.011114	-0.959625
0.193900	-0.695887
0.386281	-0.381927
0.584663	-0.062598
0.786520	0.206536
0.987113	0.394178
1.187707	0.541069
1.388932	0.637417
1.586050	0.695226
1.785380	0.749560
1.984710	0.798840
2.184988	0.821268
2.387792	0.864230
2.589333	0.868337
2.790874	0.897715
2.990836	0.954576
3.185112	1.009226
3.386969	1.037025
3.585035	1.050292
3.787840	1.077459
3.993487	1.084409
4.189658	1.110312
4.385197	1.134004
4.586739	1.163067
4.784489	1.176966
4.988557	1.162751
5.191046	1.209819
5.384058	1.251833
5.585915	1.279632
5.783981	1.303640
5.988365	1.321962
6.191170	1.324805
6.387973	1.342495
6.589829	1.365556
6.783473	1.377875
6.988173	1.381034
7.184344	1.397145
7.387465	1.375664
7.589638	1.411676
7.790231	1.460640
7.977557	1.477382
8.183520	1.505181
8.386009	1.513079
8.581233	1.506761
8.784669	1.519396
8.992212	1.528242
9.180486	1.564885
9.382975	1.566781
9.587043	1.541509
9.786689	1.526030
9.987598	1.579417
9.781950	1.605320
9.585148	1.591736
9.376341	1.590157
9.183329	1.582891
8.987158	1.526030
8.782774	1.519081
8.584707	1.511815
8.385062	1.494757
8.178150	1.473908
7.986402	1.418942
7.788652	1.397461
7.595008	1.427787
7.392519	1.438527
7.183712	1.434421
6.985014	1.410729
6.785685	1.388300
6.587618	1.346918
6.388920	1.348813
6.188011	1.326069
5.982679	1.300797
5.787140	1.262574
5.591285	1.204765
5.382163	1.201606
5.188519	1.226246
4.986030	1.211715
4.787016	1.180757
4.586107	1.174123
4.387093	1.141902
4.183656	1.096097
3.993803	1.101151
3.788787	1.070194
3.586614	1.041131
3.386653	1.009226
3.184164	0.946047
2.983571	0.938149
2.790559	0.934675
2.583015	0.903085
2.393478	0.866441
2.187831	0.841486
1.986290	0.784940
1.786644	0.743558
1.579417	0.704703
1.393986	0.629520
1.186443	0.533804
0.987429	0.385965
0.790310	0.177790
0.583083	-0.081550
0.385333	-0.394562
0.191689	-0.701888
-0.008271	-0.970996
-0.211050	-1.142821
-0.415092	-1.255581
-0.613133	-1.330755
-0.814332	-1.403085
-1.010478	-1.468783
-1.209150	-1.545536
-1.410666	-1.630500
-1.612813	-1.706621
-1.815907	-1.779584
-2.012685	-1.860443
-2.217358	-1.940038
-2.415083	-2.011737
-2.613124	-2.059747
-2.813060	-2.110284
-3.010469	-2.159873
-3.216722	-2.200934
-3.415710	-2.280213
-3.608382	-2.365178
-3.811160	-2.437825
-4.013307	-2.510155
-4.211980	-2.573642
-4.413179	-2.656712
-4.613747	-2.742940
-4.807365	-2.810533
-5.009829	-2.856016
-5.206606	-2.886338
-5.413490	-2.917608
-5.609320	-2.963722
-5.810520	-3.038580
-6.010456	-3.118176
-6.206601	-3.199350
-6.405274	-3.249887
-6.612159	-3.310531
-6.814937	-3.400549
-7.012346	-3.496253
-7.219547	-3.540157
-7.407796	-3.577428
-7.611207	-3.611856
-7.813669	-3.633650
-8.007288	-3.691767
-8.207856	-3.756833
-8.412213	-3.813371
-8.605516	-3.895494
-8.806716	-3.942556
-9.008862	-4.023099
-9.198376	-4.127646
-9.247965	-4.160180
-9.275444	-4.150704
-9.299765	-4.142176
-9.344300	-4.114381
-9.359777	-4.081216
-9.348722	-4.072056
-9.316821	-4.074899
-9.205641	-4.070477
-9.011390	-4.027836
-8.808927	-3.967824
-8.613097	-3.941293
-8.414741	-3.919814
-8.210698	-3.873068
-8.010447	-3.786524
-7.812406	-3.720194
-7.608364	-3.629860
-7.409376	-3.521837
-7.213546	-3.458667
-7.012346	-3.408446
-6.812726	-3.350960
-6.617844	-3.296001
-6.408748	-3.243570
-6.204074	-3.212300
-6.001927	-3.179451
-5.813678	-3.118176
-5.611531	-3.044581
-5.410648	-2.962143
-5.209764	-2.873704
-5.008881	-2.800426
-4.808629	-2.748941
-4.615010	-2.701563
-4.412863	-2.645973
-4.212612	-2.585013
-4.012991	-2.512366
-3.810213	-2.458987
-3.611540	-2.411609
-3.416974	-2.344964
-3.213563	-2.266000
-3.014575	-2.183246
-2.810849	-2.093227
-2.607123	-2.032583
-2.410029	-1.963411
-2.214200	-1.917296
-2.014895	-1.859811
-1.811485	-1.785585
-1.611549	-1.715465
-1.410034	-1.655769
-1.208835	-1.594809
-1.002582	-1.519004
-0.809279	-1.429617
-0.605868	-1.339598
-0.412565	-1.224943
-0.216420	-1.117553
-0.011114	-0.956151
0.187582	-0.701256
0.386596	-0.392351
0.582451	-0.080286
0.783993	0.198007
0.992483	0.396705
1.188970	0.542017
1.390195	0.643103
1.584787	0.701544
1.781590	0.739451
1.986605	0.793785
2.189410	0.824111
2.388108	0.859807
2.590913	0.879709
2.790874	0.897715
2.985466	0.938149
3.184480	1.001644
3.386969	1.032602
3.586298	1.054715
3.788156	1.078407
3.988433	1.086620
4.180182	1.113155
4.390568	1.145692
4.590529	1.159276
4.787016	1.185179
4.989189	1.176650
5.189466	1.176018
5.383742	1.229721
5.581492	1.279316
5.785876	1.303324
5.991209	1.311538
6.185800	1.343443
6.389236	1.337441
6.584775	1.358290
6.783789	1.384825
6.985962	1.397461
7.187187	1.401883
7.388412	1.378823
7.588058	1.390511
7.788968	1.447372
7.987982	1.477067
8.181310	1.496020
8.385694	1.510867
8.580601	1.517817
8.786249	1.520028
8.989054	1.540877
9.177958	1.566781
9.383290	1.572783
9.584831	1.562042
9.784793	1.530453
9.987598	1.551618
9.779423	1.592684
9.587043	1.597423
9.385818	1.583839
9.177643	1.579417
8.987158	1.538982
8.784353	1.502022
8.585340	1.504549
8.384430	1.497916
8.190154	1.477067
7.986086	1.462535
7.787704	1.393038
7.584268	1.401568
7.390624	1.430946
7.192558	1.412940
6.988173	1.405674
6.784737	1.395882
6.586987	1.354815
6.389236	1.334282
6.186748	1.321330
5.986154	1.305851
5.784929	1.277421
5.584967	1.236354
5.382794	1.196236
5.185676	1.197815
4.991084	1.207292
4.788911	1.190866
4.584843	1.180441
4.382986	1.149167
4.182393	1.114735
3.991592	1.087884
3.788156	1.076196
3.588510	1.047133
3.381914	1.003540
3.191114	0.963105
2.987045	0.915089
2.790874	0.925514
2.586490	0.906876
2.388740	0.869284
2.184988	0.831061
1.985026	0.795997
1.786012	0.745769
1.579417	0.694910
1.393986	0.631731
1.189602	0.520536
0.988693	0.389124
0.785256	0.181580
0.585610	-0.077444
0.382806	-0.394877
0.190110	-0.703151
-0.011114	-0.970996
-0.214524	-1.155455
-0.409723	-1.264425
-0.615660	-1.335492
-0.815912	-1.391083
-1.009846	-1.468151
-1.208519	-1.545220
-1.413193	-1.617235
-1.611233	-1.701252
-1.814644	-1.770424
-2.013000	-1.845913
-2.219253	-1.932457
-2.411293	-2.012685
-2.610281	-2.075855
-2.812744	-2.143132
-3.012996	-2.195880
-3.219881	-2.234414
-3.416026	-2.296322
-3.609329	-2.368968
-3.812424	-2.458039
-4.009517	-2.528475
-4.210716	-2.588171
-4.411916	-2.661134
-4.612799	-2.753047
-4.812735	-2.820009
-5.008881	-2.878758
-5.219556	-2.919819
-5.412543	-2.957721
-5.613111	-2.988991
-5.814310	-3.054689
-6.007297	-3.116280
-6.212918	-3.200929
-6.404326	-3.265680
-6.609316	-3.312110
-6.813042	-3.372123
-7.013610	-3.486778
-7.212282	-3.568900
-7.407480	-3.599538
-7.610259	-3.633966
-7.810195	-3.640599
-8.017079	-3.687345
-8.212910	-3.754938
-8.413161	-3.826321
-8.612149	-3.900863
-8.804505	-3.971930
-9.009810	-4.034785
-9.205956	-4.105853
-9.250492	-4.153231
-9.272918	-4.158600
-9.309557	-4.135543
-9.339247	-4.119434
-9.360093	-4.082795
-9.353145	-4.069530
-9.313347	-4.070161
-9.207220	-4.047735
-9.009179	-4.012360
-8.810506	-3.950768
-8.608675	-3.893914
-8.412846	-3.863908
-8.213857	-3.841482
-8.012026	-3.776732
-7.819355	-3.686398
-7.610575	-3.594800
-7.409060	-3.506045
-7.215441	-3.441295
-7.013294	-3.381282
-6.811779	-3.337379
-6.614686	-3.287473
-6.410012	-3.229672
-6.211655	-3.183873
-6.009824	-3.142812
-5.812099	-3.102383
-5.617217	-3.034158
-5.408437	-2.961512
-5.208817	-2.883180
-5.010460	-2.786528
-4.807365	-2.725568
-4.616273	-2.671241
-4.411916	-2.614703
-4.212296	-2.564167
-4.016466	-2.495942
-3.808949	-2.435298
-3.607750	-2.401817
-3.411288	-2.338015
-3.213563	-2.261578
-3.013943	-2.183878
-2.811165	-2.098597
-2.611861	-2.007947
-2.408766	-1.946039
-2.215779	-1.890133
-2.012053	-1.831384
-1.813064	-1.768213
-1.611549	-1.687038
-1.411929	-1.627026
-1.211046	-1.584702
-1.010162	-1.509528
-0.811174	-1.429617
-0.615028	-1.337387
-0.412565	-1.237577
-0.210418	-1.121027
-0.012378	-0.952361
0.190426	-0.696519
0.385965	-0.392351
0.588453	-0.078391
0.785888	0.194532
0.988061	0.406814
1.189286	0.543912
1.388616	0.635206
1.582576	0.707230
1.784748	0.747349
1.985342	0.789047
2.185935	0.836747
2.388740	0.861071
2.586174	0.899610
2.791506	0.907192
2.984518	0.933411
3.186059	0.989956
3.389496	1.022809
3.585351	1.054083
3.789103	1.077775
3.990012	1.091043
4.183972	1.109996
4.388988	1.143165
4.580105	1.161803
4.786700	1.182020
4.988873	1.184232
5.193889	1.167489
5.384690	1.222455
5.582124	1.279632
5.783033	1.309958
5.986786	1.316276
6.189590	1.338389
6.385129	1.339336
6.590146	1.348813
6.779683	1.382930
6.984067	1.398409
7.187819	1.403463
7.390624	1.393354
7.592165	1.379771
7.785809	1.436948
7.984507	1.479278
8.185732	1.484016
8.384746	1.506761
8.586919	1.524451
8.785301	1.515922
8.986210	1.545932
9.183013	1.553197
9.382027	1.575626
9.587675	1.583523
9.780055	1.559199
9.985703	1.532980
9.782898	1.560463
9.583252	1.593000
9.385186	1.590157
9.178591	1.575942
8.986210	1.554461
8.791935	1.510551
8.584707	1.506761
8.385062	1.502022
8.183205	1.490334
7.984823	1.463799
7.784861	1.416731
7.588058	1.389879
7.389992	1.420205
7.186556	1.416415
6.984383	1.411676
6.786633	1.396829
6.589514	1.370926
6.388288	1.334914
6.193065	1.329859
5.985838	1.311853
5.786824	1.291320
5.582440	1.256572
5.385005	1.198763
5.189150	1.184232
4.988557	1.208871
4.785437	1.196867
4.582316	1.171280
4.384565	1.149167
4.181445	1.119157
3.988749	1.086936
3.788787	1.073353
3.584719	1.049029
3.387285	1.013332
3.185743	0.978900
2.983571	0.918880
2.789611	0.910351
2.591861	0.898978
2.385581	0.874654
2.187199	0.841486
1.982815	0.794733
1.784117	0.749560
1.586050	0.690488
1.386405	0.628888
1.188654	0.529381
0.988377	0.395442
0.782729	0.188846
0.585926	-0.079339
0.385965	-0.396773
0.191057	-0.711995
-0.012062	-0.966574
-0.212945	-1.153876
-0.413829	-1.254949
-0.613449	-1.344968
-0.815596	-1.410666
-1.009846	-1.476363
-1.209782	-1.547431
-1.415088	-1.628289
-1.612497	-1.701252
-1.811169	-1.793797
-2.019633	-1.851599
-2.217358	-1.932142
-2.413820	-2.022476
-2.609650	-2.088174
-2.812112	-2.140290
-3.008574	-2.204724
-3.209773	-2.248312
-3.417290	-2.296638
-3.610593	-2.350965
-3.809581	-2.429612
-4.014255	-2.505102
-4.209769	-2.573958
-4.411916	-2.655133
-4.612167	-2.729674
-4.807682	-2.816218
-5.011092	-2.869598
-5.211028	-2.927399
-5.406857	-2.959616
-5.610584	-2.990886
-5.818732	-3.039212
-6.002559	-3.103646
-6.210076	-3.151024
-6.414118	-3.237884
-6.612159	-3.303582
-6.812410	-3.366437
-7.018032	-3.470669
-7.214809	-3.550264
-7.406848	-3.606487
-7.610891	-3.658287
-7.803878	-3.691452
-8.017712	-3.712298
-8.207224	-3.755886
-8.415056	-3.837692
-8.611518	-3.889808
-8.806400	-3.967824
-9.015496	-4.022467
-9.206903	-4.102378
-9.260915	-4.139649
-9.270391	-4.161443
-9.296290	-4.149125
-9.330087	-4.132069
-9.351250	-4.092587
-9.354724	-4.068266
-9.327560	-4.055316
-9.214484	-4.053105
-9.011074	-4.012676
-8.810190	-3.967824
-8.606780	-3.922973
-8.414425	-3.873699
-8.210382	-3.844009
-8.012658	-3.802316
-7.811142	-3.721142
-7.611838	-3.644389
-7.409060	-3.528786
-7.212282	-3.454561
-7.013926	-3.392337
-6.816201	-3.346854
-6.615001	-3.298213
-6.410327	-3.249887
-6.212286	-3.181031
-6.008876	-3.133652
-5.814942	-3.107121
-5.612795	-3.052162
-5.410964	-2.977304
-5.205027	-2.910975
-5.008249	-2.812428
-4.809893	-2.745151
-4.615958	-2.672189
-4.412548	-2.612176
-4.216086	-2.561640
-4.011728	-2.494678
-3.809265	-2.442247
-3.608066	-2.394553
-3.413815	-2.351280
-3.213879	-2.274844
-3.016154	-2.193038
-2.812112	-2.119759
-2.610913	-2.035426
-2.414136	-1.966254
-2.214200	-1.898977
-2.014264	-1.832963
-1.813064	-1.778320
-1.610602	-1.702199
-1.412877	-1.624815
-1.214836	-1.580595
-1.009530	-1.520583
-0.813701	-1.433723
-0.613449	-1.338651
-0.410986	-1.242947
-0.206312	-1.118184
-0.002586	-0.953940
0.187267	-0.699361
0.388492	-0.397404
0.584031	-0.076496
0.786836	0.193900
0.985850	0.393546
1.188970	0.541385
1.387984	0.633626
1.582260	0.708809
1.791698	0.743558
1.988501	0.784940
2.191937	0.832956
2.391899	0.880025
2.588701	0.907192
2.790874	0.919512
2.981359	0.924882
3.185743	0.970055
3.386021	1.025968
3.586298	1.056294
3.785628	1.074616
3.989381	1.099888
4.184920	1.107469
4.384565	1.139059
4.591793	1.155485
4.787964	1.186443
4.986978	1.207292
5.184728	1.203817
5.386269	1.195604
5.581808	1.261626
5.786192	1.297638
5.987733	1.323542
6.188327	1.343759
6.387657	1.361449
6.586039	1.339968
6.784737	1.387984
6.989437	1.390511
7.184029	1.411360
7.386517	1.425892
7.587111	1.414519
7.789916	1.400620
7.983875	1.456533
8.184468	1.485280
8.383799	1.502970
8.581233	1.524135
8.787196	1.526030
8.987790	1.521924
9.183013	1.555093
9.383607	1.578785
9.584831	1.566465
9.789216	1.576573
9.987282	1.553513
9.781634	1.542773
9.583252	1.581312
9.382975	1.594264
9.181434	1.560779
8.986842	1.550986
8.788775	1.512131
8.584707	1.499179
8.385378	1.503918
8.183205	1.487807
7.985138	1.466010
7.786757	1.442950
7.587111	1.387036
7.389992	1.397461
7.186240	1.416099
6.985646	1.404411
6.783157	1.387352
6.589829	1.375348
6.391448	1.331755
6.188959	1.307747
5.986786	1.315328
5.786192	1.279948
5.583704	1.263837
5.383110	1.223719
5.193889	1.171280
4.993927	1.178861
4.787016	1.190234
4.586739	1.166542
4.384565	1.145061
4.183656	1.124212
3.985274	1.091043
3.792262	1.063244
3.594196	1.040499
3.386969	1.022809
3.184164	0.991536
2.982623	0.932779
2.789611	0.895819
2.588070	0.880972
2.388108	0.869916
2.187199	0.840222
1.982499	0.801683
1.783485	0.758089
1.583839	0.687013
1.393986	0.616884
1.188338	0.538226
0.988693	0.395126
0.787467	0.191057
0.586242	-0.075233
0.383753	-0.398352
0.191373	-0.701256
-0.011746	-0.976682
-0.208523	-1.151665
-0.411618	-1.268847
-0.614396	-1.346231
-0.815596	-1.408455
-1.008267	-1.478890
-1.212625	-1.543956
-1.408139	-1.627342
-1.610286	-1.708832
-1.809274	-1.786217
-2.004788	-1.859179
-2.223044	-1.926456
-2.410345	-2.005420
-2.609334	-2.097018
-2.811165	-2.152924
-3.010785	-2.214200
-3.217038	-2.246417
-3.415079	-2.292532
-3.612488	-2.352228
-3.809265	-2.421716
-4.012676	-2.502891
-4.214822	-2.582486
-4.406862	-2.651342
-4.612799	-2.716408
-4.805470	-2.798215
-5.012355	-2.865492
-5.209764	-2.926768
-5.412227	-2.971935
-5.616585	-3.016154
-5.813678	-3.039844
-6.013930	-3.097961
-6.211655	-3.165869
-6.411275	-3.253993
-6.612790	-3.332957
-6.813042	-3.400549
-7.014241	-3.470037
-7.214493	-3.560056
-7.410955	-3.626385
-7.611207	-3.657339
-7.806721	-3.697768
-8.007604	-3.712298
-8.206277	-3.754938
-8.412846	-3.821268
-8.609939	-3.892019
-8.810190	-3.968772
-9.013917	-4.046156
-9.205324	-4.101431
-9.262810	-4.134595
-9.260915	-4.169339
-9.275128	-4.172814
-9.297554	-4.163654
-9.308293	-4.141544
-9.331666	-4.096061
-9.322190	-4.068582
-9.210378	-4.055316
-9.008547	-4.020572
-8.811138	-3.977616
-8.608991	-3.924236
-8.417583	-3.880648
-8.209119	-3.844009
-8.005077	-3.796947
-7.808300	-3.727143
-7.605521	-3.643126
-7.403374	-3.555634
-7.207229	-3.457403
-7.010135	-3.385388
-6.814305	-3.326639
-6.612159	-3.282104
-6.408116	-3.233778
-6.212286	-3.173134
-6.008876	-3.114701
-5.813678	-3.090380
-5.612479	-3.049951
-5.410648	-2.976673
-5.212923	-2.906237
-5.010460	-2.818114
-4.806102	-2.738518
-4.616590	-2.664924
-4.413811	-2.605228
-4.211032	-2.557218
-4.011728	-2.501627
-3.808634	-2.445089
-3.613751	-2.379076
-3.414763	-2.344332
-3.212616	-2.280845
-3.009521	-2.209146
-2.811165	-2.145343
-2.613124	-2.043638
-2.404660	-1.953304
-2.216727	-1.885395
-2.015211	-1.823803
-1.811169	-1.761580
-1.612181	-1.705042
-1.409402	-1.625447
-1.207571	-1.557854
-1.010794	-1.492788
-0.814332	-1.433723
-0.616607	-1.341493
-0.411934	-1.248001
-0.215156	-1.127976
-0.011114	-0.954572
0.190110	-0.697782
0.385965	-0.397404
0.584347	-0.077128
0.786520	0.184108
0.982691	0.389755
1.193393	0.534435
1.393354	0.643735
1.582576	0.701544
1.783801	0.760616
1.985974	0.787467
2.188462	0.826954
2.387792	0.868968
2.590597	0.898031
2.788031	0.922986
2.984202	0.943520
3.186375	0.958367
3.384442	1.016491
3.585667	1.055346
3.790367	1.078723
3.988117	1.109049
4.181761	1.120737
4.388041	1.119789
4.586107	1.165594
4.788280	1.197815
4.980976	1.197183
5.188519	1.207608
5.381531	1.195288
5.583388	1.226878
5.785561	1.293531
5.983943	1.322278
6.190854	1.338704
6.389868	1.349445
6.592041	1.363344
6.783789	1.367135
6.983435	1.400620
7.185608	1.425576
7.388729	1.414835
7.586163	1.419258
7.789599	1.400936
7.982927	1.441054
8.182889	1.485912
8.389484	1.505497
8.581233	1.521292
8.791303	1.542141
8.981156	1.534244
9.182382	1.547511
9.384870	1.571835
9.584200	1.577521
9.783529	1.592368
9.984123	1.569624
9.787004	1.530137
9.585148	1.555093
9.381395	1.582576
9.179538	1.567412
8.989685	1.542457
8.787828	1.546564
8.582812	1.488439
8.382535	1.499179
8.185101	1.488755
7.980716	1.462535
7.792442	1.450215
7.589006	1.395250
7.387781	1.364608
7.187819	1.392091
6.987857	1.416731
6.784737	1.389248
6.589829	1.376612
6.385129	1.356395
6.188011	1.311222
5.985838	1.299218
5.783981	1.282159
5.581808	1.262890
5.381846	1.230984
5.190098	1.174439
4.988873	1.161803
4.788280	1.169385
4.583263	1.164962
4.384250	1.150115
4.184288	1.129266
3.987170	1.097992
3.787524	1.060401
3.585983	1.045238
3.386337	1.019966
3.184480	0.984270
2.986414	0.945731
2.790243	0.904033
2.586806	0.880025
2.387476	0.863598
2.187199	0.836115
1.985026	0.794101
1.787276	0.755878
1.584155	0.697121
1.387984	0.630783
1.186443	0.530961
0.993747	0.392283
0.785888	0.198007
0.587822	-0.073969
0.384385	-0.394877
0.191057	-0.702520
-0.013957	-0.972260
-0.212945	-1.150401
-0.410986	-1.268215
-0.617871	-1.346231
-0.816859	-1.427090
-1.013952	-1.486471
-1.209150	-1.551853
-1.413508	-1.634291
-1.605548	-1.704726
-1.809274	-1.786848
-2.016791	-1.864549
-2.214200	-1.931826
-2.411925	-2.022160
-2.611229	-2.103651
-2.811796	-2.172823
-3.013943	-2.234414
-3.214195	-2.282424
-3.416026	-2.316852
-3.609329	-2.368968
-3.810844	-2.430876
-4.012360	-2.502259
-4.212296	-2.570800
-4.411600	-2.636813
-4.614378	-2.703143
-4.808945	-2.784001
-5.009829	-2.862017
-5.215450	-2.922346
-5.414438	-2.979199
-5.612163	-3.037317
-5.812415	-3.044266
-6.011719	-3.085958
-6.210707	-3.151340
-6.411275	-3.221460
-6.617212	-3.309899
-6.811147	-3.365805
-7.013294	-3.434030
-7.212598	-3.520574
-7.411271	-3.602696
-7.609312	-3.656392
-7.813354	-3.691452
-8.012658	-3.735987
-8.211015	-3.754938
-8.416320	-3.807054
-8.608359	-3.872436
-8.816192	-3.940345
-9.011074	-4.025626
-9.207536	-4.076478
-9.288710	-4.111222
-9.274813	-4.153231
-9.272285	-4.173761
-9.298185	-4.163338
-9.299449	-4.142807
-9.319348	-4.107116
-9.333562	-4.056579
-9.211957	-4.019309
-9.013285	-3.987091
-8.810822	-3.940029
-8.613413	-3.903390
-8.414425	-3.840219
-8.211646	-3.807370
-8.016132	-3.777680
-7.804825	-3.737882
-7.604574	-3.668394
-7.406217	-3.587535
-7.212914	-3.485830
-7.006345	-3.384125
-6.812726	-3.312742
-6.614054	-3.266627
-6.410012	-3.219249
-6.211339	-3.177556
-6.007613	-3.117544
-5.810835	-3.087538
-5.616269	-3.049319
-5.411911	-2.988675
-5.209133	-2.915397
-5.012987	-2.834222
-4.809577	-2.733780
-4.609641	-2.669662
-4.415074	-2.620389
-4.210084	-2.559745
-4.015518	-2.503838
-3.811476	-2.442247
-3.609961	-2.372759
-3.413815	-2.332645
-3.210721	-2.287478
-3.012680	-2.208830
-2.811165	-2.141869
-2.608702	-2.066380
-2.407187	-1.976993
-2.213568	-1.903083
-2.012369	-1.845282
-1.813696	-1.776425
-1.611865	-1.715781
-1.414772	-1.651979
-1.205992	-1.566066
-1.006688	-1.524373
-0.816227	-1.451095
-0.612185	-1.362972
-0.411934	-1.262846
-0.211050	-1.133030
-0.015220	-0.956783
0.191057	-0.699361
0.391651	-0.393298
0.588769	-0.069547
0.786836	0.196743
0.982375	0.389439
1.187391	0.542649
1.392091	0.637733
1.581944	0.708494
1.785696	0.763775
1.985974	0.785256
2.187831	0.820005
2.388740	0.872443
2.590597	0.895504
2.789927	0.932463
2.985466	0.943520
3.184796	0.969107
3.388232	1.012069
3.586614	1.049345
3.788156	1.079670
3.989697	1.108733
4.184288	1.132109
4.386461	1.127687
4.588002	1.153274
4.786384	1.190550
4.987926	1.206660
5.184728	1.216453
5.379004	1.216453
5.591285	1.209819
5.786824	1.271735
5.991209	1.322910
6.189590	1.350393
6.389552	1.352288
6.590146	1.371873
6.785685	1.357658
6.984067	1.400620
7.186872	1.417046
7.384622	1.416415
7.591533	1.430314
7.794022	1.399672
7.982927	1.415467
8.186048	1.475171
8.386642	1.503918
8.585340	1.514974
8.787196	1.540246
8.983051	1.549091
9.183329	1.530137
9.382659	1.565833
9.582305	1.587946
9.786057	1.580996
9.985703	1.586366
9.784477	1.530453
9.582305	1.530769
9.387397	1.565833
9.182697	1.566781
8.984631	1.553513
8.788460	1.534244
8.587551	1.504233
8.386642	1.490966
8.185416	1.494125
7.985455	1.470117
7.793706	1.449268
7.587427	1.413572
7.386201	1.359238
7.184344	1.376928
6.987857	1.402515
6.784737	1.396197
6.587618	1.379139
6.389868	1.359238
6.184536	1.317224
5.985522	1.295111
5.784613	1.289425
5.583072	1.260994
5.389744	1.226246
5.188519	1.194024
4.986030	1.158644
4.787332	1.161171
4.581684	1.163383
4.386145	1.140322
4.185552	1.120105
3.989381	1.103363
3.788787	1.064823
3.586614	1.042711
3.387285	1.015860
3.186691	0.988377
2.987361	0.957735
2.788979	0.916037
2.591229	0.864546
2.389056	0.858860
2.185935	0.836747
1.986921	0.802946
1.782221	0.755878
1.581944	0.705651
1.388616	0.619727
1.186443	0.538226
0.990588	0.390071
0.791890	0.190110
0.592876	-0.071442
0.390071	-0.391087
0.186635	-0.693992
-0.010167	-0.966258
-0.214209	-1.150717
-0.414145	-1.265373
-0.613765	-1.354444
-0.818123	-1.427722
-1.009215	-1.492472
-1.203781	-1.550589
-1.408771	-1.607759
-1.611233	-1.690197
-1.814960	-1.779584
-2.013316	-1.855389
-2.210093	-1.921402
-2.412241	-1.987732
-2.610913	-2.073328
-2.815903	-2.163031
-3.014575	-2.216727
-3.211353	-2.280845
-3.411920	-2.316537
-3.604591	-2.367389
-3.812108	-2.428981
-4.012991	-2.505102
-4.212927	-2.574274
-4.416969	-2.656712
-4.614378	-2.712302
-4.807682	-2.785897
-5.010144	-2.878442
-5.208817	-2.953931
-5.410964	-3.001941
-5.609320	-3.043634
-5.811467	-3.061953
-6.011403	-3.099856
-6.211023	-3.157657
-6.411591	-3.210405
-6.611211	-3.294422
-6.813358	-3.368964
-7.010767	-3.416658
-7.215756	-3.508572
-7.408428	-3.598274
-7.615944	-3.662077
-7.811142	-3.702506
-8.011395	-3.751148
-8.211962	-3.779575
-8.414109	-3.814319
-8.608991	-3.872752
-8.807980	-3.940029
-9.009179	-4.016150
-9.210378	-4.085006
-9.291868	-4.103642
-9.295027	-4.131121
-9.282709	-4.162706
-9.283656	-4.177236
-9.289342	-4.159864
-9.299449	-4.130489
-9.310820	-4.084374
-9.215432	-4.037312
-9.009810	-3.988355
-8.809243	-3.946978
-8.609939	-3.902127
-8.414741	-3.844009
-8.210698	-3.788419
-8.013289	-3.752095
-7.812406	-3.719878
-7.611522	-3.656708
-7.407165	-3.559108
-7.213546	-3.485830
-7.012978	-3.387284
-6.813042	-3.327587
-6.610895	-3.284315
-6.410012	-3.222407
-6.212286	-3.180715
-6.010456	-3.117544
-5.813363	-3.081220
-5.613426	-3.044897
-5.410964	-3.005100
-5.209764	-2.945719
-5.012671	-2.856016
-4.809261	-2.776737
-4.618484	-2.690508
-4.413495	-2.628285
-4.210716	-2.571747
-4.011412	-2.502891
-3.808949	-2.452354
-3.610277	-2.382234
-3.414763	-2.319063
-3.213248	-2.278002
-3.016470	-2.212620
-2.805164	-2.154187
-2.607754	-2.062274
-2.403081	-1.973203
-2.214200	-1.887606
-2.014264	-1.828857
-1.809906	-1.771687
-1.614076	-1.708832
-1.414772	-1.641555
-1.206624	-1.568909
-1.010162	-1.499105
-0.813701	-1.438777
-0.612817	-1.362024
-0.413829	-1.262530
-0.211366	-1.140926
-0.010798	-0.958678
0.188846	-0.697150
0.387544	-0.390140
0.583083	-0.060387
0.785256	0.190426
0.981427	0.373013
1.187075	0.529697
1.390827	0.631099
1.584155	0.703755
1.786644	0.753667
1.981235	0.800735
2.185303	0.819057
2.384949	0.862966
2.589965	0.903085
2.790559	0.934675
2.984518	0.952681
3.185112	0.957735
3.388864	0.985850
3.586614	1.040815
3.786892	1.086304
3.990960	1.104310
4.189658	1.131477
4.385197	1.143797
4.585159	1.147588
4.788911	1.183284
4.987926	1.195920
5.186939	1.224035
5.385953	1.235091
5.586231	1.217085
5.783350	1.259099
5.991209	1.316592
6.183904	1.345970
6.390184	1.349445
6.588882	1.376928
6.785685	1.369662
6.985014	1.397461
7.187187	1.414835
7.382727	1.430946
7.590901	1.435368
7.789916	1.423996
7.981032	1.407254
8.183837	1.451163
8.379692	1.506129
8.589446	1.527610
8.787512	1.536455
8.982736	1.553513
9.181749	1.547827
9.383923	1.567412
9.583568	1.578785
9.784793	1.588262
9.987598	1.584471
9.782582	1.554145
9.589570	1.508656
9.382343	1.541509
9.179854	1.574362
8.986210	1.557304
8.784038	1.533296
8.586287	1.519396
8.387273	1.484332
8.183205	1.481489
7.984191	1.475171
7.788968	1.458113
7.588058	1.436948
7.384938	1.387984
7.184029	1.364292
6.984383	1.384193
6.786633	1.387984
6.589829	1.377875
6.388920	1.362397
6.187379	1.333650
5.986470	1.291004
5.786824	1.281843
5.587178	1.266364
5.380899	1.240777
5.197364	1.205397
4.983819	1.164014
4.788911	1.137479
4.585475	1.149483
4.389936	1.144745
4.183972	1.125791
3.990644	1.108417
3.786892	1.074932
3.587246	1.037025
3.383494	1.023125
3.187639	0.989640
2.981359	0.953944
2.789611	0.916037
2.587754	0.856964
2.384633	0.844329
2.189094	0.825375
1.981235	0.794101
1.785380	0.750824
1.591421	0.708178
1.383562	0.629836
1.186127	0.538858
0.988061	0.392283
0.785888	0.195796
0.585926	-0.070495
0.380910	-0.399931
0.190110	-0.704731
-0.009219	-0.968153
-0.215156	-1.139347
-0.415092	-1.266636
-0.611870	-1.371500
-0.813701	-1.434039
-1.010478	-1.499737
-1.212309	-1.561328
-1.413193	-1.607127
-1.611549	-1.684196
-1.813380	-1.764107
-2.009210	-1.859179
-2.213252	-1.918560
-2.410661	-1.978572
-2.609334	-2.061326
-2.814008	-2.144080
-3.012680	-2.212936
-3.213563	-2.262841
-3.414447	-2.320959
-3.612488	-2.368337
-3.810529	-2.412556
-4.010149	-2.472253
-4.210401	-2.553112
-4.411284	-2.635550
-4.605850	-2.716408
-4.807682	-2.780527
-5.007617	-2.855069
-5.211975	-2.943192
-5.416649	-3.003520
-5.608373	-3.051846
-5.815889	-3.090696
-6.007613	-3.115649
-6.211339	-3.160500
-6.411275	-3.232515
-6.614054	-3.289053
-6.811779	-3.378440
-7.013926	-3.442242
-7.214177	-3.499412
-7.406533	-3.592905
-7.611838	-3.675975
-7.810827	-3.735039
-8.018343	-3.778311
-8.213857	-3.812108
-8.413477	-3.822531
-8.611834	-3.864224
-8.810506	-3.947609
-9.011074	-4.034785
-9.205641	-4.104273
-9.274813	-4.123857
-9.287447	-4.139018
-9.279866	-4.164917
-9.276076	-4.181973
-9.278287	-4.166497
-9.282393	-4.148809
-9.294080	-4.105537
-9.213536	-4.037312
-9.010126	-3.982353
-8.813981	-3.939081
-8.601411	-3.904653
-8.418530	-3.860118
-8.206593	-3.806107
-8.006657	-3.757781
-7.810195	-3.718931
-7.607732	-3.672184
-7.410639	-3.590694
-7.213861	-3.512046
-7.012978	-3.401497
-6.813674	-3.323481
-6.612474	-3.264732
-6.412222	-3.214827
-6.209128	-3.176924
-6.011719	-3.116280
-5.808625	-3.075219
-5.609320	-3.024998
-5.404963	-2.987412
-5.211975	-2.928978
-5.009512	-2.854437
-4.809261	-2.788739
-4.618484	-2.693035
-4.415706	-2.595120
-4.212612	-2.531949
-4.012991	-2.476359
-3.810844	-2.426138
-3.607434	-2.374338
-3.419501	-2.321590
-3.213563	-2.270106
-3.016154	-2.217674
-2.810849	-2.152292
-2.610281	-2.064801
-2.406555	-1.981099
-2.215779	-1.887922
-2.008262	-1.811801
-1.810222	-1.757790
-1.612813	-1.694303
-1.408139	-1.636818
-1.210098	-1.561644
-1.009846	-1.494051
-0.817175	-1.434671
-0.615344	-1.356023
-0.410986	-1.273269
-0.210734	-1.145032
-0.007324	-0.964363
0.192321	-0.699045
0.384069	-0.378453
0.587506	-0.061335
0.783993	0.191689
0.987429	0.380594
1.188654	0.523379
1.386089	0.631731
1.584787	0.704703
1.792646	0.751139
1.981235	0.811791
2.187831	0.819373
2.388108	0.862335
2.586174	0.901506
2.789295	0.940045
2.986729	0.957419
3.179741	0.976689
3.385705	0.976373
3.589458	1.021862
3.789419	1.080302
3.986222	1.107469
4.184604	1.125159
4.385513	1.151695
4.586422	1.154222
4.786700	1.181705
4.988557	1.206976
5.187887	1.230352
5.385005	1.230352
5.584335	1.231932
5.787140	1.237934
5.986154	1.286898
6.188011	1.341547
6.389552	1.366503
6.587303	1.370294
6.787580	1.389248
6.985646	1.379139
7.184029	1.414519
7.386201	1.433473
7.588690	1.445793
7.785493	1.446741
7.985770	1.426207
8.181625	1.430630
8.388221	1.484016
8.589446	1.516237
8.782458	1.552565
8.987790	1.558883
9.177643	1.563938
9.382659	1.561095
9.579461	1.577205
9.786689	1.595211
9.991073	1.593948
9.781634	1.585103
9.583568	1.520976
9.382659	1.519396
9.181434	1.556356
8.987790	1.550354
8.787512	1.531400
8.591025	1.517501
8.389169	1.485596
8.186048	1.473908
7.981980	1.468537
7.792758	1.459376
7.587742	1.432209
7.384938	1.402199
7.187187	1.350077
6.983435	1.366187
6.784105	1.389879
6.589829	1.375980
6.391448	1.348813
6.191802	1.345654
5.987733	1.301429
5.784297	1.285002
5.586546	1.269839
5.378688	1.254045
5.188203	1.222771
4.988241	1.184548
4.784489	1.133057
4.584527	1.143797
4.384565	1.141586
4.183341	1.123580
3.992540	1.107469
3.784681	1.100204
3.588194	1.035761
3.387916	1.009226
3.182269	0.996274
2.984518	0.957735
2.790243	0.924566
2.587122	0.875602
2.389688	0.829797
2.185935	0.820320
1.982499	0.794417
1.784433	0.749560
1.584471	0.701544
1.386089	0.635838
1.187707	0.532224
0.988061	0.391967
0.785572	0.204957
0.585926	-0.060703
0.385965	-0.396141
0.186319	-0.701572
-0.010482	-0.964679
-0.211050	-1.141242
-0.413513	-1.256213
-0.614080	-1.357602
-0.816543	-1.435302
-1.008583	-1.498473
-1.207571	-1.568593
-1.413193	-1.612497
-1.612181	-1.678510
