# Configuration automatically generated by WRITE_CONFIG()
connection eth
ip 192.168.0.10
samplehz 1000.000000
settleus 10.000000
nsample 128

# Analog Inputs
aichannel 0
ainegative 199
airange 10.000000
airesolution 0

aichannel 1
ainegative 199
airange 10.000000
airesolution 0

# Analog Outputs
aochannel 0
aosignal triangle
aofrequency 5.000000
aoamplitude 2.000000
aooffset 2.500000
aoduty 0.500000

# Meta Parameters
int:periods 10
flt:tip_T_C 335.451649
flt:plate_T_C 325.228326
flt:plate_Q_kW 1.118287
flt:cool_Thigh_C 51.443910
flt:cool_Tlow_C 11.725746
flt:air_psig 20.000000
flt:water_gph 6.000000
flt:standoff_in 0.228000
flt:oxygen_scfh 16.132812
flt:fuel_scfh 8.882469
flt:flow_scfh 25.015281
flt:ratio_fto 0.550584

## End Configuration ##
#: Wed Apr  5 17:25:22 2017
-7.414745	-3.777048
-9.145944	-4.321897
-9.163947	-4.293154
-9.166790	-4.273255
-9.147207	-4.272308
-9.096670	-4.292207
-9.004441	-4.304841
-8.809875	-4.256831
-8.609623	-4.178499
-8.413161	-4.101115
-8.216700	-4.037312
-8.014237	-3.996567
-7.808616	-3.934975
-7.610259	-3.851274
-7.408112	-3.789682
-7.212282	-3.743883
-7.015505	-3.697137
-6.805461	-3.657971
-6.612159	-3.594168
-6.411275	-3.457719
-6.209760	-3.338326
-6.013930	-3.272944
-5.812415	-3.228724
-5.608373	-3.194296
-5.412543	-3.108700
-5.210712	-3.005100
-5.007617	-2.931190
-4.807997	-2.883811
-4.612799	-2.850331
-4.409073	-2.820956
-4.212296	-2.756206
-4.008254	-2.675979
-3.808002	-2.580591
-3.612172	-2.496574
-3.419185	-2.435930
-3.215143	-2.377181
-3.012048	-2.310851
-2.812428	-2.223991
-2.610281	-2.135868
-2.410029	-2.080593
-2.213568	-2.033847
-2.016475	-1.980151
-1.812433	-1.901819
-1.607443	-1.818750
-1.411929	-1.717676
-1.209150	-1.621657
-1.008267	-1.555011
-0.815912	-1.475100
-0.613133	-1.391399
-0.410038	-1.295695
-0.209471	-1.175986
-0.012378	-0.989947
0.190741	-0.712627
0.384701	-0.414145
0.590349	-0.112188
0.782729	0.145253
0.988061	0.320258
1.188338	0.442194
1.389248	0.494633
1.584787	0.546439
1.784433	0.590349
1.984710	0.635522
2.188147	0.677220
2.386529	0.721445
2.589333	0.728711
2.791506	0.735977
2.985150	0.745453
3.182269	0.769777
3.386021	0.806737
3.586614	0.833588
3.787524	0.838327
3.991276	0.868652
4.186499	0.901506
4.384565	0.911614
4.587054	0.929936
4.789543	0.954892
4.987609	0.951733
5.188835	0.989324
5.379319	1.003856
5.584020	0.989008
5.786192	0.989008
5.988050	1.001328
6.188327	1.024705
6.389236	1.080618
6.588882	1.120105
6.784737	1.123264
6.985331	1.101151
7.191926	1.111576
7.388729	1.115367
7.588690	1.168753
7.789284	1.184548
7.981664	1.189918
8.185101	1.147904
8.379060	1.094202
8.586603	1.154853
8.788144	1.238882
8.985894	1.280580
9.183329	1.280580
9.378236	1.260363
9.581673	1.176334
9.785741	1.173807
9.992969	1.250570
9.784162	1.290688
9.584831	1.276789
9.379816	1.224982
9.182065	1.155485
8.988421	1.153274
8.786249	1.210767
8.585340	1.237618
8.384746	1.231932
8.187628	1.211715
7.983243	1.147272
7.787072	1.108733
7.590270	1.101783
7.385885	1.118841
7.188135	1.129898
6.984699	1.080302
6.790739	1.060401
6.592673	1.070825
6.389552	1.059453
6.189590	1.067351
5.989629	1.073353
5.784613	1.053135
5.585915	1.002908
5.383742	0.999749
5.189782	0.974793
4.984766	0.935306
4.788911	0.943835
4.592424	0.902453
4.387093	0.904665
4.185867	0.911298
3.986854	0.887290
3.790051	0.844329
3.591985	0.826954
3.379703	0.813055
3.185428	0.793785
2.978516	0.789363
2.793086	0.752719
2.591545	0.707546
2.382106	0.669007
2.188462	0.634890
1.986290	0.636154
1.783485	0.624150
1.585103	0.583083
1.386721	0.510427
1.189286	0.414711
0.991220	0.287721
0.789679	0.134196
0.588769	-0.103975
0.385333	-0.414776
0.196428	-0.731263
-0.013325	-0.985525
-0.212945	-1.164931
-0.410670	-1.291904
-0.606816	-1.386977
-0.814964	-1.464045
-1.010794	-1.559749
-1.210098	-1.661454
-1.408771	-1.764107
-1.613128	-1.829489
-1.813064	-1.893291
-2.012053	-1.960253
-2.212936	-2.034478
-2.410661	-2.111863
-2.611229	-2.173139
-2.812744	-2.220517
-3.016154	-2.298533
-3.220196	-2.373706
-3.412552	-2.470042
-3.613120	-2.567957
-3.813371	-2.631759
-4.014571	-2.702511
-4.212612	-2.743888
-4.411916	-2.777368
-4.615642	-2.848752
-4.807997	-2.926768
-5.010776	-2.982674
-5.211659	-3.025630
-5.411595	-3.099224
-5.619112	-3.182926
-5.813678	-3.288105
-6.014562	-3.383493
-6.210707	-3.426450
-6.412539	-3.435293
-6.613106	-3.488989
-6.812726	-3.552475
-7.015189	-3.656076
-7.216073	-3.726195
-7.408112	-3.764414
-7.612154	-3.781154
-7.810511	-3.851590
-8.012658	-3.965613
-8.211962	-4.074267
-8.411898	-4.152915
-8.611518	-4.198398
-8.809243	-4.232510
-9.013600	-4.243881
-9.111199	-4.278309
-9.110884	-4.314317
-9.125097	-4.322845
-9.142469	-4.312421
-9.158262	-4.306105
-9.143733	-4.306420
-9.113095	-4.333268
-9.055294	-4.373697
-9.032236	-4.376540
-8.998440	-4.333584
-8.809875	-4.224930
-8.610887	-4.114065
-8.414109	-4.021204
-8.208172	-3.977300
-8.011395	-3.909391
-7.808616	-3.831691
-7.610891	-3.767572
-7.408112	-3.734092
-7.214177	-3.719563
-7.008556	-3.690188
-6.815885	-3.603960
-6.614369	-3.530050
-6.411275	-3.433398
-6.208812	-3.366121
-6.014562	-3.317480
-5.814942	-3.247992
-5.612795	-3.145339
-5.415386	-3.092591
-5.212291	-3.035106
-5.008565	-2.983621
-4.808945	-2.947930
-4.613431	-2.885391
-4.410652	-2.797267
-4.214191	-2.703774
-4.010780	-2.640603
-3.808002	-2.590383
-3.611540	-2.542057
-3.413815	-2.467199
-3.213248	-2.391710
-3.009837	-2.308956
-2.811796	-2.235994
-2.613440	-2.193353
-2.409082	-2.145343
-2.217358	-2.072381
-2.014895	-1.972571
-1.812117	-1.858863
-1.614392	-1.761580
-1.408771	-1.685459
-1.215468	-1.618182
-1.009846	-1.550273
-0.813385	-1.463413
-0.615660	-1.374342
-0.409407	-1.289378
-0.210734	-1.183882
-0.012378	-0.982999
0.191373	-0.717681
0.384701	-0.414145
0.586558	-0.107450
0.783993	0.129774
0.990904	0.290564
1.191181	0.388176
1.390827	0.509480
1.584471	0.584347
1.779694	0.624781
1.984078	0.658266
2.189094	0.655423
2.387476	0.662689
2.594072	0.681643
2.789295	0.749244
2.983255	0.780202
3.186691	0.799787
3.385705	0.801683
3.585035	0.808632
3.789735	0.844960
3.983379	0.881288
4.185236	0.925514
4.390883	0.946047
4.590845	0.946679
4.787964	0.946363
4.990137	0.945731
5.191678	0.947942
5.384374	0.979532
5.585599	0.996906
5.786192	0.989324
5.984890	1.044922
6.188327	1.077775
6.385761	1.057558
6.590146	1.080934
6.784737	1.112839
6.981855	1.100204
7.187503	1.125475
7.388729	1.144745
7.585847	1.121053
7.791179	1.109996
7.987666	1.118841
8.182889	1.168753
8.388853	1.220560
8.582812	1.246463
8.787512	1.235407
8.987473	1.194340
9.182697	1.188338
9.385502	1.215189
9.582305	1.257835
9.785741	1.273630
9.987914	1.263521
9.785741	1.227509
9.587675	1.145377
9.382027	1.184548
9.183961	1.265417
8.981788	1.283423
8.786565	1.262890
8.587867	1.219296
8.389800	1.119473
8.188259	1.115682
7.991140	1.155485
7.787704	1.192445
7.588374	1.160540
7.387465	1.120737
7.189399	1.059453
6.985331	1.044922
6.786001	1.087884
6.584775	1.108101
6.394290	1.103047
6.193381	1.080934
5.982679	1.028495
5.784929	1.005435
5.586863	0.980795
5.383110	0.992483
5.189782	0.992167
4.988557	0.945099
4.787016	0.925829
4.588634	0.920459
4.382670	0.910982
4.184288	0.889186
3.991592	0.891397
3.788471	0.856964
3.588194	0.826638
3.384757	0.816214
3.188271	0.779570
2.983886	0.743242
2.790559	0.738188
2.584911	0.702492
2.395690	0.688908
2.186567	0.686697
1.985026	0.654160
1.784433	0.583715
1.583523	0.559707
1.389248	0.504425
1.191181	0.422608
0.993115	0.315836
0.787783	0.138935
0.586874	-0.131139
0.383437	-0.427410
0.193269	-0.719260
-0.015852	-0.998791
-0.211366	-1.173775
-0.410038	-1.301380
-0.614712	-1.400874
-0.813385	-1.506054
-1.013005	-1.598283
-1.209466	-1.672825
-1.413193	-1.747998
-1.610602	-1.811169
-1.812433	-1.865180
-2.011421	-1.941933
-2.214515	-2.031636
-2.413188	-2.080277
-2.609334	-2.127024
-2.814008	-2.206935
-3.012048	-2.291900
-3.212616	-2.383498
-3.416342	-2.479833
-3.611540	-2.541109
-3.808634	-2.590698
-4.012044	-2.647552
-4.211032	-2.717356
-4.417285	-2.800426
-4.615642	-2.856648
-4.807050	-2.923925
-5.008249	-2.980463
-5.209448	-3.048687
-5.413175	-3.141233
-5.612795	-3.252414
-5.819048	-3.323797
-6.009824	-3.371807
-6.209444	-3.426765
-6.415697	-3.488357
-6.613738	-3.559740
-6.810831	-3.619121
-7.016452	-3.653233
-7.214809	-3.655128
-7.410955	-3.725248
-7.611207	-3.801369
-7.808300	-3.890124
-8.012658	-3.983617
-8.213541	-4.023415
-8.410003	-4.042366
-8.613097	-4.086270
-8.810822	-4.152599
-9.008231	-4.263148
-9.079615	-4.314632
-9.114042	-4.313369
-9.148155	-4.293154
-9.158262	-4.298208
-9.129835	-4.332320
-9.092880	-4.361063
-9.084036	-4.366433
-9.084668	-4.350324
-9.077403	-4.323476
-9.009179	-4.267254
-8.810190	-4.184500
-8.606780	-4.142807
-8.417268	-4.070161
-8.214173	-4.009833
-8.010131	-3.968140
-7.809879	-3.904653
-7.610891	-3.866119
-7.400532	-3.855696
-7.211967	-3.800421
-7.012031	-3.677238
-6.817780	-3.572374
-6.613106	-3.469406
-6.409380	-3.400234
-6.211655	-3.362647
-6.009192	-3.307056
-5.812731	-3.224934
-5.616585	-3.158921
-5.412543	-3.095434
-5.210396	-3.051214
-5.010776	-3.002573
-4.803576	-2.938138
-4.618169	-2.874020
-4.411600	-2.800742
-4.209137	-2.741677
-4.012044	-2.693667
-3.811792	-2.617862
-3.608698	-2.530370
-3.418237	-2.454565
-3.209773	-2.396448
-3.010469	-2.333909
-2.811796	-2.277371
-2.614703	-2.199986
-2.409082	-2.091332
-2.214200	-1.990575
-2.015211	-1.910663
-1.811169	-1.831068
-1.614708	-1.790955
-1.410666	-1.722730
-1.205992	-1.639976
-1.011110	-1.535428
-0.814648	-1.472257
-0.614080	-1.414140
-0.411934	-1.325385
-0.208839	-1.193358
-0.017747	-0.979840
0.191057	-0.717681
0.385649	-0.424884
0.584663	-0.123874
0.792838	0.130090
0.984270	0.318047
1.188338	0.450407
1.391775	0.522431
1.584155	0.576134
1.786328	0.588138
1.985658	0.604564
2.187831	0.654476
2.388740	0.705651
2.589649	0.735029
2.793402	0.746401
2.988941	0.731554
3.186375	0.735977
3.385705	0.791574
3.588826	0.853805
3.787208	0.897083
3.998542	0.907192
4.185236	0.896451
4.385513	0.877497
4.587370	0.896767
4.786068	0.950785
4.988557	0.985218
5.190414	0.989956
5.384374	0.974793
5.586231	0.991220
5.786192	1.013648
5.987733	1.035445
6.188011	1.077775
6.388920	1.110628
6.590777	1.094202
6.788212	1.089147
6.983119	1.098940
7.187187	1.089779
7.387465	1.131477
7.588690	1.146008
7.785809	1.130845
7.983243	1.180441
8.186048	1.214242
8.382535	1.183284
8.584707	1.202870
8.782458	1.212978
8.986210	1.198447
9.184592	1.224982
9.381711	1.251202
9.587043	1.212978
9.790164	1.201290
9.986335	1.197499
9.788268	1.213926
9.582621	1.259731
9.382027	1.275525
9.184277	1.255940
8.981788	1.209503
8.789723	1.167173
8.587867	1.173175
8.384114	1.230984
8.184468	1.224666
7.980400	1.187391
7.789284	1.130214
7.588374	1.049976
7.385885	1.070509
7.186872	1.146324
6.989121	1.158012
6.782842	1.131161
6.592041	1.112839
6.386393	1.015860
6.188011	1.004487
5.989629	1.039868
5.781770	1.055031
5.585599	1.028495
5.384690	0.992483
5.190098	0.935306
4.988557	0.917932
4.788911	0.927093
4.592424	0.937202
4.386461	0.940992
4.184920	0.924566
3.990328	0.865809
3.788471	0.840854
3.590721	0.803578
3.386337	0.800103
3.188586	0.787783
2.989257	0.751455
2.793086	0.734713
2.587122	0.727763
2.388108	0.686065
2.186567	0.666164
1.983762	0.650369
1.786644	0.602669
1.577521	0.557812
1.387352	0.511375
1.182968	0.421345
0.992799	0.285194
0.791258	0.114927
0.588453	-0.117557
0.385333	-0.412881
0.190741	-0.720523
-0.007324	-0.993422
-0.210418	-1.183882
-0.415092	-1.322226
-0.615028	-1.424563
-0.814332	-1.513318
-1.003845	-1.585649
-1.209466	-1.636818
-1.408771	-1.696198
-1.613444	-1.782426
-1.810853	-1.866444
-2.010789	-1.934037
-2.221148	-2.014264
-2.411293	-2.078066
-2.610281	-2.157978
-2.807374	-2.274528
-3.014575	-2.352860
-3.211353	-2.425506
-3.411288	-2.489309
-3.608698	-2.535424
-3.806107	-2.574274
-4.009517	-2.621968
-4.213559	-2.683244
-4.412863	-2.729674
-4.612484	-2.805795
-4.810524	-2.888865
-5.008249	-2.976673
-5.212607	-3.080589
-5.412859	-3.177872
-5.611847	-3.223987
-5.817784	-3.249255
-6.011403	-3.277366
-6.212603	-3.349697
-6.412539	-3.446348
-6.608368	-3.504781
-6.814621	-3.565741
-7.014241	-3.627333
-7.214809	-3.701243
-7.409376	-3.807686
-7.609627	-3.896441
-7.808931	-3.949505
-8.013289	-3.958980
-8.212277	-3.991829
-8.413793	-4.043629
-8.611518	-4.140913
-8.808611	-4.240091
-9.009810	-4.283679
-9.114042	-4.275783
-9.126361	-4.294102
-9.109304	-4.331373
-9.094775	-4.357904
-9.080878	-4.384752
-9.082457	-4.375592
-9.105199	-4.342743
-9.125730	-4.300103
-9.117201	-4.266307
-9.008547	-4.233774
-8.809243	-4.175972
-8.607728	-4.114381
-8.414741	-4.052157
-8.209435	-4.020888
-8.008867	-3.991197
-7.810827	-3.965297
-7.607416	-3.914129
-7.410955	-3.835797
-7.215441	-3.736619
-7.013610	-3.642810
-6.812095	-3.556897
-6.609316	-3.519311
-6.410644	-3.440979
-6.205338	-3.368332
-6.010456	-3.321270
-5.809888	-3.260942
-5.612479	-3.203456
-5.415070	-3.169660
-5.210080	-3.100487
-5.010144	-2.996887
-4.812419	-2.901499
-4.615326	-2.818114
-4.410652	-2.742624
-4.212296	-2.689245
-4.017097	-2.637761
-3.812740	-2.556270
-3.605855	-2.482676
-3.419816	-2.444458
-3.213248	-2.400554
-3.009521	-2.348438
-2.811481	-2.258735
-2.610281	-2.171559
-2.412556	-2.068275
-2.212936	-2.005736
-2.006683	-1.933405
-1.813696	-1.847177
-1.610286	-1.763791
-1.409718	-1.711043
-1.210098	-1.646293
-1.008899	-1.573647
-0.818123	-1.508265
-0.612817	-1.415719
-0.413829	-1.308329
-0.212313	-1.167458
-0.008271	-0.982999
0.187267	-0.720208
0.384701	-0.415092
0.588453	-0.113767
0.784308	0.142094
0.987745	0.320890
1.188654	0.427979
1.386089	0.495896
1.583839	0.550230
1.784748	0.594455
1.983446	0.647526
2.189410	0.671850
2.392531	0.672797
2.595020	0.666480
2.785188	0.699333
2.983255	0.766302
3.185428	0.818109
3.385073	0.839274
3.585035	0.858860
3.788787	0.843697
3.989381	0.831693
4.183656	0.885395
4.383934	0.936886
4.583580	0.949522
4.789543	0.957103
4.995507	0.916669
5.191362	0.921091
5.384690	0.971002
5.586231	1.032918
5.785876	1.064823
5.988681	1.083461
6.186116	1.040815
6.390500	1.023441
6.590777	1.033550
6.784737	1.090727
6.990701	1.127055
7.183712	1.145692
7.386201	1.106837
7.585847	1.128950
7.788020	1.143797
7.985770	1.154222
8.183205	1.205713
8.382851	1.230352
8.590394	1.196552
8.790671	1.200658
8.985894	1.203817
9.183645	1.181389
9.382343	1.227509
9.587043	1.230984
9.785741	1.215505
9.986335	1.269839
9.785110	1.273946
9.587675	1.222455
9.379499	1.233195
9.183329	1.234459
8.983367	1.200974
8.786880	1.222455
8.587867	1.220560
8.383166	1.176334
8.183837	1.131793
7.981348	1.099572
7.789599	1.110628
7.586795	1.179493
7.382095	1.179493
7.185292	1.144113
6.987857	1.098624
6.786001	1.043658
6.593620	1.059453
6.390500	1.093886
6.188011	1.084093
5.986154	1.064507
5.785245	1.015860
5.589705	0.916669
5.385322	0.964685
5.185044	1.013648
4.990452	1.010489
4.788911	0.975425
4.586107	0.943204
4.386145	0.871180
4.179550	0.840538
3.991908	0.862966
3.788787	0.868337
3.585983	0.849383
3.385705	0.799787
3.190798	0.744190
2.983571	0.747980
2.791190	0.738504
2.586806	0.739135
2.390003	0.715127
2.188462	0.679115
1.988501	0.627940
1.787276	0.605196
1.580364	0.548019
1.389248	0.495580
1.188654	0.429874
0.984902	0.296882
0.786520	0.124403
0.581504	-0.123874
0.385965	-0.422673
0.192321	-0.723050
-0.013641	-0.998791
-0.210102	-1.199359
-0.411302	-1.328544
-0.617871	-1.414140
-0.814964	-1.476995
-1.008267	-1.538903
-1.212625	-1.625447
-1.411929	-1.715781
-1.611549	-1.806747
-1.815275	-1.867391
-2.013948	-1.937511
-2.220201	-2.037637
-2.409714	-2.128287
-2.610281	-2.214515
-2.814323	-2.284951
-3.012048	-2.329803
-3.210405	-2.359809
-3.416026	-2.404976
-3.606487	-2.493731
-3.815898	-2.586592
-4.012044	-2.645973
-4.218613	-2.706617
-4.413811	-2.784317
-4.617221	-2.877810
-4.808629	-2.973514
-5.007617	-3.058479
-5.213554	-3.105225
-5.407805	-3.163343
-5.613111	-3.210721
-5.814942	-3.264100
-6.007929	-3.339274
-6.213866	-3.413184
-6.410644	-3.459614
-6.615633	-3.513309
-6.813042	-3.586272
-7.012031	-3.655760
-7.217652	-3.743252
-7.408428	-3.830112
-7.612786	-3.877490
-7.811142	-3.878753
-8.012658	-3.896757
-8.214173	-3.936870
-8.413793	-4.012991
-8.609623	-4.069845
-8.809243	-4.128910
-9.014864	-4.211348
-9.123202	-4.263464
-9.127625	-4.295050
-9.111199	-4.329478
-9.126361	-4.330425
-9.153209	-4.314001
-9.160789	-4.298840
-9.168685	-4.276098
-9.134573	-4.283363
-9.099197	-4.295365
-9.010126	-4.229668
-8.810506	-4.148493
-8.608991	-4.115960
-8.413477	-4.100483
-8.209751	-4.069530
-8.013289	-4.038576
-7.813037	-3.958033
-7.610575	-3.825058
-7.404322	-3.708508
-7.219547	-3.611224
-7.014557	-3.569847
-6.809567	-3.545842
-6.613106	-3.485830
-6.410959	-3.411920
-6.209128	-3.355382
-6.012035	-3.336431
-5.813678	-3.295370
-5.612479	-3.233462
-5.414754	-3.144075
-5.210712	-3.056268
-5.001932	-2.959932
-4.805470	-2.887602
-4.613747	-2.840539
-4.408757	-2.781790
-4.212296	-2.702511
-4.010465	-2.637761
-3.814319	-2.578696
-3.611224	-2.517736
-3.416342	-2.466252
-3.218617	-2.401817
-3.012996	-2.313378
-2.814639	-2.235994
-2.604596	-2.162400
-2.405607	-2.079646
-2.216411	-1.998787
-2.013632	-1.923613
-1.811801	-1.839912
-1.611549	-1.781163
-1.410350	-1.716413
-1.208519	-1.656401
-1.010794	-1.591966
-0.814016	-1.500053
-0.613449	-1.415088
-0.413513	-1.309908
-0.212629	-1.182303
-0.012378	-0.983946
0.195796	-0.706626
0.387228	-0.425199
0.585610	-0.119136
0.786520	0.130721
0.987429	0.320258
1.188338	0.430822
1.390511	0.508532
1.578785	0.564130
1.781590	0.597930
1.989448	0.610250
2.187515	0.638997
2.389372	0.663005
2.587122	0.706598
2.790243	0.766618
2.983886	0.785572
3.184796	0.788731
3.387916	0.789679
3.586298	0.809580
3.788787	0.864546
3.989697	0.894240
4.183024	0.917616
4.382354	0.900242
4.588634	0.873707
4.786384	0.898978
4.989505	0.962789
5.190098	1.020282
5.385322	1.036077
5.585599	1.036709
5.784297	1.002592
5.984574	0.974477
6.187695	1.046501
6.389236	1.104626
6.591725	1.104310
6.782842	1.109680
6.987542	1.052503
7.183081	1.048081
7.386201	1.122948
7.591849	1.178546
7.786757	1.204765
7.989245	1.215189
8.184468	1.173491
8.386957	1.138111
8.587234	1.153906
8.789092	1.197499
8.986526	1.240145
9.186488	1.223719
9.385502	1.185811
9.586727	1.218980
9.785110	1.236039
9.986650	1.245515
9.783529	1.286898
9.585148	1.290057
9.388029	1.239829
9.187752	1.233511
8.990001	1.215189
8.784669	1.166542
8.586287	1.183916
8.380008	1.168121
8.184784	1.142534
7.988297	1.166542
7.788652	1.184548
7.588058	1.140954
7.387465	1.114419
7.185292	1.113155
6.984699	1.097360
6.784737	1.103047
6.587934	1.111260
6.389868	1.056610
6.185800	1.016176
5.987102	0.984270
5.785561	1.012069
5.585283	1.037972
5.383742	1.034497
5.181569	1.004171
4.988873	0.965632
4.784489	0.916984
4.581052	0.906876
4.386145	0.917932
4.185552	0.910982
3.988117	0.880025
3.790998	0.828218
3.588510	0.764723
3.386021	0.769461
3.184480	0.802946
2.984202	0.795365
2.787715	0.775463
2.590913	0.733765
2.389688	0.663952
2.188147	0.630468
1.986290	0.624781
1.784433	0.604880
1.585103	0.564445
1.388616	0.487367
1.193393	0.397337
0.989956	0.298146
0.786520	0.116822
0.586558	-0.129560
0.388176	-0.425515
0.188846	-0.731578
-0.009851	-0.993738
-0.205996	-1.172511
-0.413197	-1.297274
-0.612817	-1.380659
-0.818123	-1.463413
-1.009215	-1.554064
-1.211993	-1.627974
-1.406244	-1.695567
-1.605864	-1.766318
-1.810853	-1.857600
-2.012685	-1.951725
-2.213884	-2.048060
-2.410029	-2.115969
-2.609018	-2.164926
-2.813376	-2.213252
-3.011417	-2.278634
-3.215143	-2.365494
-3.416026	-2.448880
-3.610593	-2.516788
-3.816530	-2.585329
-4.010780	-2.634918
-4.216086	-2.724621
-4.413495	-2.823167
-4.612167	-2.920450
-4.809261	-2.990570
-5.010144	-3.029104
-5.205974	-3.067639
-5.412543	-3.095750
-5.606478	-3.195876
-5.807993	-3.275155
-6.004455	-3.324429
-6.209444	-3.382862
-6.411275	-3.421712
-6.609948	-3.503834
-6.811463	-3.618805
-7.012978	-3.721458
-7.213546	-3.774521
-7.412218	-3.821268
-7.610575	-3.847168
-7.812722	-3.877490
-8.009500	-3.941924
-8.211646	-4.014886
-8.413793	-4.061317
-8.609623	-4.117223
-8.808927	-4.204083
-9.008862	-4.283363
-9.064137	-4.337374
-9.073929	-4.356641
-9.099197	-4.351903
-9.137732	-4.323161
-9.169002	-4.299471
-9.165526	-4.288101
-9.154788	-4.288416
-9.157314	-4.264411
-9.138995	-4.239775
-9.013285	-4.218613
-8.806716	-4.168708
-8.608359	-4.158285
-8.414741	-4.135227
-8.212594	-4.062896
-8.018974	-3.992145
-7.811774	-3.934975
-7.608995	-3.848747
-7.414113	-3.790314
-7.213230	-3.716088
-7.010767	-3.605855
-6.812726	-3.512994
-6.610263	-3.492463
-6.409380	-3.471301
-6.211339	-3.430240
-6.009508	-3.387284
-5.812415	-3.327903
-5.615637	-3.228409
-5.412227	-3.129546
-5.209448	-3.062269
-5.010776	-3.000362
-4.807365	-2.937507
-4.615010	-2.868966
-4.413811	-2.779895
-4.211348	-2.709775
-4.017729	-2.665872
-3.811476	-2.630180
-3.603960	-2.569220
-3.414447	-2.468147
-3.210721	-2.367073
-3.013312	-2.273264
-2.812428	-2.204724
-2.611861	-2.169980
-2.410029	-2.103966
-2.214200	-2.019949
-2.018370	-1.945407
-1.811169	-1.871182
-1.613760	-1.808958
-1.414456	-1.760001
-1.210098	-1.683564
-1.010478	-1.591650
-0.815596	-1.512687
-0.609659	-1.422668
-0.414460	-1.315593
-0.214524	-1.186409
-0.012693	-0.985841
0.191373	-0.716417
0.381542	-0.422357
0.586242	-0.107450
0.787783	0.146200
0.989008	0.306359
1.188970	0.426715
1.389879	0.492737
1.578153	0.550862
1.790750	0.597614
1.987869	0.610882
2.187831	0.647526
2.388108	0.700912
2.590913	0.702492
2.791190	0.736924
2.982307	0.783045
3.184796	0.795365
3.388232	0.819373
3.588510	0.845592
3.788156	0.856648
3.990960	0.850962
4.189026	0.866757
4.391831	0.890133
4.585475	0.952365
4.782909	0.992799
4.986030	0.992167
5.191994	0.977004
5.384058	0.973530
5.586231	0.979532
5.787140	1.020598
5.986154	1.059137
6.190854	1.068930
6.389552	1.045238
6.587934	1.007962
6.789791	1.023441
6.984067	1.114419
7.186240	1.169385
7.385885	1.184548
7.588690	1.182020
7.783913	1.136847
7.988297	1.101151
8.185101	1.163067
8.384114	1.224982
8.583760	1.231932
8.784353	1.218032
8.987790	1.166857
9.184277	1.152010
9.386450	1.206660
9.584516	1.276789
9.787952	1.314381
9.984439	1.315960
9.784162	1.248674
9.579778	1.200342
9.382343	1.183600
9.194069	1.201606
8.987158	1.249622
8.790356	1.216137
8.586287	1.165594
8.385378	1.173807
8.184468	1.162435
7.986718	1.151063
7.796233	1.178861
7.588058	1.185811
7.386517	1.134004
7.184660	1.111576
6.985331	1.103678
6.786001	1.049345
6.589829	1.058190
6.390816	1.047133
6.187379	1.038288
5.987733	1.060401
5.784613	1.069246
5.587494	1.000065
5.383742	0.989324
5.190730	0.974793
4.985714	0.948258
4.789859	0.958051
4.585791	0.941940
4.384250	0.900874
4.189658	0.844329
3.989697	0.812423
3.795105	0.840854
3.588510	0.862335
3.392023	0.839906
3.185743	0.801999
2.987677	0.760616
2.792138	0.710705
2.589333	0.713864
2.387476	0.711337
2.187515	0.682590
1.985974	0.638049
1.788223	0.595403
1.580996	0.528117
1.391459	0.491474
1.189918	0.425136
0.986481	0.316468
0.785572	0.134512
0.586874	-0.111872
0.384385	-0.419830
0.193585	-0.719260
-0.010482	-1.003213
-0.211682	-1.180092
-0.411618	-1.317173
-0.613449	-1.413508
-0.813701	-1.488050
-1.009530	-1.566382
-1.211361	-1.638397
-1.408139	-1.723362
-1.611865	-1.817802
-1.814960	-1.903083
-2.009210	-1.990891
-2.212936	-2.043322
-2.407819	-2.090069
-2.615019	-2.130498
-2.811796	-2.218937
-3.018365	-2.330434
-3.213879	-2.392342
-3.413499	-2.466883
-3.609645	-2.521842
-3.809265	-2.592593
-4.012676	-2.675347
-4.211348	-2.776421
-4.413811	-2.851594
-4.615010	-2.887918
-4.813367	-2.924241
-5.010776	-2.961512
-5.209133	-3.038580
-5.406542	-3.126388
-5.612163	-3.192086
-5.814942	-3.254625
-6.009824	-3.299476
-6.212286	-3.381282
-6.412222	-3.472248
-6.612159	-3.562899
-6.815569	-3.629228
-7.012662	-3.676922
-7.214177	-3.714509
-7.413797	-3.766309
-7.610259	-3.859170
-7.810827	-3.950452
-8.013921	-3.995935
-8.212910	-4.035417
-8.414741	-4.073951
-8.610570	-4.145966
-8.810822	-4.251146
-8.998440	-4.336111
-9.074561	-4.328530
-9.126992	-4.301682
-9.166790	-4.277993
-9.179740	-4.273571
-9.160473	-4.303577
-9.132047	-4.319686
-9.131099	-4.312737
-9.112463	-4.313685
-9.079615	-4.318738
-9.005704	-4.314317
-8.806716	-4.263780
-8.604569	-4.197134
-8.414741	-4.123857
-8.208172	-4.046156
-8.006972	-3.993408
-7.812090	-3.946978
-7.608048	-3.882544
-7.415377	-3.776100
-7.216388	-3.678185
-7.008872	-3.621016
-6.817148	-3.573006
-6.608368	-3.553107
-6.404326	-3.516784
-6.205022	-3.413815
-6.008245	-3.309583
-5.816837	-3.228724
-5.614058	-3.163658
-5.411911	-3.126072
-5.213554	-3.072061
-5.010144	-2.978252
-4.806102	-2.895182
-4.611536	-2.843382
-4.412231	-2.797267
-4.218928	-2.758101
-4.006359	-2.706933
-3.805475	-2.631128
-3.605223	-2.525001
-3.413184	-2.417294
-3.215143	-2.358861
-3.012680	-2.304850
-2.810217	-2.228413
-2.610281	-2.152924
-2.410029	-2.062274
-2.216095	-1.998787
-2.014895	-1.953304
-1.811801	-1.904031
-1.612813	-1.835174
-1.410666	-1.751157
-1.206939	-1.670614
-1.011741	-1.568277
-0.813385	-1.488998
-0.615028	-1.413193
-0.409723	-1.316541
-0.206312	-1.186409
-0.013641	-0.994369
0.191373	-0.718944
0.385649	-0.405932
0.580872	-0.112503
0.787152	0.129774
0.986797	0.306675
1.185495	0.435244
1.389564	0.524643
1.582260	0.545176
1.786328	0.581188
1.985974	0.617200
2.184040	0.654476
2.387792	0.706282
2.589965	0.737240
2.790559	0.750508
2.984518	0.759037
3.187323	0.774516
3.387285	0.792206
3.585667	0.830113
3.787840	0.859807
3.992540	0.859491
4.184604	0.910667
4.386777	0.932779
4.584843	0.933727
4.787964	0.940045
4.987926	0.989324
5.189150	0.992167
5.383426	1.004171
5.585599	1.029759
5.785245	1.015544
5.986470	0.997222
6.185168	1.018387
6.393343	1.038288
6.588250	1.093886
6.784421	1.147272
6.984067	1.142534
7.185608	1.125791
7.388412	1.106206
7.589006	1.108733
7.786125	1.164330
7.985770	1.202238
8.187943	1.201290
8.385062	1.181073
8.591025	1.104310
8.785933	1.117578
8.990949	1.228457
9.182697	1.288161
9.379499	1.291952
9.583252	1.287529
9.781003	1.231300
9.985387	1.172544
9.789216	1.212662
9.579145	1.262574
9.382027	1.259731
9.188383	1.232564
8.983684	1.185179
8.785617	1.146324
8.586603	1.175703
8.385378	1.219296
8.184468	1.218664
7.984191	1.193077
7.788336	1.128950
7.586163	1.106521
7.392835	1.079670
7.192242	1.100520
6.985014	1.128950
6.786001	1.087252
6.589829	1.056926
6.391131	1.068298
6.183589	1.054083
5.986786	1.035129
5.786824	1.056610
5.584020	1.045554
5.383110	0.998485
5.187571	0.990588
4.994559	0.957103
4.788596	0.921091
4.587370	0.903717
4.387093	0.880341
4.183972	0.873075
3.989697	0.894872
3.784997	0.871495
3.585351	0.824427
3.394866	0.799787
3.180373	0.782413
2.983886	0.775779
2.790559	0.759669
2.586174	0.735661
2.388424	0.690488
2.183408	0.629520
1.987553	0.592560
1.786644	0.588453
1.584787	0.574238
1.387984	0.532856
1.186443	0.435244
0.989324	0.302884
0.790310	0.120613
0.585610	-0.109029
0.386912	-0.419830
0.190426	-0.724630
-0.010798	-0.988368
-0.211682	-1.179776
-0.412881	-1.306434
-0.613765	-1.410982
-0.816227	-1.497526
-1.009530	-1.579964
-1.209782	-1.672193
-1.407507	-1.761896
-1.610917	-1.845282
-1.815591	-1.912559
-2.014580	-1.974150
-2.214515	-2.045849
-2.413188	-2.102071
-2.610281	-2.176929
-2.811165	-2.239468
-3.011417	-2.282740
-3.217354	-2.346859
-3.417606	-2.412556
-3.609329	-2.506997
-3.814319	-2.603017
-4.010780	-2.668083
-4.212927	-2.721462
-4.413811	-2.757469
-4.614063	-2.816218
-4.813051	-2.889181
-5.007933	-2.991518
-5.206606	-3.068902
-5.413490	-3.103962
-5.614690	-3.164922
-5.816205	-3.268522
-6.010140	-3.347170
-6.207233	-3.447296
-6.413486	-3.521837
-6.606789	-3.567005
-6.809252	-3.601433
-7.014873	-3.643126
-7.214177	-3.711666
-7.415377	-3.784944
-7.612786	-3.835165
-7.809247	-3.865487
-8.014237	-3.927395
-8.211015	-4.012991
-8.411582	-4.132384
-8.606780	-4.207242
-8.811769	-4.251462
-9.007600	-4.272308
-9.133942	-4.253988
-9.156683	-4.260937
-9.116885	-4.322213
-9.104251	-4.358221
-9.115937	-4.350008
-9.125097	-4.329793
-9.136468	-4.307368
-9.130783	-4.291259
-9.081510	-4.309263
-9.003178	-4.308947
-8.812717	-4.219876
-8.607411	-4.128910
-8.413793	-4.047420
-8.211330	-3.960875
-8.012974	-3.905601
-7.813037	-3.848431
-7.611522	-3.795052
-7.408744	-3.750832
-7.212914	-3.712614
-7.013610	-3.660814
-6.813042	-3.607434
-6.607105	-3.526259
-6.411907	-3.439715
-6.209128	-3.352540
-6.005402	-3.303582
-5.812415	-3.265995
-5.612795	-3.203456
-5.411280	-3.111542
-5.210080	-3.027209
-5.010776	-2.968776
-4.809261	-2.920450
-4.615326	-2.898341
-4.412548	-2.850962
-4.208821	-2.761891
-4.016782	-2.656080
-3.807054	-2.567325
-3.604591	-2.495310
-3.414763	-2.456144
-3.213879	-2.398027
-3.014891	-2.303902
-2.812112	-2.207567
-2.612176	-2.154503
-2.409082	-2.107125
-2.214200	-2.044586
-2.015843	-1.981731
-1.811169	-1.893923
-1.615971	-1.787164
-1.412877	-1.683564
-1.208203	-1.609654
-1.010162	-1.554064
-0.813701	-1.481101
-0.618502	-1.405612
-0.410986	-1.302643
-0.208523	-1.176933
-0.011746	-0.989316
0.189794	-0.703151
0.384701	-0.405616
0.586242	-0.100185
0.786836	0.138303
0.984270	0.316784
1.194656	0.414711
1.387352	0.469045
1.585419	0.548019
1.786012	0.608671
1.982499	0.654476
2.186883	0.689224
2.388740	0.709441
2.584911	0.695542
2.790559	0.708178
2.986414	0.759353
3.180689	0.810212
3.389496	0.832009
3.582508	0.835168
3.787524	0.844644
3.990328	0.865809
4.179865	0.888870
4.386777	0.935622
4.588318	0.965000
4.787016	0.957103
4.986030	0.963105
5.187571	0.982059
5.381531	0.959630
5.590022	0.993115
5.786508	1.021546
5.988365	1.008594
6.185168	1.041131
6.389552	1.093570
6.592041	1.067351
6.786316	1.073984
6.984067	1.118526
7.184344	1.123896
7.394099	1.137163
7.587111	1.164014
7.789284	1.151379
7.983875	1.124843
8.184468	1.121684
8.385378	1.160540
8.587234	1.206660
8.786565	1.256256
8.988421	1.259099
9.180170	1.214242
9.386450	1.182336
9.585148	1.192761
9.783214	1.257519
9.985071	1.294163
9.782582	1.281843
9.585148	1.235091
9.381711	1.140322
9.182065	1.151063
8.988106	1.242041
8.783722	1.276789
8.585971	1.258151
8.383799	1.225930
8.181941	1.153274
7.985138	1.092306
7.787072	1.133057
7.587742	1.161171
7.386201	1.151379
7.187503	1.127687
6.983435	1.078407
6.783473	1.055978
6.592041	1.069246
6.389868	1.091043
6.187695	1.104942
5.987733	1.083145
5.785245	1.014912
5.585283	0.993115
5.385953	0.966896
5.187571	0.958998
4.990768	0.965316
4.788911	0.938149
4.584527	0.901190
4.382670	0.922671
4.186815	0.884447
3.988433	0.860439
3.790998	0.869916
3.593564	0.850331
3.385389	0.809264
3.187639	0.795997
2.989888	0.769777
2.787084	0.717655
2.588701	0.705966
2.387161	0.671218
2.184672	0.659214
1.985026	0.645630
1.786012	0.617516
1.587630	0.550230
1.393670	0.491158
1.194024	0.426399
0.989324	0.298146
0.787783	0.132301
0.586874	-0.117557
0.385649	-0.423304
0.190741	-0.711680
-0.012693	-0.988368
-0.212629	-1.186725
-0.411934	-1.308961
-0.615660	-1.406875
-0.814016	-1.492156
-1.007951	-1.581543
-1.208203	-1.676299
-1.403717	-1.750525
-1.606495	-1.812433
-1.807695	-1.857916
-2.006052	-1.922350
-2.213568	-2.002577
-2.409714	-2.091016
-2.609965	-2.163031
-2.813692	-2.228729
-3.008258	-2.307377
-3.218933	-2.392973
-3.414763	-2.488677
-3.611224	-2.567009
-3.815266	-2.635234
-4.013307	-2.681664
-4.207242	-2.732201
-4.409705	-2.786844
-4.612167	-2.857911
-4.811156	-2.917924
-5.010776	-2.976041
-5.209133	-3.052162
-5.411911	-3.125440
-5.612479	-3.213879
-5.817153	-3.307688
-6.010771	-3.352855
-6.211023	-3.391074
-6.412222	-3.430871
-6.606789	-3.492463
-6.814621	-3.590378
-7.010451	-3.689872
-7.212914	-3.742620
-7.409376	-3.771363
-7.608995	-3.836429
-7.812406	-3.933396
-8.012658	-4.015203
-8.206908	-4.110590
-8.416320	-4.164602
-8.612149	-4.184185
-8.807032	-4.205347
-9.013917	-4.245144
-9.101092	-4.289364
-9.110568	-4.314632
-9.135204	-4.309895
-9.185426	-4.273571
-9.212589	-4.253041
-9.173739	-4.276730
-9.120675	-4.319370
-9.101408	-4.330425
-9.103304	-4.293154
-9.010126	-4.224930
-8.809559	-4.128594
-8.610254	-4.073951
-8.413161	-4.080900
-8.212277	-4.024678
-8.010447	-3.914129
-7.813669	-3.821899
-7.609943	-3.760939
-7.408112	-3.722721
-7.215441	-3.723984
-7.013610	-3.685134
-6.811147	-3.609013
-6.613422	-3.530997
-6.409380	-3.454561
-6.205654	-3.381914
-6.008876	-3.319691
-5.812731	-3.260626
-5.610899	-3.178504
-5.409069	-3.114701
-5.211028	-3.064480
-5.006354	-3.027525
-4.811472	-2.965934
-4.613747	-2.891392
-4.410652	-2.797267
-4.212296	-2.711987
-4.009201	-2.637129
-3.813371	-2.580275
-3.609013	-2.515525
-3.414131	-2.434982
-3.215143	-2.373075
-3.009521	-2.320643
-2.807374	-2.259367
-2.604280	-2.200302
-2.412872	-2.145028
-2.214515	-2.043006
-2.014264	-1.960253
-1.813064	-1.878762
-1.612813	-1.789059
-1.416667	-1.727784
-1.209782	-1.647557
-1.008267	-1.542377
-0.814964	-1.452990
-0.614080	-1.370868
-0.416356	-1.301064
-0.211682	-1.180408
-0.010482	-0.997528
0.190426	-0.718628
0.387228	-0.415408
0.585610	-0.118189
0.787783	0.119981
0.983638	0.285510
1.188338	0.427031
1.385457	0.523695
1.585419	0.583399
1.787276	0.614041
1.985026	0.627940
2.188778	0.626361
2.385897	0.669954
2.589649	0.730922
2.791190	0.751455
2.982939	0.771989
3.188586	0.771989
3.391075	0.748296
3.591037	0.794733
3.790051	0.868968
3.990328	0.908455
4.185236	0.936254
4.378880	0.943204
4.584843	0.909403
4.789543	0.905612
4.986978	0.961526
5.188835	1.003540
5.379635	1.012385
5.585915	0.990588
5.787456	0.992483
5.986470	1.015860
6.189275	1.044922
6.388288	1.092622
6.586355	1.119473
6.786948	1.106206
6.986910	1.097360
7.186240	1.121369
7.388412	1.111576
7.587427	1.129582
7.787072	1.161171
7.983243	1.137163
8.182573	1.176334
8.386326	1.212031
8.587867	1.181389
8.785933	1.191813
8.988106	1.243304
9.186172	1.218032
9.382343	1.246147
9.584831	1.273630
9.781950	1.235723
9.987598	1.203501
9.782898	1.183600
9.583252	1.204449
9.383923	1.253729
9.177958	1.282791
8.988106	1.255940
8.787196	1.192129
8.588814	1.163067
8.385378	1.157381
8.182573	1.175703
7.982612	1.190866
7.790231	1.179493
7.585531	1.137163
7.386833	1.044922
7.187187	1.047133
6.987542	1.132109
6.784105	1.141270
6.590461	1.132741
6.390500	1.099888
6.188643	1.041131
5.982363	0.982375
5.790299	1.010173
5.586863	1.044922
5.384058	1.020914
5.188519	0.990588
4.989820	0.913825
4.785752	0.896767
4.586739	0.914141
4.385513	0.922355
4.183972	0.926145
3.984010	0.899610
3.786892	0.837063
3.593248	0.810212
3.391707	0.769777
3.186691	0.775463
2.981675	0.774200
2.790559	0.739135
2.587754	0.708178
2.388740	0.688592
2.184040	0.658898
1.987237	0.626677
1.787276	0.605196
1.583207	0.575186
1.387036	0.506953
1.183284	0.425767
0.989324	0.297198
0.789047	0.112084
0.586874	-0.121979
0.386281	-0.420777
0.189478	-0.723050
-0.010482	-0.993106
-0.210418	-1.175986
-0.412565	-1.294747
-0.612501	-1.402769
-0.813701	-1.508896
-1.007319	-1.583438
-1.209466	-1.638081
-1.408771	-1.703147
-1.613444	-1.766634
-1.813696	-1.852862
-2.014895	-1.943196
-2.215463	-2.006367
-2.408134	-2.063537
-2.609650	-2.144396
-2.811481	-2.227466
-3.011101	-2.330750
-3.213563	-2.420768
-3.414447	-2.479517
-3.607750	-2.538898
-3.810529	-2.566693
-4.006042	-2.606807
-4.208189	-2.686402
-4.412548	-2.776421
-4.618801	-2.848436
-4.807997	-2.910659
-5.010144	-2.976989
-5.215450	-3.055636
-5.411280	-3.139969
-5.610899	-3.237253
-5.812415	-3.302634
-6.007297	-3.334852
-6.212918	-3.378440
-6.407801	-3.434978
-6.610263	-3.497517
-6.812726	-3.560056
-7.014241	-3.600169
-7.215441	-3.669342
-7.408428	-3.753043
-7.611838	-3.849379
-7.806089	-3.967824
-8.012974	-4.036996
-8.206277	-4.079005
-8.418215	-4.107748
-8.608675	-4.132384
-8.808611	-4.197134
-9.006968	-4.285258
-9.096039	-4.299156
-9.144049	-4.279572
-9.155735	-4.287153
-9.137100	-4.317791
-9.108673	-4.353798
-9.072665	-4.384436
-9.069507	-4.378119
-9.084036	-4.350008
-9.100145	-4.300103
-9.008862	-4.216086
-8.810822	-4.144071
-8.608991	-4.101115
-8.413793	-4.020572
-8.214173	-3.939081
-8.012341	-3.880648
-7.812090	-3.861697
-7.608680	-3.852537
-7.409376	-3.814319
-7.212282	-3.745778
-7.011083	-3.662077
-6.808620	-3.564162
-6.604262	-3.497517
-6.409380	-3.468774
-6.205654	-3.408762
-6.007297	-3.319691
-5.815258	-3.243570
-5.612479	-3.202193
-5.413490	-3.154499
-5.212291	-3.121334
-5.008565	-3.055005
-4.810524	-2.959616
-4.613747	-2.868019
-4.413811	-2.780211
-4.210084	-2.706301
-4.011096	-2.630812
-3.810213	-2.567325
-3.616278	-2.499416
-3.415079	-2.447932
-3.215775	-2.396764
-3.006363	-2.334540
-2.805480	-2.265684
-2.604596	-2.168401
-2.410029	-2.078066
-2.215463	-1.994997
-2.012685	-1.921718
-1.816223	-1.857916
-1.612181	-1.789375
-1.411929	-1.705042
-1.210730	-1.621341
-1.008583	-1.553432
-0.813385	-1.486471
-0.616291	-1.411613
-0.410038	-1.319700
-0.213261	-1.186409
-0.012693	-0.985210
0.191373	-0.713575
0.383122	-0.419514
0.585294	-0.114399
0.792838	0.129774
0.990272	0.315836
1.188970	0.442194
1.391143	0.501898
1.583839	0.557812
1.784748	0.594771
1.983446	0.630783
2.186567	0.675641
2.385897	0.692067
2.595967	0.709441
2.789927	0.707546
2.984202	0.718286
3.189218	0.784308
3.383178	0.845276
3.587246	0.874970
3.785628	0.877182
3.986538	0.874339
4.183972	0.852226
4.385829	0.901190
4.582000	0.943835
4.786700	0.971950
4.987294	0.977952
5.186624	0.943520
5.383742	0.921407
5.586231	0.974477
5.791879	1.045238
5.988997	1.097360
6.193065	1.090727
6.389236	1.089779
6.589198	1.049660
6.781262	1.046185
6.985331	1.103678
7.182765	1.131793
7.384622	1.151695
7.594692	1.111260
7.787072	1.138427
7.982927	1.160856
8.184784	1.172544
8.384430	1.220244
8.587867	1.241409
8.784353	1.207292
8.986842	1.197815
9.183329	1.206660
9.382659	1.183600
9.585779	1.214242
9.781003	1.245831
9.986335	1.228773
9.787637	1.255308
9.582305	1.281211
9.382975	1.235407
9.177643	1.218980
8.986842	1.246463
8.788775	1.208240
8.582180	1.199079
8.384746	1.201606
8.180362	1.164646
7.981980	1.116630
7.794970	1.085041
7.587742	1.103363
7.387149	1.158012
7.185292	1.168121
6.984383	1.138111
6.786001	1.087252
6.588250	1.036393
6.390184	1.036393
6.183273	1.066087
5.994999	1.063876
5.786192	1.057558
5.583388	1.009542
5.384690	0.932463
5.183148	0.929620
4.988873	0.983006
4.793334	0.993747
4.585159	0.973846
4.383934	0.940992
4.184920	0.867705
3.988433	0.829481
3.785628	0.832956
3.588826	0.842433
3.385389	0.832009
3.185743	0.791890
2.978516	0.738188
2.794665	0.706914
2.588070	0.701228
2.386845	0.709757
2.189410	0.694278
1.986290	0.647526
1.784117	0.591928
1.583523	0.546755
1.387036	0.488946
1.191813	0.414395
0.990272	0.318679
0.784308	0.134512
0.585926	-0.118821
0.387228	-0.429621
0.190110	-0.723050
-0.009851	-0.990579
-0.211050	-1.181671
-0.412565	-1.307697
-0.612817	-1.416983
-0.815596	-1.498789
-1.008583	-1.566698
-1.211046	-1.641871
-1.411613	-1.716413
-1.610602	-1.803589
-1.815907	-1.882868
-2.014895	-1.933721
-2.216727	-1.998787
-2.409398	-2.079330
-2.610913	-2.185457
-2.816850	-2.286215
-3.009206	-2.374022
-3.212932	-2.445089
-3.415710	-2.489941
-3.609961	-2.524369
-3.811792	-2.594805
-4.011412	-2.672821
-4.211664	-2.737886
-4.414758	-2.792845
-4.608377	-2.852226
-4.806418	-2.915713
-5.008565	-3.002573
-5.203447	-3.103646
-5.414438	-3.140285
-5.612795	-3.191138
-5.814942	-3.252098
-6.009508	-3.302003
-6.208180	-3.388231
-6.410959	-3.484251
-6.613422	-3.545211
-6.807673	-3.595747
-7.017400	-3.655760
-7.215441	-3.736303
-7.407165	-3.828848
-7.609943	-3.910655
-7.812406	-3.951084
-8.011079	-3.965613
-8.213225	-4.005727
-8.412213	-4.082795
-8.602042	-4.176920
-8.810190	-4.231879
-9.014233	-4.269781
-9.099197	-4.292523
-9.121939	-4.304209
-9.129519	-4.317791
-9.118780	-4.333584
-9.150050	-4.315896
-9.177214	-4.275783
-9.169002	-4.269781
-9.148787	-4.271992
-9.103935	-4.284942
-9.003493	-4.307368
-8.813349	-4.241354
-8.606149	-4.158600
-8.406528	-4.104905
-8.212910	-4.048367
-8.012974	-3.983933
-7.807036	-3.970035
-7.608995	-3.874331
-7.409060	-3.747674
-7.216388	-3.637756
-7.016452	-3.574269
-6.816201	-3.543316
-6.612159	-3.497201
-6.410959	-3.403708
-6.212286	-3.339274
-6.008876	-3.288737
-5.818100	-3.268206
-5.611531	-3.233146
-5.414438	-3.182294
-5.211028	-3.097329
-5.009829	-3.005731
-4.807997	-2.910975
-4.614378	-2.830748
-4.411284	-2.798531
-4.212927	-2.728095
-4.012044	-2.643446
-3.808949	-2.572379
-3.609329	-2.509524
-3.416342	-2.453933
-3.213563	-2.413188
-3.011101	-2.350017
-2.813692	-2.258419
-2.610913	-2.164926
-2.410029	-2.076487
-2.215463	-1.994049
-2.013948	-1.914770
-1.815907	-1.843071
-1.613760	-1.757474
-1.411297	-1.699041
-1.215783	-1.656085
-1.008267	-1.593861
-0.811490	-1.509844
-0.615976	-1.411297
-0.410670	-1.306434
-0.210734	-1.172827
-0.011114	-0.986789
0.190426	-0.717049
0.384069	-0.420777
0.586242	-0.118189
0.787467	0.121876
0.987429	0.309202
1.187707	0.442194
1.386405	0.514850
1.584155	0.558443
1.781274	0.606775
1.985658	0.630152
2.189094	0.634574
2.385581	0.683222
2.588386	0.700280
2.788663	0.735029
2.982623	0.799156
3.183532	0.823479
3.384442	0.811791
3.587246	0.829481
3.783101	0.852542
3.990012	0.880025
4.185552	0.917932
4.384881	0.934359
4.587370	0.917300
4.786700	0.895188
4.989820	0.912878
5.188203	0.984270
5.380583	1.036709
5.584967	1.053451
5.788720	1.053767
5.986786	1.022493
6.192118	0.976689
6.392711	1.037025
6.591409	1.102415
6.783157	1.115051
6.985331	1.126423
7.185292	1.075248
7.391256	1.032918
7.592797	1.115682
7.788336	1.183916
7.983875	1.216137
8.181941	1.232564
8.386009	1.210135
8.584392	1.154538
8.786249	1.158012
8.987158	1.196867
9.181749	1.244884
9.384870	1.254045
9.576934	1.205713
9.784477	1.219928
9.988862	1.233511
9.785741	1.246779
9.584831	1.285634
9.379816	1.277421
9.182065	1.225930
8.992212	1.208556
8.783405	1.202238
8.586919	1.155485
8.386326	1.172544
8.184468	1.165594
7.983875	1.140006
7.791179	1.141270
7.587111	1.167805
7.389044	1.129266
7.187503	1.102731
6.989753	1.170016
6.779683	1.101467
6.589198	1.099256
6.394290	1.075880
6.195909	1.043342
5.987733	1.014280
5.783981	0.975741
5.584967	0.984902
5.383110	1.015860
5.185360	1.026600
4.987926	0.987745
4.784805	0.929936
4.583895	0.889186
4.394042	0.869916
4.180813	0.903401
3.989697	0.905612
3.789103	0.867389
3.585983	0.816214
3.386653	0.749876
3.181005	0.749560
2.984518	0.778306
2.792770	0.764723
2.587754	0.751139
2.393162	0.709125
2.190358	0.649421
1.984078	0.613725
1.785064	0.598562
1.583523	0.567288
1.389248	0.514534
1.185179	0.424820
0.988061	0.287089
0.787467	0.120297
0.584663	-0.120084
0.387228	-0.419830
0.188846	-0.727788
-0.012062	-1.000686
-0.206944	-1.194621
-0.414460	-1.320963
-0.615028	-1.403085
-0.820018	-1.473837
-1.010794	-1.548694
-1.203149	-1.646609
-1.414456	-1.723993
-1.612497	-1.784322
-1.809274	-1.866444
-2.013948	-1.940985
-2.214515	-2.025635
-2.407187	-2.125445
-2.613440	-2.191774
-2.812744	-2.238205
-3.015839	-2.285267
-3.207878	-2.341805
-3.406551	-2.410977
-3.611856	-2.489309
-3.806422	-2.552796
-4.010465	-2.617230
-4.211032	-2.681349
-4.412863	-2.763155
-4.608377	-2.883811
-4.807365	-2.969724
-5.009829	-3.037317
-5.207237	-3.093539
-5.410964	-3.117544
-5.614374	-3.157973
-5.817153	-3.249255
-6.004455	-3.329798
-6.207865	-3.382230
-6.411275	-3.432767
-6.609000	-3.491515
-6.813674	-3.562899
-7.013610	-3.653233
-7.214177	-3.742936
-7.414113	-3.781470
-7.610891	-3.808318
-7.811142	-3.850958
-8.014553	-3.919183
-8.212277	-4.014886
-8.414425	-4.113433
-8.607096	-4.158285
-8.809243	-4.193660
-9.011074	-4.258726
-9.098566	-4.296313
-9.092880	-4.327582
-9.094144	-4.355694
-9.096039	-4.360431
-9.126361	-4.345586
-9.132362	-4.323792
-9.122571	-4.314632
-9.102987	-4.323476
-9.092249	-4.305157
-9.012338	-4.262832
-8.810506	-4.197766
-8.608359	-4.163338
-8.413793	-4.125120
-8.209435	-4.093218
-8.016764	-4.017097
-7.810195	-3.926131
-7.605837	-3.845904
-7.412534	-3.772942
-7.213861	-3.729670
-7.008872	-3.697453
-6.806093	-3.607434
-6.608684	-3.498464
-6.410012	-3.410973
-6.210707	-3.356330
-6.007613	-3.340853
-5.813994	-3.310847
-5.615953	-3.237253
-5.410332	-3.143760
-5.216082	-3.050898
-5.008565	-2.965618
-4.808629	-2.920766
-4.613431	-2.866755
-4.406230	-2.787160
-4.211980	-2.713566
-4.010780	-2.640603
-3.818109	-2.614703
-3.599854	-2.581538
-3.408130	-2.522789
-3.210089	-2.427717
-3.010153	-2.322222
-2.812428	-2.211357
-2.610597	-2.129235
-2.409714	-2.083752
-2.215463	-2.024687
-2.011421	-1.952040
-1.813064	-1.872445
-1.613760	-1.784006
-1.406875	-1.721782
-1.209782	-1.663349
-1.004793	-1.595125
-0.817807	-1.499737
-0.615028	-1.399295
-0.410986	-1.288114
-0.214840	-1.185777
-0.010167	-0.975418
0.190741	-0.723366
0.385965	-0.421409
0.586558	-0.113451
0.785888	0.143041
0.994379	0.323733
1.189286	0.444089
1.390511	0.502214
1.585103	0.538858
1.786012	0.594455
1.986290	0.640576
2.189094	0.647526
2.388108	0.672482
2.588701	0.720814
2.788663	0.743242
2.989573	0.762512
3.186059	0.822532
3.385389	0.832325
3.586930	0.839590
3.787208	0.867705
3.990960	0.869600
4.180182	0.864230
4.383934	0.894872
4.585791	0.909087
4.791754	0.949522
4.985082	0.998801
5.185676	1.006383
5.388165	0.983006
5.583072	1.003856
5.788088	1.012385
5.988997	1.045870
6.186431	1.080934
6.389236	1.094833
6.587303	1.086620
6.783789	1.039552
6.986278	1.037025
7.186240	1.122948
7.387781	1.185811
7.588058	1.202554
7.789284	1.196236
7.985138	1.146956
8.182573	1.098308
8.394223	1.151063
8.587867	1.202554
8.786249	1.238882
8.987158	1.236039
9.182697	1.174755
9.382975	1.136532
9.587043	1.198131
9.787004	1.280264
9.989809	1.315012
9.782898	1.306799
9.585779	1.256888
9.381395	1.193077
9.182697	1.179177
8.988421	1.204449
8.786249	1.221191
8.585655	1.216769
8.384430	1.157381
8.181941	1.151063
7.982927	1.148536
7.790547	1.136532
7.587111	1.172544
7.382411	1.168121
7.183712	1.109365
6.990385	1.089147
6.783789	1.086936
6.590777	1.042395
6.382918	1.057242
6.187695	1.046817
5.985206	1.015544
5.784929	1.037025
5.582440	1.044606
5.382794	0.993115
5.190414	0.972266
4.986978	0.977636
4.787964	0.947310
4.587054	0.939729
4.384565	0.926145
4.186499	0.872443
3.990960	0.836431
3.790683	0.817793
3.590405	0.824427
3.391391	0.828850
3.186691	0.825059
2.985782	0.785572
2.788347	0.743242
2.590281	0.694278
2.386213	0.678168
2.188147	0.681011
1.987869	0.651948
1.784748	0.608039
1.583839	0.550862
1.387984	0.461148
1.186127	0.401759
0.989008	0.304780
0.787467	0.133564
0.589401	-0.120084
0.382174	-0.428042
0.193900	-0.722103
-0.009535	-0.979524
-0.212629	-1.183566
-0.411618	-1.293484
-0.614080	-1.379712
-0.815596	-1.464361
-1.008267	-1.561013
-1.208519	-1.644714
-1.408139	-1.723678
-1.610286	-1.808011
-1.816539	-1.883816
-2.012053	-1.984258
-2.214515	-2.058799
-2.408766	-2.112494
-2.610281	-2.161136
-2.816850	-2.232835
-3.012048	-2.303271
-3.213879	-2.393289
-3.419185	-2.456460
-3.609013	-2.489941
-3.810529	-2.558481
-4.008885	-2.640603
-4.208505	-2.735044
-4.408757	-2.846856
-4.612484	-2.914765
-4.808629	-2.957721
-5.013935	-3.004784
-5.211028	-3.044581
-5.409384	-3.126388
-5.613426	-3.214511
-5.814626	-3.278314
-6.009508	-3.296949
-6.209128	-3.327903
-6.411275	-3.423923
-6.614369	-3.539526
-6.812726	-3.634913
-7.012031	-3.688293
-7.216073	-3.728406
-7.407480	-3.737566
-7.613418	-3.753043
-7.811774	-3.815582
-8.006972	-3.930238
-8.211015	-3.991829
-8.413477	-4.042682
-8.608991	-4.106168
-8.806085	-4.193660
-8.997808	-4.310526
-9.047398	-4.362958
-9.081510	-4.352219
-9.123518	-4.323476
-9.156683	-4.300735
-9.178477	-4.285890
-9.159842	-4.296313
-9.130467	-4.311474
-9.131414	-4.295365
-9.122887	-4.264096
-9.010126	-4.234406
-8.811769	-4.192081
-8.608044	-4.174393
-8.414425	-4.143124
-8.212594	-4.075215
-8.012026	-3.993093
-7.813037	-3.905601
-7.609312	-3.848431
-7.409691	-3.810529
-7.214493	-3.731249
-7.012662	-3.653233
-6.813042	-3.583113
-6.610895	-3.510467
-6.410012	-3.475091
-6.209444	-3.436557
-6.010456	-3.366121
-5.814942	-3.259678
-5.611847	-3.157973
-5.411911	-3.077114
-5.208817	-3.031631
-5.009197	-2.979199
-4.809893	-2.884443
-4.605219	-2.796635
-4.414127	-2.738202
-4.209137	-2.713250
-4.011096	-2.685455
-3.811160	-2.633339
-3.610593	-2.557849
-3.415395	-2.477938
-3.216090	-2.358861
-3.008258	-2.270422
-2.812428	-2.231256
-2.604596	-2.159873
-2.408134	-2.073013
-2.217990	-1.986153
-2.012053	-1.917296
-1.813696	-1.866128
-1.609654	-1.809906
-1.416983	-1.742945
-1.209782	-1.650715
-1.007951	-1.572067
-0.819386	-1.481733
-0.615660	-1.385397
-0.411618	-1.308645
-0.206944	-1.176933
-0.009219	-0.991211
0.189478	-0.727788
0.386596	-0.415724
0.590349	-0.113767
0.787467	0.132617
0.989956	0.300041
1.186127	0.429558
1.389879	0.517693
1.584787	0.563814
1.786960	0.595087
1.986290	0.603616
2.186251	0.632679
2.389372	0.680379
2.592176	0.729027
2.790243	0.764723
2.985466	0.786520
3.188586	0.785256
3.386653	0.803894
3.590089	0.801999
3.788787	0.848751
3.990328	0.885711
4.184920	0.874339
4.384881	0.908455
4.581052	0.946363
4.793018	0.945731
4.986978	0.966264
5.186939	1.007015
5.386269	0.991852
5.581492	1.006383
5.787456	1.033234
5.988365	1.036709
6.185168	1.020282
6.389868	1.040184
6.586987	1.048081
6.785053	1.091043
6.986594	1.157381
7.185292	1.152010
7.387465	1.132109
7.588690	1.133373
7.789916	1.141270
7.986086	1.173175
8.181941	1.210767
8.384746	1.225930
8.583128	1.191181
8.787196	1.119789
8.989054	1.141586
9.179538	1.224666
9.381080	1.291320
9.587675	1.304588
9.781950	1.288793
9.993600	1.233827
9.788584	1.156749
9.581988	1.217085
9.383923	1.262890
9.177011	1.259731
8.987158	1.229089
8.788775	1.161171
8.587234	1.111260
8.385378	1.153274
8.180046	1.202238
7.985770	1.205397
7.791179	1.199079
7.593744	1.142849
7.391572	1.096729
7.187503	1.067666
6.981540	1.097676
6.787580	1.107153
6.588250	1.079670
6.394290	1.037972
6.185800	1.052503
5.982995	1.042711
5.788404	1.012385
5.583704	1.043342
5.384374	1.028811
5.188203	0.977636
4.990452	0.965316
4.788596	0.940677
4.587686	0.900874
4.386145	0.907192
4.184288	0.873707
3.990644	0.855385
3.790367	0.861703
3.588826	0.854753
3.387916	0.801683
3.184480	0.788731
2.985466	0.787783
2.784873	0.742294
2.589017	0.729975
2.389056	0.703123
2.187199	0.651948
1.986605	0.602353
1.782221	0.566657
1.584787	0.546755
1.388616	0.516113
1.188022	0.444405
0.982691	0.319311
0.792522	0.119665
0.588769	-0.117873
0.385017	-0.411618
0.191373	-0.709469
-0.013325	-0.989316
-0.212313	-1.171248
-0.411302	-1.294115
-0.615344	-1.381607
-0.813701	-1.465940
-1.011741	-1.537955
-1.211677	-1.622288
-1.409402	-1.732206
-1.609970	-1.820961
