# Configuration automatically generated by WRITE_CONFIG()
connection eth
ip 192.168.0.10
samplehz 1000.000000
settleus 10.000000
nsample 128

# Analog Inputs
aichannel 0
ainegative 199
airange 10.000000
airesolution 0

aichannel 1
ainegative 199
airange 10.000000
airesolution 0

# Analog Outputs
aochannel 0
aosignal triangle
aofrequency 5.000000
aoamplitude 2.000000
aooffset 2.500000
aoduty 0.500000

# Meta Parameters
int:periods 10
flt:tip_T_C 319.316314
flt:plate_T_C 304.367388
flt:plate_Q_kW 0.929216
flt:cool_Thigh_C 49.146955
flt:cool_Tlow_C 16.174542
flt:air_psig 20.000000
flt:water_gph 6.000000
flt:standoff_in 0.228000
flt:oxygen_scfh 12.890625
flt:fuel_scfh 7.089500
flt:flow_scfh 19.980125
flt:ratio_fto 0.549973

## End Configuration ##
#: Wed Apr  5 17:11:51 2017
-7.607732	-3.915392
-9.075508	-4.394228
-9.077403	-4.383173
-9.072982	-4.374329
-9.051188	-4.374645
-9.018023	-4.394544
-8.968433	-4.391385
-8.812402	-4.324740
-8.607728	-4.237564
-8.411898	-4.174393
-8.215436	-4.101431
-8.005077	-4.056895
-7.813037	-3.978247
-7.609943	-3.887913
-7.409376	-3.820636
-7.216073	-3.756517
-7.009820	-3.704717
-6.814937	-3.664920
-6.609948	-3.593852
-6.410327	-3.504466
-6.212603	-3.423607
-6.000348	-3.364858
-5.816205	-3.314005
-5.611531	-3.264100
-5.413490	-3.191138
-5.210396	-3.085958
-5.007617	-3.013312
-4.808945	-2.941297
-4.612167	-2.899288
-4.411600	-2.842119
-4.211032	-2.760944
-4.014255	-2.679138
-3.811160	-2.605859
-3.610593	-2.544584
-3.418237	-2.490888
-3.213248	-2.418558
-3.010785	-2.332645
-2.812428	-2.238836
-2.615019	-2.163347
-2.405923	-2.106177
-2.209462	-2.029741
-2.004788	-1.956778
-1.820013	-1.849072
-1.610917	-1.763791
-1.410666	-1.699357
-1.207255	-1.623868
-1.008899	-1.545220
-0.817807	-1.462150
-0.612185	-1.357286
-0.410038	-1.229681
-0.209787	-1.077123
-0.011746	-0.837390
0.192005	-0.568597
0.381542	-0.309913
0.589085	-0.085340
0.784624	0.109556
0.984586	0.236862
1.189918	0.310150
1.387036	0.350584
1.582891	0.385965
1.783801	0.426083
1.988185	0.462727
2.185935	0.489894
2.384001	0.492421
2.588386	0.486735
2.791190	0.501266
2.983886	0.537910
3.187955	0.572659
3.386969	0.573606
3.586930	0.572659
3.792262	0.577081
3.987801	0.595719
4.191554	0.617832
4.383302	0.651948
4.585159	0.647210
4.787332	0.652264
4.989505	0.656687
5.190098	0.660793
5.384374	0.695226
5.579913	0.719550
5.784297	0.709441
5.993104	0.707862
6.190854	0.719234
6.389868	0.706282
6.591093	0.746717
6.786633	0.751455
6.986910	0.746085
7.185608	0.755878
7.386201	0.762512
7.589322	0.752403
7.793074	0.773252
7.985770	0.793469
8.185101	0.803578
8.381587	0.809264
8.586603	0.804210
8.786565	0.780834
8.984631	0.814318
9.184277	0.823795
9.383290	0.816846
9.583252	0.841486
9.786373	0.816214
9.985387	0.802946
9.784477	0.822848
9.585464	0.810844
9.381080	0.817793
9.184909	0.834220
8.988106	0.786836
8.786249	0.783677
8.587234	0.792838
8.381903	0.798524
8.184784	0.805789
7.981032	0.813055
7.788652	0.761248
7.588690	0.749560
7.388412	0.744190
7.182765	0.763143
6.987857	0.771357
6.783473	0.766302
6.596464	0.708178
6.386709	0.698069
6.188959	0.701544
5.988997	0.716391
5.788088	0.730922
5.584335	0.710073
5.387848	0.662689
5.186939	0.651317
4.987926	0.661741
4.786068	0.670586
4.585159	0.679115
4.383618	0.646894
4.185552	0.590981
3.984326	0.581188
3.789419	0.579292
3.590089	0.589401
3.388232	0.590665
3.187323	0.552757
2.984518	0.511375
2.792138	0.483892
2.590913	0.495580
2.386845	0.505057
2.186883	0.493685
1.982815	0.447880
1.786644	0.394178
1.587630	0.365116
1.391143	0.363220
1.186127	0.333210
0.987429	0.246339
0.784308	0.100711
0.586242	-0.085340
0.382490	-0.319072
0.190110	-0.580284
-0.009535	-0.855709
-0.208839	-1.085335
-0.410986	-1.230944
-0.616607	-1.367078
-0.816227	-1.463729
-1.005108	-1.545536
-1.213257	-1.623236
-1.410666	-1.701568
-1.610917	-1.790639
-1.814644	-1.878130
-2.006367	-1.958357
-2.208830	-2.025319
-2.408134	-2.089753
-2.609650	-2.162400
-2.813060	-2.264105
-3.014891	-2.340542
-3.212932	-2.399606
-3.411288	-2.466568
-3.608698	-2.525001
-3.809265	-2.600490
-4.013939	-2.681033
-4.212927	-2.748626
-4.412863	-2.806111
-4.612167	-2.851594
-4.807050	-2.915397
-5.015198	-3.004468
-5.211659	-3.087222
-5.410964	-3.157657
-5.615005	-3.206931
-5.813363	-3.271996
-6.009192	-3.341169
-6.207865	-3.443506
-6.410644	-3.529734
-6.610579	-3.599538
-6.815885	-3.632071
-7.012031	-3.685134
-7.212598	-3.774837
-7.405269	-3.871804
-7.614681	-3.933396
-7.809247	-4.003831
-8.013921	-4.032574
-8.212594	-4.079637
-8.420742	-4.163654
-8.609307	-4.237564
-8.808611	-4.321265
-8.979804	-4.374645
-9.039817	-4.368959
-9.054662	-4.372434
-9.059715	-4.388227
-9.050240	-4.408125
-9.060348	-4.408125
-9.070770	-4.388543
-9.084668	-4.361063
-9.071403	-4.356641
-9.035710	-4.371802
-8.982963	-4.370223
-8.810190	-4.313369
-8.608991	-4.222719
-8.413477	-4.140913
-8.206277	-4.092587
-8.009815	-4.046156
-7.809879	-3.980143
-7.611207	-3.913181
-7.407796	-3.829164
-7.211019	-3.748937
-7.017716	-3.689556
-6.811147	-3.655760
-6.609632	-3.593221
-6.412222	-3.518047
-6.210707	-3.440979
-6.005718	-3.372754
-5.811467	-3.308320
-5.610268	-3.256520
-5.411911	-3.184505
-5.210396	-3.102699
-5.014566	-3.022787
-4.809577	-2.938770
-4.611852	-2.887918
-4.411284	-2.826010
-4.211980	-2.749889
-4.008569	-2.675031
-3.814319	-2.598279
-3.608698	-2.543004
-3.414447	-2.481097
-3.218617	-2.423295
-3.012364	-2.338646
-2.812744	-2.260314
-2.609965	-2.175981
-2.411293	-2.107757
-2.211673	-2.039532
-2.013316	-1.960253
-1.813696	-1.877183
-1.609970	-1.792534
-1.414456	-1.708516
-1.209466	-1.634607
-1.010794	-1.553116
-0.811490	-1.463098
-0.609659	-1.349706
-0.413829	-1.222416
-0.209787	-1.056277
-0.012693	-0.837074
0.191689	-0.578705
0.387544	-0.320020
0.583715	-0.081550
0.786204	0.098500
0.989008	0.224226
1.188970	0.296882
1.390195	0.364484
1.591736	0.408077
1.790750	0.438087
1.985658	0.441878
2.185935	0.446301
2.387161	0.479786
2.589965	0.511059
2.788031	0.538226
2.985150	0.540437
3.193009	0.524959
3.385389	0.547387
3.587878	0.577397
3.785628	0.614673
3.992540	0.634890
4.181445	0.615305
4.384250	0.598562
4.588950	0.615936
4.785752	0.650053
4.987609	0.693015
5.192941	0.699964
5.386901	0.694910
5.584967	0.656055
5.786508	0.667743
5.989945	0.723341
6.189275	0.766618
6.389868	0.759353
6.589514	0.736924
6.784105	0.693331
6.981855	0.704387
7.185292	0.772936
7.391256	0.821268
7.583004	0.809580
7.788652	0.772620
7.986402	0.723025
8.182889	0.756194
8.386957	0.822216
8.588182	0.865178
8.786565	0.850646
8.994424	0.786520
9.182697	0.747980
9.384870	0.789995
9.580409	0.863598
9.786057	0.889186
9.987914	0.871811
9.780686	0.794733
9.583884	0.736608
9.388345	0.787152
9.182065	0.852858
8.985894	0.871180
8.788775	0.837063
8.587867	0.761248
8.386326	0.739451
8.185416	0.777675
7.979768	0.825691
7.789284	0.837695
7.589638	0.792838
7.385885	0.715127
7.193821	0.686697
6.984067	0.745769
6.783473	0.792838
6.588882	0.777675
6.389868	0.733133
6.184852	0.669954
5.988365	0.652580
5.788720	0.704071
5.584335	0.731870
5.386901	0.724288
5.190098	0.672166
4.984766	0.620043
4.787016	0.617832
4.587686	0.651317
4.381722	0.671850
4.185552	0.647210
3.988117	0.604880
3.785628	0.562550
3.584719	0.547387
3.392655	0.566973
3.189850	0.571079
2.983886	0.560339
2.791822	0.503162
2.587122	0.473468
2.387476	0.466518
2.190989	0.473152
1.985974	0.462095
1.784748	0.435244
1.584471	0.388176
1.389879	0.340792
1.187391	0.304780
0.988061	0.228965
0.784940	0.111136
0.584031	-0.078391
0.383753	-0.313071
0.190426	-0.568282
-0.007324	-0.840548
-0.208839	-1.082809
-0.409407	-1.241999
-0.613133	-1.366446
-0.820018	-1.455201
-1.010478	-1.548694
-1.210414	-1.625447
-1.407507	-1.700620
-1.608391	-1.790955
-1.811801	-1.870234
-2.013316	-1.950777
-2.215463	-2.036690
-2.409714	-2.100492
-2.610913	-2.177876
-2.810217	-2.261578
-3.010469	-2.342752
-3.217985	-2.420768
-3.416026	-2.483308
-3.603644	-2.556270
-3.812424	-2.618494
-4.003200	-2.707880
-4.214822	-2.778632
-4.412548	-2.833275
-4.614694	-2.893919
-4.809261	-2.939718
-5.008565	-3.009837
-5.214186	-3.101751
-5.410016	-3.177872
-5.611847	-3.239779
-5.815573	-3.303266
-6.009192	-3.356961
-6.212918	-3.446348
-6.410012	-3.527207
-6.615633	-3.580271
-6.812410	-3.633650
-7.009503	-3.692399
-7.213546	-3.752411
-7.413797	-3.833902
-7.608680	-3.912234
-7.807984	-3.977931
-8.013605	-4.033522
-8.211646	-4.095429
-8.414425	-4.169339
-8.602042	-4.252093
-8.810506	-4.311474
-8.991175	-4.354115
-9.044239	-4.363590
-9.063190	-4.362958
-9.073613	-4.372434
-9.072665	-4.386332
-9.081194	-4.387595
-9.077403	-4.380646
-9.068560	-4.376540
-9.055610	-4.377488
-9.028762	-4.375592
-8.980752	-4.368959
-8.808611	-4.300103
-8.611518	-4.219876
-8.415689	-4.158916
-8.212594	-4.104273
-8.015184	-4.059422
-7.807984	-3.995619
-7.610891	-3.908128
-7.409691	-3.833586
-7.215125	-3.765677
-7.008240	-3.721458
-6.810199	-3.643757
-6.608368	-3.568900
-6.411591	-3.480777
-6.212918	-3.405919
-6.005086	-3.359172
-5.820627	-3.314321
-5.614058	-3.232515
-5.409069	-3.157341
-5.211975	-3.082168
-5.004459	-3.015839
-4.806418	-2.961512
-4.619432	-2.905605
-4.412548	-2.835486
-4.213875	-2.753995
-4.011096	-2.683560
-3.814950	-2.604912
-3.609013	-2.551848
-3.417921	-2.480781
-3.212932	-2.401186
-3.009206	-2.318432
-2.809270	-2.237889
-2.611861	-2.158925
-2.406239	-2.097333
-2.211041	-2.033847
-2.013316	-1.935300
-1.812749	-1.857600
-1.612813	-1.772003
-1.415403	-1.698409
-1.210730	-1.625131
-1.007004	-1.541114
-0.819386	-1.452990
-0.611238	-1.357286
-0.408459	-1.243894
-0.210102	-1.070174
-0.009535	-0.820965
0.192637	-0.564807
0.383753	-0.322863
0.586874	-0.082181
0.784308	0.110188
0.990588	0.225174
1.191181	0.287721
1.395566	0.331631
1.588262	0.403971
1.784433	0.461780
1.985974	0.486419
2.187199	0.472204
2.390003	0.453566
2.585227	0.477890
2.793086	0.535699
2.982623	0.561286
3.188271	0.567288
3.385389	0.579292
3.585667	0.535383
3.789103	0.567920
3.994435	0.621622
4.185236	0.657950
4.385197	0.650685
4.585475	0.628572
4.790491	0.608987
4.988873	0.642787
5.189150	0.708494
5.382794	0.735345
5.588126	0.698069
5.786824	0.687645
5.987733	0.662689
6.194961	0.702176
6.387657	0.749876
6.590777	0.789679
6.788212	0.752087
6.985014	0.725236
7.186240	0.711337
7.384938	0.741031
7.592165	0.803262
7.790231	0.812107
7.986402	0.784624
8.180994	0.770725
8.383166	0.767566
8.590077	0.790942
8.790987	0.841801
8.989054	0.842433
9.181749	0.807053
9.384238	0.799471
9.586727	0.787467
9.780686	0.824427
9.981280	0.865809
9.783214	0.839906
9.593361	0.818425
9.387081	0.800103
9.178591	0.790942
8.982420	0.800103
8.780562	0.831693
8.591658	0.824427
8.398645	0.788415
8.182573	0.794417
7.988929	0.777359
7.791179	0.792838
7.585847	0.791890
7.384622	0.761248
7.182765	0.759353
6.979960	0.748928
6.787896	0.713548
6.594884	0.741031
6.388288	0.747349
6.190538	0.712600
5.986786	0.700912
5.786192	0.699017
5.587494	0.687013
5.383110	0.685433
5.187887	0.682274
4.985082	0.672166
4.791439	0.667111
4.583580	0.651317
4.384250	0.609934
4.193133	0.608355
3.990960	0.601721
3.785628	0.607091
3.588194	0.585294
3.388232	0.557812
3.189218	0.525590
2.979148	0.518957
2.786136	0.516429
2.590913	0.505373
2.391267	0.493685
2.192885	0.464307
1.990080	0.425452
1.793594	0.395442
1.587946	0.399232
1.398409	0.375224
1.184548	0.323733
0.982691	0.222331
0.785572	0.094709
0.578661	-0.084392
0.393862	-0.311808
0.195796	-0.584706
-0.015220	-0.865817
-0.209787	-1.063542
-0.400247	-1.226522
-0.621977	-1.360129
-0.813701	-1.444462
-1.004477	-1.549326
-1.201570	-1.622604
-1.412561	-1.716413
-1.600494	-1.791902
-1.802009	-1.878446
-2.015211	-1.951409
-2.216727	-2.022476
-2.416347	-2.100492
-2.613124	-2.187036
-2.808638	-2.266000
-3.011732	-2.334856
-3.222407	-2.418874
-3.416342	-2.488046
-3.607118	-2.525632
-3.814950	-2.616282
-4.007938	-2.685455
-4.207558	-2.738202
-4.413495	-2.803584
-4.605850	-2.865808
-4.801996	-2.928663
-5.011408	-3.009521
-5.207237	-3.091328
-5.411911	-3.169976
-5.610268	-3.233778
-5.811783	-3.302634
-6.010140	-3.377176
-6.216709	-3.480145
-6.404958	-3.536683
-6.614369	-3.597643
-6.814621	-3.655760
-7.008872	-3.717351
-7.211019	-3.767256
-7.407796	-3.852853
-7.610259	-3.921710
-7.808300	-3.953295
-8.008867	-4.015203
-8.215436	-4.096061
-8.407160	-4.148177
-8.610570	-4.245776
-8.809875	-4.274835
-9.003493	-4.309579
-9.077087	-4.323161
-9.084668	-4.337374
-9.084352	-4.361063
-9.072665	-4.382226
-9.094460	-4.372750
-9.105199	-4.352219
-9.097302	-4.346534
-9.071403	-4.354430
-9.028131	-4.378119
-8.977278	-4.378119
-8.804821	-4.316528
-8.603937	-4.220824
-8.403686	-4.153547
-8.213225	-4.108379
-8.009815	-4.054684
-7.819671	-3.993093
-7.612470	-3.904022
-7.412218	-3.810529
-7.211967	-3.745147
-7.016452	-3.703770
-6.803566	-3.661761
-6.603314	-3.642178
-6.418224	-3.515521
-6.204706	-3.406551
-6.002559	-3.354119
-5.812415	-3.306741
-5.612163	-3.253045
-5.422019	-3.175029
-5.207869	-3.052162
-4.999089	-3.015839
-4.816841	-2.958353
-4.612167	-2.878126
-4.407494	-2.829800
-4.208505	-2.764734
-4.013623	-2.687982
-3.811792	-2.616914
-3.609013	-2.536371
-3.410973	-2.485835
-3.220512	-2.412556
-3.002888	-2.321590
-2.812428	-2.252102
-2.606807	-2.156398
-2.410345	-2.085015
-2.206935	-2.042059
-2.018054	-1.970044
-1.803273	-1.861390
-1.618498	-1.781479
-1.413193	-1.702199
-1.205676	-1.627658
-1.006688	-1.559433
-0.819070	-1.475732
-0.616291	-1.354128
-0.409723	-1.235051
-0.212313	-1.074596
-0.012062	-0.820649
0.197059	-0.561649
0.376488	-0.326337
0.590665	-0.043647
0.794417	0.106082
0.983006	0.225806
1.189602	0.318995
1.393038	0.370802
1.575942	0.387860
1.795805	0.427663
1.984394	0.441246
2.190358	0.482313
2.389688	0.486103
2.592492	0.517693
2.791822	0.506953
2.976937	0.526854
3.196484	0.558128
3.377492	0.561286
3.592300	0.587190
3.789419	0.585610
3.983379	0.591296
4.189974	0.615305
4.399097	0.627309
4.579473	0.629204
4.797757	0.680379
4.982239	0.673745
5.192626	0.669954
5.385322	0.678168
5.586863	0.694910
5.779243	0.699017
5.992788	0.745453
6.187695	0.722077
6.385129	0.718286
6.597727	0.719866
6.781894	0.723341
6.987857	0.759353
7.195085	0.772936
7.377988	0.770093
7.583636	0.765671
7.797181	0.760616
7.974714	0.780202
8.187311	0.796312
8.389800	0.819057
8.579654	0.808948
8.795094	0.792838
8.985894	0.777359
9.184277	0.791574
9.383923	0.837695
9.592097	0.863598
9.777843	0.835168
9.992336	0.816214
9.784477	0.765987
9.579778	0.810844
9.387713	0.837063
9.188699	0.854121
8.983684	0.809264
8.782142	0.773568
8.586919	0.773568
8.384114	0.778938
8.183520	0.840854
7.988297	0.826954
7.779491	0.778622
7.596588	0.753035
7.388412	0.712284
7.178658	0.754614
6.995439	0.799156
6.784105	0.765987
6.592988	0.736924
6.385446	0.669954
6.187379	0.672797
5.983311	0.720182
5.796617	0.754930
5.590653	0.724604
5.374581	0.669323
5.194837	0.645315
4.982555	0.609618
4.780698	0.678168
4.594636	0.701228
4.383302	0.642787
4.173863	0.609303
3.993803	0.565077
3.796685	0.565393
3.589773	0.577397
3.381598	0.600142
3.191746	0.582451
2.986414	0.506637
2.782977	0.462095
2.590281	0.494948
2.393478	0.507268
2.190042	0.506321
1.993555	0.449144
1.779378	0.409025
1.586050	0.378699
1.398409	0.346794
1.184548	0.313941
0.983954	0.238126
0.781465	0.097552
0.580872	-0.084077
0.379331	-0.311492
0.193585	-0.572388
-0.003218	-0.857920
-0.219578	-1.097338
-0.419830	-1.237577
-0.608395	-1.348442
-0.811174	-1.446989
-1.006056	-1.519636
-1.212941	-1.609654
-1.405928	-1.695567
-1.619130	-1.805168
-1.817802	-1.871182
-2.008262	-1.945723
-2.211357	-2.011737
-2.405923	-2.074592
-2.603648	-2.159873
-2.813692	-2.259999
-3.018997	-2.354439
-3.214195	-2.416978
-3.409393	-2.469410
-3.602065	-2.559429
-3.815898	-2.651658
-4.010780	-2.704090
-4.204715	-2.763155
-4.413179	-2.823483
-4.609009	-2.885075
-4.807682	-2.978568
-5.014882	-3.040791
-5.205658	-3.117860
-5.416965	-3.195244
-5.609952	-3.252414
-5.819995	-3.308320
-6.019615	-3.356646
-6.205338	-3.424554
-6.408116	-3.535735
-6.616896	-3.585640
-6.809884	-3.621648
-7.005082	-3.667762
-7.210387	-3.777048
-7.410007	-3.856959
-7.614365	-3.909707
-7.804193	-3.967824
-8.003814	-4.010780
-8.215753	-4.059738
-8.415689	-4.134911
-8.602990	-4.233142
-8.814612	-4.325056
-8.993702	-4.361379
-9.048345	-4.356325
-9.068875	-4.354115
-9.064769	-4.376224
-9.064453	-4.399597
-9.065401	-4.400229
-9.065717	-4.395175
-9.072350	-4.379699
-9.061295	-4.370854
-9.025288	-4.380330
-8.975383	-4.374013
-8.803873	-4.306420
-8.617835	-4.227457
-8.412530	-4.132069
-8.209119	-4.096377
-8.014237	-4.064792
-7.807668	-4.006990
-7.608680	-3.921710
-7.411271	-3.843062
-7.210387	-3.775469
-7.011083	-3.741988
-6.820939	-3.681660
-6.604894	-3.579323
-6.407485	-3.538262
-6.218604	-3.466879
-6.005402	-3.380651
-5.812415	-3.307056
-5.608057	-3.253993
-5.408437	-3.185768
-5.208185	-3.115649
-5.014882	-3.032895
-4.811156	-2.943192
-4.608061	-2.909711
-4.411284	-2.849067
-4.214507	-2.771051
-4.014571	-2.690508
-3.813371	-2.621336
-3.609013	-2.518368
-3.406235	-2.483308
-3.222407	-2.418242
-3.009206	-2.314010
-2.809270	-2.235678
-2.604912	-2.168717
-2.410661	-2.112179
-2.217042	-2.029109
-2.019949	-1.945407
-1.809274	-1.844650
-1.610602	-1.786533
-1.413508	-1.703779
-1.211361	-1.615971
-1.010162	-1.531322
-0.807068	-1.442251
-0.607132	-1.350338
-0.412881	-1.242947
-0.218315	-1.058488
-0.003849	-0.824755
0.191373	-0.590076
0.385333	-0.333917
0.582451	-0.078075
0.794417	0.125351
0.997538	0.221699
1.189286	0.286458
1.385457	0.364484
1.586366	0.418818
1.788855	0.444089
1.988501	0.440299
2.181513	0.424504
2.384633	0.478838
2.589965	0.527486
2.794349	0.569816
2.986414	0.546124
3.177846	0.521800
3.386969	0.528749
3.594512	0.557180
3.789419	0.591928
3.985274	0.642156
4.189974	0.654160
4.392147	0.604564
4.585159	0.583715
4.785120	0.643735
4.991716	0.693015
5.197048	0.739135
5.383426	0.703123
5.578333	0.649421
5.782718	0.650369
5.987418	0.715443
6.191170	0.775779
6.390184	0.763775
6.583196	0.750508
6.788212	0.706282
6.994807	0.681643
7.183081	0.739135
7.385570	0.803894
7.593112	0.835483
7.795918	0.797260
7.987034	0.735345
8.183205	0.736608
8.383166	0.818741
8.589762	0.868652
8.790039	0.858544
8.981788	0.805158
9.175116	0.759037
9.385818	0.773568
9.581673	0.857596
9.790164	0.881288
9.988862	0.852858
9.783214	0.832009
9.592413	0.769461
9.374446	0.758089
9.176064	0.833272
8.982736	0.858544
8.786880	0.843381
8.589446	0.791574
8.384746	0.725868
8.178467	0.760616
7.992404	0.826322
7.796549	0.826954
7.586479	0.792206
7.386201	0.723657
7.184029	0.706282
6.983119	0.733133
6.792318	0.780834
6.587618	0.759353
6.382918	0.729343
6.194329	0.707546
5.995315	0.665216
5.785561	0.672482
5.583072	0.708809
5.378688	0.707546
5.191046	0.687960
4.994559	0.641840
4.781962	0.619727
4.582948	0.639313
4.388041	0.662057
4.189342	0.639313
3.998542	0.608355
3.786576	0.566973
3.580928	0.543596
3.393602	0.578029
3.186375	0.555600
2.980096	0.541069
2.788979	0.522115
2.591545	0.501266
2.392531	0.475679
2.186883	0.459568
1.979340	0.450723
1.788539	0.441562
1.593632	0.385965
1.391143	0.341739
1.187075	0.316468
0.988693	0.230860
0.782097	0.109556
0.594455	-0.069231
0.387860	-0.328548
0.180949	-0.585338
-0.007956	-0.818123
-0.206944	-1.069227
-0.418251	-1.250843
-0.620713	-1.373079
-0.804541	-1.468783
-1.003529	-1.529427
-1.196516	-1.619130
-1.412877	-1.720203
-1.612181	-1.761264
-1.807379	-1.875288
-2.015843	-1.950461
-2.216411	-2.025950
-2.415083	-2.096702
-2.612176	-2.161136
-2.804216	-2.250839
-3.011101	-2.354123
-3.217038	-2.415715
-3.417921	-2.470674
-3.605855	-2.539846
-3.808634	-2.625758
-4.018045	-2.707565
-4.208189	-2.759365
-4.405283	-2.807059
-4.609325	-2.893919
-4.815262	-2.969408
-5.005406	-3.032579
-5.204079	-3.121018
-5.404963	-3.202193
-5.616269	-3.252414
-5.815573	-3.312110
-6.010771	-3.370543
-6.206601	-3.460562
-6.408748	-3.544895
-6.613106	-3.607118
-6.814621	-3.647232
-7.006345	-3.718615
-7.214809	-3.805159
-7.417272	-3.877174
-7.618787	-3.930553
-7.808300	-3.954558
-8.005709	-4.021520
-8.219858	-4.104589
-8.419478	-4.154494
-8.601411	-4.207242
-8.807347	-4.291575
-9.002230	-4.335479
-9.060979	-4.346218
-9.065717	-4.362958
-9.068875	-4.374645
-9.087511	-4.374329
-9.103935	-4.367380
-9.106778	-4.355694
-9.088458	-4.353167
-9.067927	-4.362010
-9.041712	-4.366117
-8.997176	-4.345586
-8.807664	-4.268202
-8.601727	-4.187343
-8.414109	-4.151968
-8.221122	-4.102694
-8.002550	-4.037312
-7.804825	-3.977931
-7.613733	-3.904022
-7.411586	-3.833270
-7.219547	-3.763466
-7.012662	-3.720194
-6.808304	-3.656076
-6.617528	-3.588799
-6.414433	-3.484883
-6.205338	-3.431187
-6.009824	-3.392969
-5.815889	-3.339905
-5.614374	-3.266311
-5.416018	-3.173134
-5.203763	-3.074588
-5.009197	-3.035737
-4.817789	-2.957721
-4.605850	-2.898025
-4.408757	-2.836433
-4.219244	-2.749257
-4.011412	-2.669978
-3.808949	-2.604280
-3.604276	-2.528159
-3.409709	-2.490257
-3.225250	-2.402765
-3.003204	-2.297269
-2.806111	-2.238205
-2.610913	-2.161452
-2.410661	-2.099545
-2.219569	-2.043638
-2.015843	-1.940038
-1.806116	-1.849388
-1.615339	-1.796640
-1.412561	-1.698093
-1.206308	-1.626078
-1.005424	-1.543956
-0.811174	-1.455517
-0.619766	-1.360129
-0.420777	-1.236314
-0.209471	-1.046170
-0.003218	-0.844970
0.190110	-0.560069
0.387860	-0.303280
0.586242	-0.068600
0.793785	0.125035
0.989640	0.229597
1.185811	0.286142
1.387352	0.347741
1.589841	0.397653
1.784748	0.435876
1.981235	0.472520
2.186251	0.479154
2.389372	0.476942
2.596283	0.481365
2.787084	0.507268
2.978832	0.555916
3.201854	0.574238
3.384126	0.555600
3.579981	0.558443
3.786892	0.573290
3.997278	0.620675
4.190290	0.642472
4.382986	0.629520
4.581684	0.627309
4.790807	0.655423
4.989189	0.640576
5.189150	0.685117
5.381846	0.716707
5.589390	0.706598
5.794722	0.701544
5.992788	0.707230
6.177587	0.700596
6.386709	0.744822
6.597727	0.765671
6.785053	0.740715
6.981224	0.732186
7.184344	0.747349
7.392519	0.757773
7.596588	0.779254
7.785493	0.777991
7.982927	0.785256
8.187628	0.806421
8.385062	0.784308
8.583760	0.779886
8.782142	0.829481
8.991581	0.845276
9.190595	0.823164
9.383923	0.816214
9.581041	0.812739
9.786057	0.801999
9.988862	0.852858
9.787320	0.826007
9.573460	0.812739
9.382343	0.843697
9.192490	0.811160
8.993476	0.784308
8.790356	0.803578
8.579969	0.816846
8.388536	0.818425
8.187943	0.814634
7.974398	0.765039
7.788336	0.778306
7.599115	0.774516
7.390624	0.753351
7.180553	0.763775
6.977433	0.759669
6.783789	0.735345
6.593305	0.730606
6.382287	0.704703
6.183904	0.723025
5.992472	0.741663
5.795037	0.724288
5.585283	0.674693
5.384690	0.653212
5.183780	0.670586
4.993611	0.683538
4.790807	0.663952
4.575366	0.656687
4.386145	0.627309
4.191238	0.606775
3.996330	0.592876
3.788471	0.590665
3.580928	0.603932
3.386021	0.582136
3.193641	0.510427
2.975357	0.503478
2.786452	0.523695
2.600706	0.523695
2.390319	0.494001
2.182776	0.470625
1.983446	0.430190
1.782221	0.403971
1.591421	0.391967
1.387668	0.357850
1.189918	0.333842
0.991220	0.238758
0.791890	0.099132
0.583399	-0.094184
0.385017	-0.330443
0.182528	-0.582811
-0.001954	-0.839285
-0.212629	-1.090073
-0.421409	-1.228418
-0.611870	-1.344968
-0.808647	-1.452674
-1.009846	-1.543956
-1.212625	-1.630185
-1.415719	-1.708516
-1.609022	-1.787480
-1.812433	-1.882236
-2.021528	-1.946987
-2.208514	-2.017738
-2.403713	-2.091964
-2.610597	-2.170612
-2.809901	-2.270422
-3.014891	-2.351596
-3.218933	-2.390762
-3.409393	-2.465304
-3.613435	-2.558165
-3.818741	-2.621336
-4.008885	-2.696510
-4.204715	-2.752732
-4.403704	-2.812428
-4.613431	-2.898972
-4.814946	-2.964986
-5.001932	-3.043634
-5.211028	-3.147550
-5.417597	-3.181978
-5.611216	-3.224934
-5.817469	-3.302634
-6.006350	-3.373386
-6.205338	-3.470669
-6.415065	-3.549633
-6.611211	-3.559740
-6.806725	-3.612172
-7.015821	-3.696505
-7.217336	-3.767572
-7.410007	-3.847168
-7.605205	-3.901811
-7.801351	-3.945083
-8.015184	-4.020888
-8.217648	-4.072056
-8.405265	-4.170918
-8.620362	-4.283047
-8.813349	-4.323161
-8.990543	-4.348113
-9.044555	-4.354746
-9.053715	-4.370854
-9.056557	-4.390438
-9.059400	-4.403388
-9.078351	-4.384752
-9.104883	-4.352535
-9.100777	-4.343691
-9.071403	-4.357273
-9.033500	-4.370854
-8.981068	-4.362958
-8.810822	-4.285258
-8.616256	-4.189554
-8.408739	-4.103010
-8.213541	-4.087217
-8.015500	-4.054684
-7.814301	-3.995304
-7.605837	-3.910655
-7.400532	-3.819688
-7.204702	-3.769468
-7.019611	-3.722721
-6.809884	-3.638388
-6.606157	-3.586588
-6.417592	-3.505413
-6.211655	-3.405919
-6.012035	-3.345591
-5.806098	-3.310847
-5.609320	-3.264100
-5.415070	-3.199982
-5.217029	-3.092907
-5.003827	-3.027209
-4.806102	-2.979515
-4.615326	-2.930242
-4.415074	-2.852226
-4.211664	-2.757785
-4.002884	-2.664292
-3.808318	-2.622284
-3.616910	-2.552164
-3.407814	-2.483624
-3.212932	-2.422032
-3.017102	-2.344332
-2.815587	-2.245785
-2.609018	-2.157346
-2.401817	-2.087858
-2.213884	-2.037953
-2.020897	-1.950145
-1.806747	-1.841491
-1.609338	-1.782426
-1.406244	-1.708201
-1.205044	-1.635238
-1.008899	-1.521847
-0.807383	-1.441619
-0.609659	-1.358865
-0.415408	-1.236946
-0.216104	-1.064489
-0.005745	-0.833915
0.192637	-0.577441
0.384385	-0.327600
0.582767	-0.074601
0.792522	0.122508
0.994063	0.228017
1.186759	0.288669
1.385773	0.374908
1.586682	0.407130
1.783485	0.410289
1.982499	0.444089
2.185935	0.470309
2.400744	0.497476
2.599442	0.518009
2.790874	0.508216
2.980096	0.518641
3.189850	0.543912
3.386337	0.557812
3.586614	0.574238
3.793526	0.608671
3.992224	0.616884
4.187763	0.603616
4.388672	0.602037
4.578209	0.632363
4.787016	0.682590
4.992980	0.706598
5.184096	0.673745
5.377740	0.655739
5.589705	0.691119
5.790299	0.720182
5.989313	0.727447
6.182325	0.738504
6.385446	0.722709
6.592988	0.697753
6.788844	0.682906
6.978065	0.762828
7.190662	0.801051
7.393783	0.800103
7.590586	0.754930
7.785809	0.721129
7.980716	0.765671
8.188575	0.807369
8.384430	0.845908
8.582497	0.838327
8.785933	0.798524
8.996634	0.752403
9.188699	0.776095
9.380447	0.833588
9.577566	0.873707
9.787320	0.876550
9.990441	0.797260
9.779423	0.742610
9.582305	0.802946
9.392451	0.860755
9.189331	0.873391
8.986842	0.827586
8.781195	0.765355
8.591341	0.743242
8.388221	0.773884
8.178467	0.832325
7.980716	0.842433
7.798760	0.807053
7.595956	0.734713
7.383042	0.686065
7.179922	0.736608
6.985646	0.791890
6.785685	0.797892
6.593936	0.738820
6.381971	0.671218
6.191486	0.671534
5.994367	0.720182
5.786824	0.732818
5.582124	0.715759
5.380899	0.686381
5.191994	0.650053
4.991716	0.602353
4.776591	0.662057
4.587686	0.702807
4.394990	0.669639
4.184604	0.610882
3.989697	0.541701
3.783101	0.561286
3.589773	0.592560
3.392339	0.591928
3.182585	0.560971
2.986729	0.542649
2.794349	0.488315
2.591229	0.464938
2.387161	0.485788
2.183724	0.486735
1.987237	0.469361
1.788539	0.416291
1.583207	0.365431
1.385457	0.356271
1.194972	0.335421
0.990272	0.227701
0.781465	0.087444
0.579924	-0.085340
0.384701	-0.305491
0.196428	-0.583758
-0.013009	-0.871186
-0.212313	-1.068595
-0.402142	-1.227470
-0.612185	-1.384766
-0.824440	-1.470994
-1.012689	-1.526584
-1.208203	-1.601758
-1.409402	-1.705990
-1.609022	-1.812749
-1.813380	-1.879394
-2.007947	-1.957726
-2.212620	-2.049955
-2.415399	-2.119443
-2.611861	-2.183878
-2.808006	-2.270422
-3.009206	-2.355703
-3.214195	-2.422348
-3.419185	-2.475727
-3.603960	-2.532581
-3.809265	-2.637445
-4.018992	-2.718935
-4.217665	-2.776105
-4.409705	-2.814639
-4.607746	-2.887286
-4.816209	-2.969724
-5.012355	-3.045529
-5.203763	-3.113754
-5.409384	-3.199982
-5.619428	-3.263153
-5.819995	-3.276734
-6.010456	-3.332641
-6.202811	-3.441611
-6.413170	-3.535735
-6.617844	-3.573638
-6.811147	-3.627649
-7.007608	-3.698400
-7.220179	-3.786524
-7.410007	-3.844641
-7.609312	-3.887913
-7.809247	-3.926131
-8.005709	-3.991197
-8.219543	-4.052473
-8.416636	-4.143439
-8.600779	-4.230615
-8.815876	-4.307052
-9.001914	-4.347481
-9.050556	-4.355378
-9.058768	-4.364222
-9.060031	-4.385068
-9.052135	-4.406230
-9.072350	-4.397070
-9.060979	-4.392649
-9.057820	-4.391385
-9.050556	-4.386647
-9.003809	-4.396755
-8.963696	-4.390753
-8.807032	-4.333584
-8.611518	-4.256515
-8.414425	-4.176920
-8.207540	-4.117223
-8.012974	-4.067002
-7.821566	-3.985196
-7.608048	-3.901179
-7.396110	-3.847484
-7.206597	-3.805791
-7.012978	-3.733460
-6.817148	-3.665867
-6.608368	-3.586904
-6.412539	-3.525944
-6.216709	-3.454876
-6.009192	-3.366121
-5.807677	-3.300739
-5.608057	-3.242306
-5.411911	-3.173766
-5.210396	-3.088485
-4.999405	-3.006995
-4.811156	-2.958669
-4.622907	-2.876863
-4.410968	-2.784317
-4.202188	-2.729674
-4.005727	-2.668714
-3.813687	-2.617546
-3.611856	-2.538582
-3.412236	-2.464672
-3.212300	-2.405292
-3.016154	-2.316537
-2.808006	-2.228097
-2.605228	-2.160820
-2.407503	-2.099229
-2.216095	-2.027845
-2.015843	-1.931194
-1.810538	-1.850019
-1.606495	-1.768845
-1.416983	-1.714518
-1.213572	-1.615971
-1.005108	-1.515845
-0.807068	-1.453938
-0.617239	-1.365498
-0.417303	-1.239157
-0.214840	-1.045538
-0.003849	-0.814964
0.188846	-0.594813
0.378699	-0.316545
0.599510	-0.067968
0.795997	0.093446
0.986797	0.186003
1.182652	0.288037
1.391775	0.375856
1.586998	0.425452
1.783169	0.442510
1.984394	0.457989
2.196676	0.430190
2.390319	0.450723
2.588386	0.513902
2.785188	0.556548
2.987045	0.572975
3.187639	0.550546
3.387916	0.502846
3.585035	0.547071
3.794473	0.620043
3.998226	0.637101
4.186183	0.637733
4.376352	0.620043
4.586422	0.605512
4.792070	0.638997
4.985082	0.694278
5.184412	0.729975
5.392271	0.727131
5.589390	0.669007
5.782402	0.619727
5.981100	0.684801
6.196224	0.770093
6.390184	0.785572
6.591093	0.749244
6.777472	0.703755
6.989753	0.701228
7.190031	0.744822
7.383674	0.795681
7.581740	0.818109
7.792127	0.786204
7.985455	0.758721
8.187943	0.737556
8.380323	0.785256
8.586287	0.857596
8.796989	0.853174
8.982103	0.797576
9.177643	0.768830
9.386133	0.773884
9.587991	0.829797
9.789216	0.887290
9.982227	0.857280
9.785741	0.828218
9.594625	0.784940
9.382343	0.761248
9.174484	0.810528
8.986842	0.861071
8.796357	0.836431
8.586603	0.793469
8.383482	0.764091
8.184468	0.782097
7.995563	0.807369
7.786757	0.883184
7.581425	0.783045
7.383990	0.765039
7.192873	0.739451
6.988805	0.714812
6.782210	0.747980
6.588882	0.759353
6.394607	0.742926
6.182641	0.693647
5.980784	0.686381
5.785561	0.692383
5.590022	0.717970
5.388480	0.701544
5.191994	0.657634
4.981923	0.670902
4.795229	0.651317
4.583580	0.614041
4.375405	0.637417
4.184604	0.647210
3.993803	0.614357
3.789735	0.586242
3.583771	0.559075
3.387916	0.555284
3.194273	0.550862
2.986414	0.521800
2.781398	0.518641
2.591229	0.532856
2.393162	0.496212
2.192885	0.450407
1.984394	0.443458
1.785380	0.428926
1.587630	0.406814
1.389248	0.365116
1.182336	0.300673
0.982691	0.237810
0.793154	0.107345
0.593192	-0.085340
0.384701	-0.332022
0.188530	-0.583758
-0.008271	-0.826966
-0.211366	-1.068911
-0.419514	-1.248632
-0.615028	-1.357286
-0.805804	-1.448568
-1.001318	-1.548378
-1.215783	-1.645661
-1.415403	-1.702515
-1.606811	-1.780216
-1.812117	-1.883184
-2.020581	-1.952672
-2.208830	-2.013948
-2.397079	-2.092596
-2.599858	-2.187984
-2.816850	-2.272633
-3.013943	-2.334856
-3.214827	-2.409082
-3.414131	-2.477622
-3.611540	-2.564798
-3.809897	-2.618809
-4.002884	-2.685455
-4.200609	-2.759996
-4.410968	-2.834854
-4.611536	-2.888233
-4.801048	-2.961828
-5.004143	-3.040475
-5.215134	-3.113754
-5.417912	-3.150077
-5.606793	-3.209141
-5.809256	-3.293475
-6.013614	-3.390126
-6.219867	-3.458351
-6.408116	-3.499728
-6.608368	-3.556897
-6.813674	-3.630491
-7.017716	-3.674079
-7.205965	-3.750516
-7.401795	-3.820004
-7.612786	-3.876542
-7.817775	-3.927711
-8.004762	-3.975089
-8.203118	-4.050894
-8.417583	-4.133016
-8.613097	-4.185132
-8.806085	-4.224614
-9.003178	-4.291575
-9.068875	-4.328846
-9.067296	-4.360431
-9.057505	-4.388543
-9.062874	-4.394228
-9.079299	-4.387911
-9.078982	-4.384120
-9.058452	-4.386963
-9.029710	-4.397387
-9.015812	-4.399913
-8.990543	-4.374013
-8.810506	-4.261885
-8.600147	-4.217981
-8.416951	-4.176920
-8.215753	-4.126067
-8.007920	-4.053737
-7.806721	-3.986144
-7.612154	-3.910970
-7.416640	-3.840535
-7.212282	-3.764098
-7.005082	-3.734408
-6.814621	-3.668710
-6.612790	-3.558477
-6.412539	-3.467510
-6.206601	-3.415079
-6.014878	-3.370543
-5.819995	-3.311162
-5.612479	-3.225882
-5.405910	-3.126704
-5.210080	-3.051846
-5.010144	-2.989307
-4.805155	-2.946351
-4.609641	-2.898972
-4.414443	-2.837065
-4.223666	-2.744204
-4.010149	-2.651974
-3.796315	-2.601437
-3.611224	-2.565114
-3.418869	-2.492468
-3.209773	-2.409082
-3.010153	-2.334540
-2.814639	-2.264736
-2.620073	-2.181351
-2.404976	-2.102387
-2.203777	-2.035426
-2.016791	-1.971939
-1.815591	-1.867391
-1.607759	-1.795061
-1.409718	-1.720835
-1.212309	-1.647241
-1.019322	-1.556275
-0.813069	-1.450463
-0.603657	-1.356023
-0.412249	-1.244526
-0.214840	-1.070806
-0.012378	-0.828230
0.198323	-0.554700
0.385965	-0.325705
0.577397	-0.081550
0.787783	0.117454
0.995010	0.252025
1.192445	0.307307
1.386405	0.344267
1.586050	0.392283
1.790119	0.448512
1.985974	0.451039
2.179617	0.463359
2.392847	0.489578
2.595335	0.503478
2.805406	0.504741
2.980096	0.531276
3.187955	0.565709
3.390759	0.564761
3.589458	0.564761
3.786576	0.572027
3.989697	0.599194
4.188079	0.643103
4.390568	0.643103
4.581368	0.634890
4.785752	0.673429
4.992664	0.658266
5.191046	0.665848
5.379635	0.692699
5.585599	0.701228
5.791879	0.720182
5.994683	0.717339
6.186116	0.691751
6.393027	0.725868
6.593936	0.765671
6.784421	0.731870
6.980592	0.753667
7.190346	0.780202
7.395994	0.759353
7.593429	0.751771
7.782650	0.765355
7.981980	0.804842
8.190786	0.814318
8.384430	0.804210
8.584707	0.780518
8.788460	0.805158
8.991264	0.819373
9.181749	0.815582
9.382975	0.833588
9.576934	0.831693
9.789532	0.812107
9.980017	0.812739
9.783529	0.815582
9.585148	0.838958
9.385186	0.862966
9.188067	0.811475
8.984631	0.753351
8.785933	0.774200
8.593868	0.802630
8.386326	0.809896
8.178782	0.822848
7.985455	0.800735
7.796865	0.749876
7.589954	0.735977
7.386833	0.734713
7.177395	0.789679
6.996703	0.810212
6.781578	0.713864
6.586039	0.692699
6.392079	0.694910
6.187695	0.720814
5.989313	0.740399
5.777663	0.716391
5.578965	0.680063
5.400485	0.647842
5.184728	0.651317
4.985714	0.677852
4.787648	0.698069
4.585475	0.683854
4.388041	0.624466
4.184920	0.555916
3.982115	0.571711
3.790998	0.627624
3.591985	0.636785
3.384442	0.587822
3.181005	0.537278
2.988941	0.502530
2.793718	0.495264
2.586174	0.506637
2.375788	0.511059
2.189410	0.503478
1.991344	0.434613
1.781274	0.376804
1.585103	0.389755
1.391775	0.383437
1.194972	0.318995
0.987429	0.219488
0.780202	0.095657
0.586874	-0.072706
0.387228	-0.307702
0.189162	-0.598288
-0.014273	-0.853498
-0.209471	-1.067332
-0.406880	-1.242631
-0.617239	-1.379396
-0.823492	-1.466256
-1.012689	-1.538587
-1.204728	-1.614076
-1.409718	-1.730310
-1.619130	-1.810222
-1.805168	-1.875604
-2.003209	-1.950777
-2.219569	-2.020265
-2.417610	-2.091016
-2.611229	-2.159557
-2.802321	-2.255261
-3.014259	-2.349385
-3.215775	-2.385709
-3.410973	-2.442247
-3.608066	-2.533844
-3.811792	-2.621336
-4.014571	-2.704090
-4.212927	-2.749257
-4.405599	-2.808954
-4.615326	-2.893919
-4.811156	-2.970356
-5.007301	-3.046161
-5.210396	-3.124177
-5.410332	-3.184505
-5.615322	-3.226198
-5.812415	-3.282420
-5.999401	-3.357593
-6.201863	-3.464036
-6.418856	-3.530681
-6.607105	-3.551844
-6.809252	-3.625438
-7.017716	-3.698716
-7.217336	-3.781154
-7.408112	-3.857907
-7.602678	-3.920762
-7.807668	-3.995304
-8.022765	-4.039523
-8.205960	-4.080900
-8.417899	-4.202504
-8.612782	-4.264411
-8.809243	-4.308947
-8.992438	-4.343060
-9.050240	-4.349692
-9.056241	-4.371486
-9.058768	-4.395175
-9.062874	-4.398966
-9.077087	-4.386647
-9.090353	-4.370854
-9.082141	-4.364222
-9.053082	-4.377803
-9.014548	-4.392964
-8.976014	-4.376224
-8.814297	-4.335479
-8.610887	-4.217665
-8.406213	-4.164917
-8.218595	-4.128594
-8.017712	-4.069530
-7.803562	-3.988039
-7.600783	-3.912234
-7.394846	-3.844009
-7.217968	-3.800105
-7.017084	-3.725248
-6.803251	-3.645968
-6.615949	-3.593537
-6.412854	-3.503202
-6.206601	-3.426450
-6.003191	-3.368016
-5.813046	-3.330114
-5.615953	-3.261889
-5.412543	-3.157657
-5.204395	-3.077430
-5.011092	-3.019629
-4.807682	-2.956142
-4.619116	-2.892339
-4.408125	-2.817166
-4.210084	-2.760312
-4.016466	-2.693351
-3.816530	-2.605543
-3.601749	-2.532265
-3.414131	-2.496574
-3.216090	-2.413188
-3.013628	-2.318116
-2.805164	-2.239152
-2.607123	-2.177561
-2.413820	-2.098281
-2.222728	-2.012685
-2.005420	-1.914770
-1.813064	-1.868023
-1.616603	-1.777373
-1.408139	-1.689565
-1.206624	-1.625447
-1.010162	-1.559117
-0.818754	-1.473837
-0.615344	-1.361392
-0.413197	-1.220837
-0.205996	-1.066384
-0.012062	-0.818123
0.192321	-0.565755
0.389124	-0.314019
0.585294	-0.085656
0.785256	0.085864
0.982059	0.216329
1.189602	0.329104
1.394934	0.377120
1.576573	0.402391
1.787276	0.432401
1.989448	0.430190
2.187831	0.442194
2.383686	0.481365
2.582384	0.536647
2.787400	0.557812
2.990520	0.517377
3.182585	0.500635
3.395182	0.559707
3.591353	0.602353
3.782785	0.627624
3.984958	0.626677
4.183341	0.597299
4.389936	0.599510
4.591161	0.630152
4.784489	0.673429
4.991716	0.715443
5.191678	0.694278
5.385005	0.651632
5.579913	0.640260
5.781770	0.693962
5.991840	0.756510
6.199699	0.774516
6.388288	0.731238
6.588566	0.691119
6.791687	0.680695
6.985962	0.740399
7.178027	0.797892
7.381463	0.816846
7.591218	0.799156
7.795286	0.735661
7.981348	0.708178
8.180677	0.810212
8.393275	0.860123
8.583444	0.848435
8.784353	0.814634
8.987158	0.746401
9.184277	0.767250
9.385818	0.850962
9.582621	0.869600
9.780686	0.866757
9.988862	0.830113
9.782898	0.746401
9.584516	0.757141
9.389293	0.839590
9.183013	0.875918
8.995687	0.855701
8.790356	0.782413
8.578706	0.727447
8.391064	0.775779
8.186048	0.819373
7.974714	0.838011
7.786125	0.819689
7.591849	0.758089
7.396626	0.707862
7.189083	0.724604
6.973011	0.774200
6.797688	0.801051
6.597727	0.735661
6.381655	0.709441
6.192750	0.667743
5.985206	0.692383
5.790615	0.741031
5.585915	0.733765
5.377424	0.679747
5.190098	0.663952
4.992348	0.617200
4.783857	0.646262
4.588002	0.685433
4.384250	0.674693
4.187447	0.629836
3.997278	0.578029
3.781522	0.545176
3.585667	0.589717
3.394550	0.593192
3.177530	0.555916
2.987361	0.535699
2.799088	0.495896
2.598494	0.480101
2.390635	0.476311
2.182776	0.460832
1.985026	0.473468
1.793594	0.421029
1.573730	0.375540
1.394302	0.354059
1.193709	0.316784
0.987429	0.235599
0.784308	0.104502
0.581820	-0.089762
0.380279	-0.302964
0.198007	-0.567650
-0.013957	-0.868028
-0.208523	-1.061962
-0.403721	-1.232524
-0.617239	-1.369605
-0.817175	-1.464993
-1.013952	-1.548694
-1.215152	-1.614392
-1.402453	-1.686723
-1.615339	-1.810853
-1.816539	-1.866760
-2.008894	-1.941301
-2.209778	-2.024687
-2.413188	-2.099545
-2.614072	-2.181983
-2.819693	-2.266632
-3.006363	-2.329171
-3.214195	-2.428033
-3.424554	-2.455513
-3.602696	-2.503522
-3.807686	-2.605228
-4.012991	-2.672189
-4.213559	-2.744204
-4.418865	-2.808322
-4.610588	-2.852542
-4.806102	-2.935611
-5.018988	-3.022471
-5.207869	-3.091012
-5.405278	-3.176924
-5.613111	-3.240411
-5.807993	-3.313374
-6.012351	-3.386020
-6.211971	-3.436557
-6.403378	-3.522469
-6.621318	-3.604276
-6.809567	-3.640915
-7.012346	-3.720826
-7.216073	-3.794420
-7.413482	-3.862329
-7.616892	-3.915392
-7.809247	-3.953611
-8.005393	-4.033522
-8.224912	-4.091639
-8.408739	-4.137122
-8.602990	-4.230615
-8.813033	-4.291259
-8.998440	-4.332005
-9.052135	-4.353167
-9.061927	-4.366117
-9.061295	-4.380646
-9.079299	-4.386963
-9.079930	-4.384752
-9.070770	-4.386647
-9.053082	-4.397387
-9.030972	-4.398966
-9.020234	-4.396123
-8.981068	-4.372118
-8.804189	-4.290627
-8.614361	-4.242618
-8.416320	-4.156705
-8.206277	-4.111538
-8.016448	-4.056263
-7.809563	-3.969088
-7.605205	-3.896441
-7.401795	-3.825058
-7.209124	-3.783049
-7.020558	-3.743883
-6.814937	-3.635229
-6.602683	-3.568584
-6.420119	-3.519311
-6.212286	-3.425186
-6.002244	-3.377492
-5.809888	-3.312426
-5.610584	-3.226514
-5.416649	-3.156394
-5.213554	-3.068270
-5.000037	-3.010153
-4.813051	-2.969724
-4.616273	-2.873704
-4.413495	-2.790003
-4.210716	-2.725884
-4.010780	-2.665240
-3.806422	-2.623547
-3.617226	-2.561324
-3.406235	-2.470674
-3.208194	-2.400238
-3.016470	-2.304218
-2.814323	-2.219569
-2.602385	-2.167769
-2.403713	-2.108073
-2.215147	-2.036690
-2.022160	-1.943512
-1.805168	-1.848756
-1.613760	-1.804220
-1.416351	-1.718940
-1.205992	-1.620393
-1.005740	-1.539219
-0.811805	-1.458360
-0.615976	-1.364551
-0.415408	-1.247053
-0.206312	-1.049644
-0.008903	-0.808647
0.186319	-0.571756
0.385333	-0.310860
0.588769	-0.073022
0.789363	0.111136
0.990272	0.212538
1.185811	0.282351
1.387036	0.370486
1.595527	0.414711
1.779694	0.430822
1.986605	0.470940
2.193833	0.445669
2.390319	0.455146
2.589649	0.497476
2.780134	0.545176
2.984834	0.571711
3.192377	0.545492
3.383178	0.507584
3.592616	0.562550
3.797632	0.610566
3.984326	0.625097
4.184920	0.638681
4.384565	0.625413
4.584843	0.617516
4.793966	0.634890
4.982871	0.670902
5.190098	0.727763
5.387533	0.715759
5.585283	0.681643
5.786192	0.666795
5.980152	0.687645
6.187063	0.741031
6.400924	0.776411
6.588566	0.722393
6.784737	0.739135
6.994492	0.730290
7.184660	0.734713
7.384622	0.778938
7.586795	0.794733
7.785809	0.785888
7.992720	0.784308
8.181310	0.765987
8.381903	0.791574
8.592605	0.844013
8.785933	0.826322
8.981156	0.801051
9.180486	0.806737
9.383607	0.806421
9.583884	0.815898
9.785425	0.843697
9.979384	0.841801
9.792690	0.835799
9.584516	0.801999
9.379816	0.789047
9.182065	0.806737
8.989054	0.832009
8.787196	0.820005
8.590077	0.789363
8.378112	0.789679
8.190471	0.791574
7.985138	0.766302
7.781702	0.769777
7.586163	0.769777
7.390940	0.779570
7.197296	0.772304
6.987226	0.719866
6.771470	0.731870
6.597727	0.747349
6.389236	0.714812
6.176007	0.716075
5.986786	0.730922
5.788720	0.693331
5.588758	0.686381
5.383742	0.686697
5.183465	0.673113
4.988873	0.684486
4.794281	0.657634
4.583263	0.625413
4.384881	0.627309
4.190290	0.618148
3.993803	0.612462
3.790367	0.612146
3.585351	0.571711
3.383810	0.554021
3.194904	0.536963
2.980727	0.508216
2.784241	0.529381
2.587122	0.527802
2.392531	0.493369
2.194780	0.447248
1.984394	0.417870
1.786960	0.429242
1.599318	0.417554
1.385457	0.373961
1.179809	0.317731
0.991220	0.235599
0.790942	0.101659
0.583083	-0.089446
0.384385	-0.329811
0.193269	-0.591655
-0.005745	-0.818123
-0.213893	-1.061331
-0.415092	-1.227786
-0.606500	-1.355075
-0.814016	-1.456465
-1.008583	-1.541114
-1.211361	-1.642503
-1.415403	-1.723046
-1.604916	-1.782742
-1.815907	-1.883500
-2.020581	-1.947934
-2.210725	-2.003840
-2.398659	-2.087858
-2.604912	-2.192722
-2.820009	-2.259051
-3.015207	-2.312114
-3.206615	-2.374338
-3.417606	-2.470674
-3.615330	-2.530054
-3.808634	-2.601753
-4.005411	-2.675031
-4.217033	-2.753679
-4.417917	-2.815271
-4.612484	-2.880653
-4.806734	-2.973830
-5.010460	-3.061637
-5.213554	-3.110595
-5.411280	-3.150393
-5.608373	-3.227777
-5.816837	-3.315269
-6.013614	-3.389810
-6.213866	-3.457087
-6.407485	-3.500991
-6.606473	-3.564478
-6.814937	-3.637125
-7.006345	-3.685766
-7.200912	-3.783997
-7.411586	-3.862329
-7.615944	-3.895178
-7.815248	-3.929922
-8.007920	-3.986459
-8.211015	-4.087533
-8.421373	-4.178815
-8.605201	-4.214507
-8.798820	-4.265991
-9.000335	-4.322529
-9.063190	-4.345586
-9.060663	-4.369907
-9.050872	-4.393912
-9.069191	-4.389806
-9.101725	-4.366433
-9.092880	-4.364222
-9.064453	-4.380330
-9.037605	-4.395175
-9.011390	-4.403388
-8.979804	-4.384120
-8.809875	-4.291575
-8.604253	-4.224930
-8.412530	-4.207874
-8.217648	-4.133016
-8.004129	-4.060054
-7.808616	-3.996567
-7.616260	-3.905285
-7.413166	-3.820952
-7.213546	-3.758729
-7.008556	-3.712298
-6.816201	-3.652601
-6.612790	-3.557845
-6.396746	-3.472564
-6.205338	-3.442874
-6.011403	-3.394232
-5.817469	-3.333588
-5.609952	-3.249887
-5.410016	-3.176293
-5.212923	-3.097961
-5.010776	-3.026578
-4.808945	-2.976989
-4.611220	-2.924556
-4.417601	-2.852858
-4.214191	-2.755890
-4.009833	-2.670294
-3.807370	-2.622916
-3.610277	-2.567009
-3.418237	-2.485519
-3.212616	-2.384761
-3.006995	-2.323801
-2.818429	-2.261894
-2.616598	-2.182614
-2.404976	-2.091648
-2.205987	-2.024371
-2.013948	-1.944144
-1.816223	-1.849704
-1.607759	-1.761264
-1.410350	-1.709780
-1.218310	-1.630500
-1.015216	-1.532901
-0.809279	-1.432775
-0.611554	-1.345284
-0.413829	-1.249896
-0.212313	-1.063226
-0.010482	-0.828862
0.194216	-0.570177
0.383753	-0.321915
0.581188	-0.072706
0.794417	0.125983
0.989956	0.242548
1.190234	0.309834
1.387984	0.357218
1.580680	0.396705
1.792014	0.436508
1.985026	0.430822
2.178038	0.469677
2.390635	0.514218
2.596915	0.515798
2.797824	0.492421
2.981043	0.526854
3.187007	0.558128
3.394550	0.566973
3.580297	0.579292
3.784365	0.590981
3.995067	0.598246
4.188079	0.619095
4.386145	0.624150
4.583263	0.654791
4.785752	0.687960
4.997086	0.657003
5.187571	0.644367
5.378056	0.691751
5.588126	0.708178
5.790931	0.730922
5.991840	0.732186
6.186116	0.699964
6.388288	0.706282
6.594884	0.734397
6.784421	0.731554
6.979329	0.768198
7.187187	0.804842
7.395678	0.757773
7.591218	0.722077
7.778859	0.748612
7.981980	0.795997
8.193629	0.832640
8.388853	0.824111
8.582180	0.790942
8.790039	0.785888
8.995687	0.799787
9.190595	0.818741
9.373814	0.852226
9.582305	0.856648
9.788268	0.795997
9.986650	0.771989
9.782898	0.788415
9.582936	0.862335
9.387713	0.882868
9.188067	0.847172
8.985579	0.769461
8.782774	0.741979
8.589130	0.778938
8.390432	0.837695
8.181625	0.827586
7.978189	0.818741
7.800024	0.745137
7.596272	0.698069
7.386833	0.743558
7.182449	0.805789
6.987542	0.797892
6.790739	0.764723
6.587618	0.671534
6.387657	0.673429
6.192750	0.733449
5.989629	0.753667
5.785561	0.729659
5.584651	0.696490
5.393535	0.636785
5.191994	0.632363
4.987926	0.671850
4.784489	0.696490
4.590845	0.698069
4.391831	0.638365
4.179234	0.559075
3.984326	0.560339
3.789103	0.607407
3.591669	0.620043
3.386653	0.587506
3.180373	0.531908
2.996206	0.496528
2.806985	0.481997
2.585859	0.503162
2.382422	0.510111
2.189726	0.494948
1.991976	0.439351
1.783485	0.382174
1.582576	0.377435
1.399356	0.384701
1.194656	0.322154
0.983006	0.234335
0.781465	0.105450
0.589401	-0.079655
0.390387	-0.320336
0.190426	-0.593234
-0.014904	-0.859184
-0.208839	-1.067016
-0.409407	-1.241999
-0.610922	-1.379080
-0.814332	-1.474468
-1.008583	-1.516477
-1.206939	-1.602389
-1.409402	-1.720203
-1.616603	-1.802325
-1.809590	-1.862654
-2.010473	-1.937827
-2.217674	-2.036374
-2.416978	-2.104914
-2.609965	-2.175665
-2.805795	-2.260630
-3.013312	-2.349701
-3.217354	-2.402449
-3.414447	-2.462461
-3.605855	-2.551217
-3.816214	-2.649447
-4.017097	-2.718619
-4.216402	-2.757154
-4.403388	-2.795056
-4.609957	-2.874336
-4.805786	-2.969092
-5.012671	-3.051530
-5.206922	-3.112490
-5.409700	-3.183873
-5.615005	-3.255572
-5.820943	-3.303898
-6.007929	-3.380651
-6.207549	-3.464036
-6.412222	-3.542052
-6.618475	-3.593221
-6.804514	-3.639335
-7.006977	-3.728406
-7.217020	-3.810844
-7.409376	-3.858539
-7.604889	-3.902127
-7.805141	-3.960875
-8.013289	-4.025626
-8.214173	-4.100799
-8.411266	-4.176288
-8.606149	-4.264728
-8.815244	-4.322845
-8.994650	-4.350956
-9.052135	-4.348113
-9.063190	-4.366117
-9.065085	-4.384752
-9.082141	-4.380962
-9.092565	-4.373382
-9.081194	-4.372118
-9.078035	-4.371486
-9.043922	-4.388543
-9.006336	-4.397070
-8.978857	-4.368959
-8.805137	-4.317159
-8.611518	-4.219876
-8.412530	-4.144387
-8.206277	-4.111538
-8.018659	-4.060054
-7.814933	-3.970351
-7.607100	-3.886650
-7.401795	-3.839271
-7.217020	-3.806107
-7.017084	-3.738514
-6.808620	-3.657655
-6.610895	-3.592273
-6.415697	-3.526575
-6.213234	-3.430556
-6.000348	-3.364226
-5.805466	-3.303266
-5.612795	-3.245465
-5.406857	-3.161448
-5.205342	-3.093539
-5.000985	-3.016786
-4.809261	-2.964986
-4.622591	-2.882548
-4.410020	-2.797267
-4.204399	-2.740098
-4.009517	-2.686718
-3.813687	-2.627969
-3.611540	-2.545847
-3.408446	-2.464041
-3.214511	-2.407503
-3.017734	-2.322222
-2.810533	-2.232203
-2.599226	-2.172507
-2.407819	-2.118496
-2.219569	-2.038584
-2.013632	-1.943512
-1.810538	-1.861390
-1.609654	-1.791586
-1.416035	-1.715150
-1.203781	-1.619130
-0.998791	-1.537007
-0.811174	-1.452043
-0.619766	-1.356339
-0.414460	-1.226522
-0.209787	-1.046801
-0.007640	-0.839285
0.183792	-0.596077
0.385965	-0.315598
0.594455	-0.071442
0.795997	0.089023
0.982375	0.198955
1.184232	0.313941
1.393670	0.395126
1.588893	0.425767
1.778430	0.432085
1.988501	0.435876
2.195728	0.451671
2.390003	0.487999
2.582068	0.515482
2.784873	0.548651
2.993679	0.528117
3.190482	0.505373
3.384757	0.530645
3.583771	0.610250
3.794789	0.639628
3.992856	0.633626
4.181761	0.594140
4.382986	0.573290
4.581684	0.622570
4.790807	0.697437
4.988557	0.696805
5.183465	0.706914
5.393535	0.685749
5.587494	0.637733
5.782086	0.677852
5.984574	0.746085
6.185484	0.775463
6.393027	0.760300
6.591725	0.686065
6.778419	0.673745
6.997966	0.750508
7.189083	0.789679
7.387781	0.796628
7.586163	0.783045
7.788336	0.737872
7.985770	0.728395
8.186680	0.787783
8.380323	0.842117
8.588814	0.867705
8.795726	0.816214
8.991264	0.751455
9.177958	0.755562
9.379816	0.832009
9.586411	0.880025
9.787320	0.934359
9.980332	0.804842
9.788268	0.791574
9.593677	0.775779
9.383290	0.813687
9.174168	0.862650
8.982420	0.859491
8.790987	0.803578
8.588814	0.759037
8.379375	0.756826
8.182257	0.823479
7.988297	0.835168
7.786125	0.778306
7.576370	0.755562
7.393783	0.741031
7.187187	0.741031
6.986910	0.762196
6.783473	0.776727
6.584459	0.748612
6.393027	0.715127
6.186431	0.679115
5.976677	0.685117
5.783665	0.732186
5.591917	0.731554
5.386901	0.701860
5.188519	0.651948
4.979080	0.655423
4.794281	0.655107
4.582632	0.643103
4.374141	0.644999
4.182393	0.626045
3.996015	0.607091
3.788156	0.575502
3.583771	0.553073
3.394234	0.570132
3.189850	0.577397
2.981991	0.517693
2.778555	0.517061
2.593440	0.502846
2.395374	0.470625
2.187831	0.474731
1.985026	0.443142
1.779062	0.420713
1.587946	0.415975
1.394618	0.347741
1.179809	0.298146
0.983638	0.239389
0.785572	0.112399
0.588453	-0.070495
0.390071	-0.335813
0.188530	-0.581547
-0.003218	-0.815912
-0.203154	-1.081861
-0.419830	-1.260635
-0.619134	-1.358865
-0.813385	-1.458676
-1.005740	-1.543325
-1.205992	-1.631132
-1.415719	-1.722098
-1.613128	-1.790955
