# Configuration automatically generated by WRITE_CONFIG()
connection eth
ip 192.168.0.10
samplehz 1000.000000
settleus 10.000000
nsample 128

# Analog Inputs
aichannel 0
ainegative 199
airange 10.000000
airesolution 0

aichannel 1
ainegative 199
airange 10.000000
airesolution 0

# Analog Outputs
aochannel 0
aosignal triangle
aofrequency 5.000000
aoamplitude 2.000000
aooffset 2.500000
aoduty 0.500000

# Meta Parameters
int:periods 10
flt:tip_T_C 329.706681
flt:plate_T_C 304.257859
flt:plate_Q_kW 1.361533
flt:cool_Thigh_C 50.835546
flt:cool_Tlow_C 8.862972
flt:air_psig 20.000000
flt:water_gph 7.000000
flt:standoff_in 0.228000
flt:oxygen_scfh 12.109375
flt:fuel_scfh 7.886375
flt:flow_scfh 19.995750
flt:ratio_fto 0.651262

## End Configuration ##
#: Wed Mar 22 18:00:54 2017
-7.596361	-2.607754
-9.995592	-3.152604
-9.792498	-3.083116
-9.607408	-3.034474
-9.393574	-2.961828
-9.215116	-2.943192
-8.991807	-2.911607
-8.801031	-2.843382
-8.604569	-2.824431
-8.396421	-2.774526
-8.207856	-2.754943
-7.998128	-2.706933
-7.799140	-2.666503
-7.596045	-2.604596
-7.398636	-2.568273
-7.205965	-2.517104
-7.008556	-2.479202
-6.797565	-2.447616
-6.602367	-2.389499
-6.401168	-2.377181
-6.197757	-2.292216
-6.001296	-2.255261
-5.801360	-2.152924
-5.608057	-2.127971
-5.396750	-2.081541
-5.202816	-2.049008
-4.998774	-1.998155
-4.801996	-1.934984
-4.602060	-1.854125
-4.408757	-1.805800
-4.194608	-1.796640
-4.006990	-1.765686
-3.799790	-1.740102
-3.591010	-1.649136
-3.411288	-1.596388
-3.197771	-1.544588
-3.006047	-1.522478
-2.800426	-1.466888
-2.604280	-1.424247
-2.397711	-1.326017
-2.216411	-1.305802
-1.994681	-1.229049
-1.807695	-1.198411
-1.602074	-1.188936
-1.400558	-1.100812
-1.200938	-1.060699
-0.998160	-0.984578
-0.807068	-0.970680
-0.603657	-0.903403
-0.397404	-0.862342
-0.196521	-0.705047
-0.008587	-0.559438
0.207800	-0.332022
0.383753	-0.166830
0.602353	0.029635
0.790626	0.125983
1.003540	0.247918
1.200027	0.306675
1.393038	0.342055
1.597423	0.385649
1.791066	0.408709
1.995135	0.433981
2.200150	0.443458
2.397901	0.484524
2.597547	0.453566
2.805722	0.493369
2.987045	0.508532
3.197116	0.514534
3.394866	0.560339
3.597039	0.545176
3.804266	0.545492
4.000437	0.539174
4.195344	0.576134
4.402887	0.593508
4.597479	0.652896
4.793018	0.606144
5.002457	0.611830
5.189782	0.593508
5.400485	0.649421
5.582124	0.647526
5.804830	0.689224
5.986154	0.652264
6.203806	0.610250
6.401556	0.652580
6.597727	0.665216
6.797057	0.703123
6.993860	0.700596
7.193821	0.691751
7.397258	0.622254
7.596272	0.702176
7.795918	0.699964
7.999986	0.766302
8.185416	0.745453
8.400225	0.693331
8.591341	0.671534
8.798569	0.709757
8.991264	0.752403
9.194386	0.781781
9.390872	0.752403
9.595888	0.681643
9.797429	0.695226
9.990757	0.728079
9.797745	0.791574
9.580725	0.765987
9.400664	0.762512
9.184592	0.669639
9.003268	0.681327
8.795409	0.743874
8.596395	0.761880
8.393907	0.763775
8.197104	0.708809
7.991140	0.656687
7.798445	0.653212
7.595640	0.722077
7.393783	0.711653
7.199823	0.727447
6.986594	0.653212
6.798320	0.621622
6.597095	0.644999
6.400609	0.674377
6.202858	0.698069
5.999738	0.681011
5.789983	0.628572
5.595392	0.591928
5.391007	0.630783
5.192626	0.625413
5.002772	0.669639
4.787016	0.604880
4.603797	0.599510
4.385513	0.539174
4.201030	0.598878
3.994435	0.597614
3.802687	0.582767
3.591037	0.542333
3.398657	0.502846
3.189850	0.506321
3.003156	0.499371
2.793402	0.527486
2.603549	0.483260
2.389688	0.470625
2.199203	0.411552
2.003664	0.443773
1.788223	0.412500
1.597107	0.399864
1.398725	0.342055
1.201290	0.302568
0.992483	0.211591
0.804210	0.149991
0.589717	-0.002902
0.403655	-0.168410
0.204325	-0.330759
-0.003534	-0.553121
-0.199048	-0.696834
-0.404353	-0.835495
-0.600815	-0.912879
-0.801066	-0.974471
-0.998791	-0.995949
-1.203465	-1.050591
-1.398031	-1.109340
-1.600494	-1.199359
-1.797272	-1.262214
-2.009210	-1.281797
-2.200302	-1.324753
-2.406239	-1.344336
-2.600806	-1.454885
-2.796004	-1.488682
-3.007310	-1.553432
-3.199350	-1.566698
-3.410657	-1.600178
-3.593852	-1.671877
-3.799158	-1.778636
-3.997199	-1.832332
-4.213875	-1.895502
-4.385384	-1.879078
-4.608377	-1.882236
-4.800417	-1.984889
-4.994983	-2.025319
-5.208185	-2.111231
-5.398014	-2.103651
-5.601424	-2.119128
-5.806098	-2.138710
-6.000032	-2.266632
-6.197442	-2.350649
-6.412854	-2.425506
-6.585627	-2.418558
-6.814937	-2.414136
-6.997501	-2.451406
-7.206597	-2.563219
-7.394846	-2.614703
-7.602994	-2.597963
-7.801983	-2.617862
-8.002550	-2.641551
-8.203118	-2.747678
-8.406844	-2.850647
-8.601727	-2.930558
-8.800714	-2.907816
-9.000650	-2.927715
-9.185741	-2.911607
-9.409367	-3.013312
-9.596037	-3.101751
-9.797235	-3.109963
-10.000647	-3.132705
-9.794077	-3.053109
-9.602037	-3.029420
-9.406208	-3.049003
-9.199955	-3.039212
-9.003178	-2.936243
-8.800714	-2.856016
-8.593830	-2.736939
-8.410634	-2.720830
-8.193010	-2.741045
-8.006341	-2.704406
-7.795666	-2.667767
-7.608995	-2.572063
-7.396425	-2.542688
-7.204702	-2.487730
-7.005397	-2.496258
-6.800408	-2.432771
-6.605210	-2.370232
-6.390113	-2.264421
-6.205970	-2.260314
-5.992136	-2.205040
-5.809256	-2.243574
-5.592580	-2.148186
-5.409384	-2.095123
-5.199657	-2.054061
-4.997826	-1.998787
-4.796627	-1.969097
-4.609641	-1.927404
-4.395175	-1.866128
-4.207558	-1.788112
-3.996567	-1.736628
-3.798842	-1.642187
-3.605223	-1.649768
-3.395180	-1.572699
-3.211984	-1.549958
-2.988043	-1.513003
-2.799478	-1.468467
-2.591962	-1.404664
-2.409398	-1.357602
-2.201881	-1.310856
-2.006683	-1.262530
-1.797903	-1.231892
-1.604600	-1.161772
-1.403717	-1.134609
-1.198411	-1.044590
-1.004161	-1.023428
-0.785905	-0.941622
-0.610922	-0.881609
-0.398352	-0.802962
-0.205049	-0.687043
-0.000691	-0.535117
0.198639	-0.355711
0.395126	-0.154196
0.592876	0.016999
0.803578	0.142094
0.994695	0.252025
1.195288	0.266240
1.406938	0.355323
1.587946	0.380279
1.797068	0.423240
1.991028	0.430822
2.198571	0.451671
2.394110	0.449775
2.602285	0.469677
2.798456	0.499371
3.000629	0.513270
3.192377	0.540753
3.392023	0.512955
3.599250	0.550230
3.796053	0.541385
4.002332	0.603301
4.187447	0.563498
4.401940	0.611198
4.591793	0.602037
4.799336	0.596351
4.991400	0.616884
5.202102	0.637733
5.384058	0.641840
5.601394	0.660478
5.779874	0.635522
6.008583	0.624466
6.198436	0.682274
6.392711	0.651632
6.599307	0.688592
6.787896	0.687960
6.993860	0.679431
7.197928	0.647526
7.396626	0.697121
7.595956	0.697753
7.800024	0.741979
7.985455	0.726500
8.198368	0.678484
8.393591	0.709441
8.594185	0.697437
8.801727	0.745453
8.996319	0.746717
9.195649	0.754930
9.391188	0.699964
9.593361	0.713864
9.791427	0.735345
10.002130	0.758405
9.787320	0.771673
9.599362	0.745453
9.387081	0.681011
9.198176	0.702492
8.991264	0.749244
8.791935	0.740715
8.603029	0.769461
8.387589	0.705651
8.200895	0.670270
7.990193	0.680063
7.799392	0.730606
7.594060	0.722077
7.401996	0.727447
7.184976	0.652264
7.006179	0.626045
6.787896	0.671534
6.600254	0.677220
6.404715	0.705019
6.195909	0.674693
5.996579	0.626677
5.793774	0.587190
5.591601	0.641524
5.393851	0.641524
5.202734	0.675956
4.988873	0.615620
4.805022	0.590981
4.584211	0.550546
4.412048	0.602037
4.184288	0.618148
4.001069	0.594455
3.797948	0.562866
3.592932	0.494001
3.397077	0.510743
3.193325	0.525590
3.001577	0.536647
2.805406	0.512639
2.597231	0.475363
2.395058	0.420397
2.204257	0.445985
1.984394	0.439035
1.796437	0.419765
1.594264	0.403971
1.400620	0.316784
1.203817	0.282983
1.000697	0.230860
0.793785	0.150307
0.596983	0.015104
0.391335	-0.153565
0.197059	-0.362660
0.007206	-0.537960
-0.213577	-0.724630
-0.392982	-0.815912
-0.614080	-0.901824
-0.795697	-0.933094
-1.005108	-0.991843
-1.193358	-1.060383
-1.403401	-1.089757
-1.602705	-1.171248
-1.800746	-1.207255
-2.003525	-1.279270
-2.206303	-1.307065
-2.403081	-1.397400
-2.598911	-1.410982
-2.809901	-1.502895
-2.995624	-1.519636
-3.207246	-1.561644
-3.398654	-1.632711
-3.604591	-1.663349
-3.799158	-1.727784
-4.000989	-1.770740
-4.197451	-1.776109
-4.410968	-1.813380
-4.599533	-1.889501
-4.795047	-1.940038
-5.007301	-2.052482
-5.190497	-2.070170
-5.410332	-2.102387
-5.595738	-2.109020
-5.813046	-2.225570
-5.995610	-2.305482
-6.202495	-2.374338
-6.400852	-2.392973
-6.605210	-2.385393
-6.795986	-2.422032
-7.007293	-2.498785
-7.202806	-2.580907
-7.402427	-2.614388
-7.603942	-2.636813
-7.796613	-2.603964
-8.007288	-2.687350
-8.205013	-2.784001
-8.402738	-2.850015
-8.592566	-2.894866
-8.797873	-2.887918
-8.998440	-2.893287
-9.205324	-3.012996
-9.397364	-3.101119
-9.603301	-3.172503
-9.806711	-3.220196
-9.988012	-3.176293
-9.809870	-3.141865
-9.596353	-3.100172
-9.410630	-3.085326
-9.200586	-2.986148
-9.004441	-2.895182
-8.797873	-2.789687
-8.607096	-2.766314
-8.399579	-2.790003
-8.207540	-2.744519
-7.995917	-2.724621
-7.807352	-2.611861
-7.599836	-2.570168
-7.402111	-2.544584
-7.208176	-2.598911
-6.998765	-2.554059
-6.807673	-2.492783
-6.596998	-2.370548
-6.404326	-2.315905
-6.196810	-2.270422
-6.005402	-2.304534
-5.799781	-2.238836
-5.612479	-2.176297
-5.397382	-2.105230
-5.199973	-2.029425
-5.004143	-2.048060
-4.799785	-2.009842
-4.608061	-1.950145
-4.396755	-1.841807
-4.205347	-1.765686
-4.002252	-1.727152
-3.808634	-1.752104
-3.593221	-1.694619
-3.410657	-1.620077
-3.203456	-1.548062
-3.008574	-1.468467
-2.799162	-1.452990
-2.601753	-1.430880
-2.397079	-1.405296
-2.200302	-1.305802
-2.006999	-1.261582
-1.798219	-1.194621
-1.607127	-1.163352
-1.395820	-1.112815
-1.205992	-1.070806
-0.990579	-0.974155
-0.804541	-0.941938
-0.590707	-0.859184
-0.404985	-0.778325
-0.205049	-0.715154
0.008154	-0.527852
0.195796	-0.369609
0.395442	-0.140930
0.596983	0.016683
0.795365	0.151886
0.998169	0.220751
1.199079	0.305095
1.389248	0.345214
1.601845	0.403971
1.785064	0.418186
2.004611	0.411868
2.189094	0.421345
2.402639	0.457357
2.597547	0.503794
2.800667	0.509164
2.993679	0.517377
3.194904	0.492105
3.399605	0.518641
3.595144	0.535699
3.800159	0.608039
4.000121	0.563498
4.194713	0.598246
4.386777	0.563182
4.600638	0.574238
4.793650	0.627309
4.994559	0.643735
5.201155	0.629204
5.395114	0.638681
5.590022	0.624150
5.796301	0.621622
5.994683	0.678484
6.194013	0.663952
6.403768	0.676588
6.592673	0.660793
6.802427	0.634890
6.989121	0.674693
7.201087	0.698385
7.395362	0.711337
7.594376	0.710705
7.795601	0.712284
7.993984	0.677852
8.195209	0.715759
8.386642	0.725236
8.599871	0.751139
8.791935	0.704387
9.002006	0.741663
9.182697	0.684486
9.396558	0.743242
9.587358	0.745453
9.795218	0.745769
10.000234	0.755878
9.798377	0.740083
9.590202	0.710073
9.400349	0.728711
9.185540	0.743874
9.001058	0.729659
8.796989	0.766618
8.585024	0.684801
8.404648	0.702176
8.182889	0.706282
7.995247	0.719550
7.798760	0.703439
7.597535	0.734397
7.391888	0.662689
7.201403	0.671534
6.986910	0.676904
6.795477	0.671534
6.605309	0.708809
6.393027	0.658266
6.203174	0.649421
5.991209	0.651948
5.800724	0.656371
5.591601	0.657003
5.393535	0.654476
5.197680	0.634258
4.998034	0.590033
4.792070	0.588138
4.604429	0.604248
4.390568	0.615620
4.200715	0.599826
3.993803	0.571711
3.793526	0.505373
3.605252	0.540437
3.387916	0.536647
3.198379	0.543912
2.993679	0.525906
2.805090	0.483892
2.600390	0.440615
2.405167	0.471572
2.189094	0.453250
2.001137	0.442826
1.794225	0.443458
1.587314	0.345214
1.402199	0.340476
1.201606	0.269083
1.006383	0.254868
0.794101	0.146516
0.601089	0.026792
0.386596	-0.169041
0.205273	-0.341814
-0.005745	-0.555332
-0.194310	-0.691781
-0.413829	-0.814964
-0.593866	-0.877503
-0.811805	-0.970680
-0.992158	-1.019322
-1.195885	-1.028166
-1.406875	-1.078387
-1.595756	-1.122290
-1.807695	-1.210730
-2.002893	-1.283060
-2.207251	-1.352864
-2.401817	-1.366446
-2.599542	-1.430565
-2.794740	-1.463413
-3.012680	-1.512371
-3.201561	-1.605864
-3.403392	-1.615971
-3.601749	-1.672825
-3.797263	-1.683248
-4.006359	-1.759053
-4.195871	-1.802325
-4.397387	-1.870866
-4.605535	-1.895818
-4.803891	-1.958673
-4.993720	-1.998471
-5.211659	-2.063853
-5.395487	-2.095123
-5.612163	-2.148818
-5.801991	-2.186404
-6.001296	-2.223044
-6.203127	-2.303271
-6.397062	-2.316537
-6.599208	-2.397395
-6.794091	-2.466252
-7.002555	-2.540162
-7.199648	-2.562271
-7.400847	-2.610913
-7.592255	-2.585645
-7.811774	-2.654501
-7.993075	-2.712934
-8.206593	-2.737886
-8.406213	-2.795372
-8.597304	-2.778948
-8.800399	-2.833275
-9.004757	-2.890760
-9.199955	-2.996887
-9.407472	-3.025630
-9.597616	-3.064796
-9.791551	-3.019629
-10.006331	-3.078694
-9.787444	-3.061321
-9.608355	-3.064796
-9.395469	-3.013943
-9.214169	-2.984253
-8.994333	-2.892024
-8.798820	-2.833275
-8.601411	-2.843382
-8.405265	-2.832643
-8.196801	-2.810533
-8.002550	-2.709460
-7.791560	-2.630812
-7.595414	-2.573642
-7.407480	-2.617230
-7.196489	-2.591962
-7.006029	-2.581538
-6.801672	-2.470358
-6.602683	-2.377812
-6.401484	-2.366441
-6.203443	-2.349070
-5.999085	-2.305798
-5.801044	-2.238836
-5.602687	-2.138079
-5.398961	-2.067643
-5.206922	-2.082804
-4.991825	-2.049324
-4.806734	-2.001945
-4.598270	-1.897082
-4.411600	-1.820013
-4.196187	-1.782742
-4.009833	-1.769792
-3.795999	-1.765686
-3.597959	-1.677247
-3.403708	-1.622604
-3.199666	-1.531322
-3.001941	-1.534481
-2.800742	-1.492788
-2.604596	-1.484260
-2.394553	-1.367710
-2.217358	-1.327596
-1.991206	-1.245158
-1.807063	-1.204097
-1.601442	-1.197464
-1.404033	-1.147875
-1.195885	-1.075228
-1.005108	-1.017111
-0.802646	-0.937516
-0.612501	-0.891401
-0.401195	-0.831704
-0.198732	-0.688938
-0.007956	-0.556279
0.209063	-0.321915
0.388492	-0.165883
0.598878	0.020790
0.791890	0.124719
1.000065	0.232440
1.195920	0.304148
1.405042	0.361641
1.590473	0.394178
1.794225	0.384385
1.996714	0.405550
2.197939	0.450091
2.395058	0.501582
2.595967	0.490842
2.804142	0.510427
2.990836	0.472204
3.198379	0.486103
3.392339	0.543912
3.599882	0.570447
3.788787	0.585610
4.008335	0.568552
4.189342	0.535699
4.397517	0.564130
4.597479	0.636785
4.789543	0.638997
5.004352	0.660162
5.192626	0.601405
5.399537	0.598878
5.589390	0.615305
5.807673	0.674693
5.987418	0.684801
6.206017	0.680379
6.390816	0.634258
6.604045	0.610250
6.791055	0.684801
6.994807	0.696805
7.193821	0.738188
7.396942	0.684801
7.594376	0.689856
7.794338	0.651948
7.998406	0.728395
8.187943	0.753667
8.399593	0.763143
8.591025	0.694278
8.804255	0.722709
8.990633	0.675009
9.202283	0.753982
9.386133	0.775147
9.594625	0.740715
9.797745	0.747665
9.992969	0.696805
9.797429	0.716075
9.592097	0.764723
9.394347	0.761248
9.188699	0.737240
8.996003	0.738820
8.791935	0.684486
8.599555	0.711021
8.392960	0.739767
8.193629	0.732818
7.990193	0.727763
7.800340	0.687645
7.594692	0.687329
7.391888	0.668059
7.199192	0.710705
6.991648	0.685433
6.802111	0.673429
6.593936	0.659846
6.405031	0.662689
6.188327	0.640260
6.004160	0.683854
5.785561	0.641840
5.600762	0.651001
5.393535	0.646262
5.190730	0.589401
5.004668	0.626993
4.793334	0.617200
4.597163	0.613409
4.397833	0.592876
4.192185	0.578029
3.994751	0.528117
3.806478	0.574870
3.585351	0.543912
3.400552	0.544228
3.198063	0.528433
2.997470	0.502530
2.791822	0.486103
2.600706	0.468729
2.392215	0.481049
2.199203	0.460832
1.994819	0.449460
1.793594	0.384701
1.597107	0.395126
1.393670	0.317100
1.202870	0.320890
0.994695	0.217908
0.802630	0.155993
0.591296	0.004679
0.396389	-0.175043
0.205273	-0.357607
0.003732	-0.555647
-0.204101	-0.679778
-0.400247	-0.785905
-0.607132	-0.888874
-0.802962	-0.955519
-0.999739	-0.979524
-1.204097	-1.057856
-1.394557	-1.077123
-1.606811	-1.149770
-1.798851	-1.234103
-2.006999	-1.281481
-2.198091	-1.316857
-2.402449	-1.337387
-2.599542	-1.413508
-2.803900	-1.488682
-3.005415	-1.573015
-3.199666	-1.576489
-3.410025	-1.616287
-3.597643	-1.589439
-3.809897	-1.703147
-3.987407	-1.768213
-4.207242	-1.858232
-4.396755	-1.856021
-4.611536	-1.881289
-4.799153	-1.922666
-4.997510	-1.977625
-5.197762	-2.085015
-5.408121	-2.124813
-5.594791	-2.147554
-5.811467	-2.169980
-5.998453	-2.233467
-6.192072	-2.278634
-6.410012	-2.390446
-6.595734	-2.407819
-6.806725	-2.447932
-7.002555	-2.458671
-7.205333	-2.496574
-7.395162	-2.547742
-7.604574	-2.634602
-7.792823	-2.655133
-8.012341	-2.672821
-8.203750	-2.710091
-8.395473	-2.710407
-8.600147	-2.780527
-8.795030	-2.791266
-9.000967	-2.876863
-9.195848	-2.913186
-9.404629	-2.981095
-9.605196	-3.028473
-9.798183	-3.088169
-9.997488	-3.145339
-9.806396	-3.096066
-9.591299	-3.053109
-9.405260	-2.989938
-9.198060	-2.960564
-8.995597	-2.913186
-8.807347	-2.916028
-8.591935	-2.858859
-8.404949	-2.811481
-8.202802	-2.733149
-8.004762	-2.653869
-7.798508	-2.601753
-7.604574	-2.626074
-7.391687	-2.590067
-7.215125	-2.590067
-6.994974	-2.528791
-6.797565	-2.416662
-6.610263	-2.406239
-6.396114	-2.324117
-6.202811	-2.328539
-5.995610	-2.241363
-5.806098	-2.180087
-5.599529	-2.094807
-5.405910	-2.073960
-5.191445	-2.017738
-5.006038	-2.006367
-4.781466	-1.945092
-4.619432	-1.880657
-4.394544	-1.843071
-4.208189	-1.863917
-3.998146	-1.834858
-3.797894	-1.766318
-3.605539	-1.702515
-3.400549	-1.608075
-3.206931	-1.569856
-2.998782	-1.525005
-2.798846	-1.507001
-2.594173	-1.427090
-2.399291	-1.362656
-2.195564	-1.268531
-2.009842	-1.235682
-1.802009	-1.223048
-1.600810	-1.163036
-1.402453	-1.130503
-1.199675	-1.043011
-1.000686	-0.996896
-0.804225	-0.972260
-0.599551	-0.931198
-0.400247	-0.834547
-0.210734	-0.729052
0.006259	-0.541750
0.190110	-0.350026
0.402707	-0.154196
0.589085	0.004995
0.806737	0.137671
0.992167	0.258975
1.196236	0.291828
1.409781	0.353427
1.592368	0.367643
1.794225	0.405234
1.994503	0.416291
2.196044	0.474099
2.392847	0.463043
2.607339	0.499055
2.788979	0.459568
3.001577	0.479786
3.194904	0.537594
3.392971	0.539806
3.596091	0.578661
3.797001	0.551494
3.996646	0.530013
4.205769	0.573606
4.386461	0.611514
4.590845	0.620675
4.804390	0.650685
4.986030	0.590665
5.207788	0.592560
5.382163	0.613725
5.603289	0.668375
5.789983	0.678484
5.999106	0.679747
6.197172	0.625413
6.397766	0.615936
6.599938	0.669007
6.797688	0.705651
6.992280	0.727447
7.207089	0.684801
7.393783	0.659846
7.592165	0.643103
7.806342	0.718602
7.987982	0.757773
8.192998	0.751771
8.397382	0.720182
8.591973	0.679115
8.794462	0.714180
9.004216	0.746085
9.185225	0.773884
9.396242	0.751139
9.599995	0.735345
9.782582	0.672797
10.007183	0.720182
9.785741	0.773252
9.598731	0.795997
9.385186	0.753351
9.200071	0.707230
8.990949	0.678799
8.798884	0.715759
8.591973	0.773252
8.391379	0.758089
8.192681	0.738504
7.994931	0.660793
7.796865	0.674061
7.597851	0.679747
7.401364	0.743874
7.186556	0.704387
7.000494	0.676588
6.792318	0.636470
6.597727	0.648789
6.393343	0.665216
6.209492	0.692067
5.986154	0.656371
5.805462	0.651317
5.586863	0.615305
5.391007	0.598878
5.210631	0.658266
4.992980	0.634258
4.799652	0.627940
4.593056	0.594771
4.397833	0.566025
4.195344	0.564130
4.002964	0.581820
3.793842	0.557496
3.612834	0.538542
3.390759	0.534435
3.199011	0.493053
2.991468	0.512955
2.798772	0.497160
2.607655	0.489578
2.393794	0.459884
2.203625	0.441246
1.991660	0.416922
1.796121	0.409341
1.590157	0.382490
1.404411	0.348689
1.197183	0.281087
1.001960	0.245391
0.790942	0.131353
0.596667	0.002152
0.397969	-0.147247
0.194216	-0.375294
0.004995	-0.538591
-0.206628	-0.710100
-0.400563	-0.821913
-0.607763	-0.921723
-0.802962	-0.954888
-1.003845	-1.023744
-1.191778	-1.024060
-1.409718	-1.118816
-1.598283	-1.199675
-1.804220	-1.231260
-2.003840	-1.298853
-2.209146	-1.302643
-2.399922	-1.380344
-2.602069	-1.439093
-2.801689	-1.525005
-3.000993	-1.566698
-3.207878	-1.578069
-3.399286	-1.570804
-3.604276	-1.648820
-3.792841	-1.721467
-4.015834	-1.819697
-4.192713	-1.822224
-4.410336	-1.839596
-4.603323	-1.865812
-4.798522	-1.902767
-4.997510	-2.031320
-5.198393	-2.080593
-5.401172	-2.101755
-5.604582	-2.122918
-5.800728	-2.192090
-5.998137	-2.273580
-6.204074	-2.377496
-6.394219	-2.375601
-6.606157	-2.340542
-6.794091	-2.358229
-6.999080	-2.397711
-7.200280	-2.533844
-7.405269	-2.600174
-7.602047	-2.641551
-7.800719	-2.643446
-8.001919	-2.675979
-8.193958	-2.724305
-8.410634	-2.847488
-8.590672	-2.899604
-8.804189	-2.953615
-8.994650	-2.917292
-9.211326	-2.964354
-9.396732	-3.019313
-9.606460	-3.104594
-9.800394	-3.171555
-9.999067	-3.132389
-9.791551	-3.033211
-9.598879	-2.977304
-9.396732	-2.998782
-9.198376	-2.998151
-8.998755	-2.975409
-8.792818	-2.845277
-8.609307	-2.798531
-8.395158	-2.739466
-8.209119	-2.721778
-7.996549	-2.717672
-7.802930	-2.653869
-7.593519	-2.577748
-7.409376	-2.528159
-7.200280	-2.473200
-7.001923	-2.449195
-6.801040	-2.443194
-6.599208	-2.337699
-6.405590	-2.320959
-6.197125	-2.251471
-6.004138	-2.236941
-5.797885	-2.179140
-5.609636	-2.155135
-5.393908	-2.126392
-5.196183	-2.057536
-4.998457	-1.997523
-4.799153	-1.952672
-4.599849	-1.906873
-4.404651	-1.868023
-4.199977	-1.830121
-3.999094	-1.764739
-3.810213	-1.735680
-3.592273	-1.657348
-3.409393	-1.601126
-3.198718	-1.579648
-3.007310	-1.517424
-2.796951	-1.469415
-2.604596	-1.404664
-2.395500	-1.322858
-2.210725	-1.275164
-2.004788	-1.253054
-1.798219	-1.165878
-1.609970	-1.164299
-1.397084	-1.063542
-1.204097	-1.053434
-0.995949	-0.969733
-0.807699	-0.976682
-0.600183	-0.894559
-0.405932	-0.828862
-0.199363	-0.702836
-0.009851	-0.540170
0.211591	-0.356343
0.390071	-0.162408
0.604564	0.033742
0.788415	0.143989
0.998801	0.225174
1.201922	0.319627
1.391143	0.326576
1.599634	0.389124
1.790119	0.415975
1.994503	0.452934
2.193517	0.457357
2.400744	0.466202
2.593124	0.450407
2.808565	0.500319
2.989257	0.519588
3.195536	0.512955
3.394550	0.556548
3.603989	0.524959
3.800475	0.552757
3.996330	0.562234
4.197872	0.596983
4.393726	0.605828
4.595900	0.623518
4.791754	0.591296
5.000561	0.620359
5.194205	0.627940
5.399537	0.646578
5.588126	0.664900
5.800408	0.650053
5.998474	0.641208
6.195277	0.611198
6.402820	0.677536
6.597095	0.691119
6.794214	0.714812
6.992280	0.681327
7.198560	0.667111
7.389676	0.650053
7.604169	0.715443
7.787704	0.726184
7.997775	0.731870
8.193314	0.735029
8.389169	0.663952
8.596395	0.712600
8.790671	0.732502
8.993160	0.771357
9.191858	0.754930
9.391504	0.739451
9.587043	0.661425
9.799324	0.745137
9.983491	0.759353
9.806906	0.780834
9.588939	0.746401
9.403824	0.722709
9.184277	0.668691
8.999794	0.719234
8.796989	0.770093
8.594816	0.753667
8.393907	0.744822
8.194262	0.658582
7.991140	0.673745
7.798760	0.705966
7.598483	0.745453
7.390624	0.708494
7.203298	0.700912
6.991016	0.625729
6.792003	0.623518
6.605624	0.688276
6.396186	0.695542
6.194013	0.704387
6.002264	0.642787
5.794090	0.599826
5.596024	0.611514
5.397957	0.670270
5.191362	0.648474
5.003720	0.653528
4.788280	0.586558
4.603481	0.569184
4.385513	0.572659
4.200715	0.598878
3.996962	0.607091
3.798580	0.561286
3.599882	0.535067
3.404027	0.482944
3.200907	0.527802
2.993995	0.511059
2.796561	0.534751
2.595335	0.459568
2.407062	0.463675
2.185935	0.415027
2.004296	0.425767
1.790119	0.443773
1.595211	0.388492
1.397145	0.346162
1.200658	0.288037
0.992483	0.217908
0.801051	0.145253
0.596035	0.021738
0.393546	-0.168410
0.207484	-0.332654
-0.011114	-0.556911
-0.199048	-0.707258
-0.403405	-0.845602
-0.603026	-0.894559
-0.805173	-0.946044
-0.991211	-0.990895
-1.204728	-1.055013
-1.397400	-1.116605
-1.606495	-1.175986
-1.801062	-1.236946
-2.007947	-1.251159
-2.207251	-1.320963
-2.403397	-1.371500
-2.605543	-1.461202
-2.795056	-1.494367
-3.010785	-1.539534
-3.199034	-1.570172
-3.402760	-1.607443
-3.603644	-1.676299
-3.804212	-1.762528
-3.995935	-1.793481
-4.209137	-1.823172
-4.398334	-1.844018
-4.603955	-1.870234
-4.802312	-1.994997
-4.991509	-2.029741
-5.209133	-2.105862
-5.396119	-2.111547
-5.609952	-2.154819
-5.802308	-2.223359
-6.002559	-2.302639
-6.194915	-2.339594
-6.408432	-2.375285
-6.599524	-2.390446
-6.802303	-2.405923
-6.996870	-2.519315
-7.202806	-2.559745
-7.398636	-2.621652
-7.596993	-2.599858
-7.808300	-2.639340
-7.998128	-2.667767
-8.205645	-2.789055
-8.401158	-2.846856
-8.602674	-2.906237
-8.782711	-2.888233
-9.010442	-2.936875
-9.190479	-2.996887
-9.409682	-3.086590
-9.603933	-3.167449
-9.792814	-3.140285
-10.003173	-3.125756
-9.792814	-3.024367
-9.600458	-3.035106
-9.407472	-3.026578
-9.199955	-2.995308
-9.003178	-2.909080
-8.804821	-2.843698
-8.591303	-2.778316
-8.409687	-2.781159
-8.196485	-2.806743
-8.003814	-2.685455
-7.798193	-2.606491
-7.598888	-2.517420
-7.401795	-2.505102
-7.203438	-2.502259
-6.999396	-2.506365
-6.802619	-2.423295
-6.607421	-2.351280
-6.393587	-2.275160
-6.208497	-2.260946
-5.994979	-2.236941
-5.813678	-2.219885
-5.596370	-2.157030
-5.400540	-2.043006
-5.210396	-2.025319
-4.994983	-1.974782
-4.800417	-1.973518
-4.605219	-1.917296
-4.400545	-1.873393
-4.209137	-1.794745
-4.004779	-1.773898
-3.790630	-1.709464
-3.608698	-1.704410
-3.401181	-1.621657
-3.209141	-1.538903
-2.998151	-1.492156
-2.807690	-1.440356
-2.595752	-1.414456
-2.403397	-1.368025
-2.202829	-1.309592
-2.002893	-1.242631
-1.806747	-1.196832
-1.596388	-1.126397
-1.410034	-1.116921
-1.195885	-1.031324
-1.002266	-1.013636
-0.798540	-0.939411
-0.610922	-0.892664
-0.398668	-0.825071
-0.199363	-0.699993
0.002784	-0.534801
0.196743	-0.344972
0.397021	-0.146932
0.586242	0.020158
0.802946	0.141778
0.999749	0.242548
1.192129	0.273190
1.406622	0.350900
1.588578	0.403971
1.795805	0.411236
1.997346	0.426715
2.197939	0.439035
2.394742	0.455777
2.598178	0.484524
2.795613	0.514850
2.993995	0.503478
3.199011	0.529381
3.389812	0.499371
3.606200	0.551494
3.793842	0.556864
4.007387	0.602353
4.185867	0.576134
4.402572	0.594140
4.591793	0.589717
4.798388	0.605828
4.996770	0.637101
5.199891	0.643735
5.387217	0.640260
5.602657	0.631099
5.789035	0.633626
5.995947	0.631731
6.204438	0.688276
6.384814	0.656055
6.607520	0.679115
6.796109	0.667427
7.000494	0.657003
7.190346	0.686697
7.397573	0.711337
7.585531	0.698385
7.804131	0.725552
7.981348	0.702807
8.195841	0.680379
8.389484	0.740715
8.588814	0.715127
8.797621	0.759037
8.992528	0.729975
9.192806	0.713232
9.391188	0.709441
9.599995	0.728395
9.788268	0.759984
9.998970	0.767566
9.791743	0.753667
9.597783	0.709441
9.381711	0.713864
9.199123	0.718602
8.996634	0.774516
8.791303	0.741031
8.601766	0.732818
8.389169	0.690488
8.197736	0.689540
7.991457	0.699333
7.796865	0.727763
7.595640	0.711021
7.402944	0.711021
7.185608	0.645630
6.995439	0.637101
6.795162	0.702176
6.595200	0.667743
6.406926	0.703123
6.196540	0.630152
6.000053	0.614673
5.792826	0.620359
5.597603	0.667427
5.391639	0.647526
5.205893	0.658582
4.995191	0.591928
4.806285	0.576134
4.583580	0.584031
4.407310	0.618148
4.183024	0.609618
4.004859	0.573606
3.797632	0.544860
3.595144	0.502214
3.398973	0.539174
3.194904	0.535067
2.994943	0.535699
2.798456	0.497792
2.599758	0.464623
2.391583	0.424504
2.206468	0.463043
1.988817	0.457673
1.796437	0.415027
1.591421	0.391335
1.397145	0.318363
1.200342	0.283615
0.996590	0.236546
0.796628	0.150939
0.598246	0.008154
0.395442	-0.149458
0.196428	-0.362029
0.010049	-0.542066
-0.204417	-0.711680
-0.395193	-0.785590
-0.618818	-0.872450
-0.800751	-0.931830
-1.000686	-0.981735
-1.202202	-1.039537
-1.399611	-1.066068
-1.604600	-1.134925
-1.796324	-1.189883
-2.006052	-1.262214
-2.202513	-1.290325
-2.403713	-1.379396
-2.598279	-1.389819
-2.813060	-1.465940
-2.995940	-1.525321
-3.208194	-1.553748
-3.403076	-1.632396
-3.595116	-1.672509
-3.794736	-1.741681
-4.001621	-1.777057
-4.197766	-1.822856
-4.407178	-1.857600
-4.606482	-1.953620
-4.795679	-1.970992
-5.008565	-2.052482
-5.190181	-2.051850
-5.408121	-2.119128
-5.586895	-2.162715
-5.803255	-2.241363
-5.997506	-2.302639
-6.203759	-2.351912
-6.397377	-2.376865
-6.602999	-2.362335
-6.794406	-2.409398
-7.008556	-2.442247
-7.203123	-2.501627
-7.403059	-2.512366
-7.605521	-2.560061
-7.793139	-2.593225
-8.011395	-2.686402
-8.201855	-2.771367
-8.403370	-2.835801
-8.594778	-2.868650
-8.798188	-2.878126
-8.994650	-2.913502
-9.204062	-3.024683
-9.400522	-3.128599
-9.599511	-3.125124
-9.802290	-3.134916
-9.986749	-3.109647
-9.801026	-3.110279
-9.594458	-3.132705
-9.408419	-3.136495
-9.195848	-3.079957
-9.003178	-2.965302
-8.792502	-2.899604
-8.596989	-2.867387
-8.401791	-2.854753
-8.205329	-2.773578
-8.000024	-2.719883
-7.801351	-2.596068
-7.606153	-2.583118
-7.392319	-2.546479
-7.211335	-2.567325
-6.998449	-2.487098
-6.807041	-2.390762
-6.596682	-2.272001
-6.403378	-2.253050
-6.197125	-2.267579
-6.006981	-2.288741
-5.792516	-2.215147
-5.611216	-2.142185
-5.399909	-2.085331
-5.194603	-2.031636
-5.008565	-2.039532
-4.793784	-1.977309
-4.607746	-1.923613
-4.398334	-1.839596
-4.200293	-1.789375
-3.997199	-1.765054
-3.804212	-1.763159
-3.591957	-1.699988
-3.415710	-1.624183
-3.200298	-1.558486
-3.004784	-1.490893
-2.800742	-1.484260
-2.600174	-1.452674
-2.403713	-1.399927
-2.205356	-1.309908
-2.002577	-1.229365
-1.799483	-1.165563
-1.604600	-1.153244
-1.397716	-1.094811
-1.205360	-1.037641
-0.998475	-0.950150
-0.812753	-0.915406
-0.597656	-0.881925
-0.402774	-0.792854
-0.207576	-0.728736
0.009418	-0.543961
0.200850	-0.349710
0.397653	-0.143457
0.595719	0.013840
0.794733	0.147464
0.994695	0.210643
1.204133	0.311729
1.389248	0.362588
1.610374	0.378699
1.790119	0.419450
2.002400	0.393862
2.195096	0.432717
2.400428	0.472520
2.599758	0.506005
2.795297	0.501582
2.996522	0.503478
3.185428	0.468729
3.404659	0.539806
3.588194	0.562234
3.801423	0.614989
3.989697	0.554969
4.204189	0.580556
4.387409	0.555916
4.600006	0.599510
4.798388	0.646578
4.998666	0.644051
5.202418	0.625413
5.395114	0.617200
5.590653	0.608039
5.799460	0.651948
5.994367	0.699649
6.192118	0.662057
6.406610	0.665848
6.594252	0.645630
6.798952	0.644367
6.995123	0.708178
7.195716	0.732818
7.395046	0.708809
7.597219	0.699017
7.798760	0.676272
7.993036	0.689856
8.197736	0.754614
8.392012	0.721445
8.601450	0.755562
8.790356	0.710705
9.008955	0.710705
9.179538	0.713864
9.397821	0.747033
9.592097	0.758089
9.794271	0.735029
9.992652	0.746717
9.793323	0.706282
9.590202	0.735661
9.401612	0.741979
9.191858	0.747033
8.996319	0.717970
8.800148	0.728711
8.584076	0.692067
8.403700	0.719550
8.184784	0.729343
7.998090	0.728395
7.793706	0.704387
7.599747	0.697121
7.393151	0.655739
7.200455	0.684801
6.994807	0.684170
6.787896	0.669007
6.604045	0.698701
6.396818	0.633942
6.196224	0.659214
5.995315	0.627624
5.799144	0.669007
5.597287	0.651948
5.397009	0.660793
5.198311	0.597614
5.000561	0.609618
4.794598	0.599194
4.600322	0.610882
4.385513	0.612146
4.199451	0.584979
4.002332	0.551494
3.794473	0.534751
3.603357	0.550546
3.392339	0.543912
3.196168	0.537278
2.995259	0.503794
2.801615	0.476942
2.595335	0.458936
2.403587	0.476942
2.189726	0.464307
1.999557	0.433349
1.799595	0.422293
1.591105	0.344582
1.404411	0.349321
1.194656	0.286458
1.000381	0.257711
0.791258	0.136723
0.601721	0.021422
0.389755	-0.163040
0.206220	-0.346552
-0.000059	-0.554700
-0.197152	-0.688938
-0.407827	-0.799171
-0.596077	-0.880346
-0.815596	-0.965942
-0.996580	-1.016479
-1.198727	-1.014900
-1.406244	-1.098917
-1.597967	-1.133977
-1.808327	-1.231260
-2.002577	-1.267899
-2.200934	-1.326964
-2.402449	-1.336756
-2.605228	-1.414772
-2.789687	-1.442883
-3.012048	-1.530690
-3.202193	-1.595756
-3.402760	-1.615339
-3.601117	-1.672825
-3.799474	-1.696830
-4.003831	-1.747998
-4.203136	-1.807063
-4.400861	-1.859811
-4.605535	-1.889501
-4.806734	-1.944144
-4.990877	-1.973518
-5.211659	-2.032268
-5.394223	-2.086594
-5.610899	-2.145659
-5.802939	-2.176929
-5.998137	-2.198407
-6.205654	-2.257156
-6.396746	-2.282740
-6.599524	-2.356018
-6.807041	-2.383814
-7.008240	-2.453933
-7.204386	-2.512998
-7.398952	-2.583750
-7.589413	-2.609018
-7.811774	-2.661766
-7.996549	-2.709144
-8.200591	-2.715461
-8.404634	-2.772315
-8.599516	-2.773894
-8.798188	-2.868019
-9.003493	-2.932137
-9.198376	-3.022471
-9.400522	-3.055636
-9.607092	-3.098593
-9.783339	-3.087853
-10.006964	-3.182610
-9.783970	-3.147866
-9.614040	-3.109332
-9.396101	-3.012364
-9.208483	-2.951088
-9.000650	-2.875915
-8.800714	-2.850962
-8.595409	-2.857280
-8.406213	-2.824431
-8.198696	-2.796635
-8.009815	-2.681664
-7.799140	-2.624811
-7.601099	-2.596384
-7.404006	-2.609650
-7.197121	-2.585013
-7.011399	-2.513946
-6.800408	-2.415715
-6.601736	-2.358545
-6.404010	-2.370232
-6.202811	-2.355071
-5.996558	-2.306429
-5.811152	-2.221148
-5.598897	-2.144396
-5.399277	-2.110915
-5.201236	-2.138395
-4.988034	-2.077750
-4.804523	-2.049324
-4.598586	-1.921087
-4.408441	-1.845282
-4.195871	-1.813064
-4.005095	-1.782426
-3.798210	-1.755263
-3.600801	-1.689249
-3.398023	-1.637449
-3.203456	-1.565434
-2.996571	-1.563855
-2.801689	-1.501948
-2.600490	-1.479522
-2.392658	-1.353180
-2.213884	-1.315278
-1.997523	-1.255897
-1.805800	-1.229365
-1.600810	-1.200622
-1.404980	-1.134293
-1.192410	-1.047749
-1.007635	-0.980788
-0.794433	-0.938779
-0.614080	-0.903719
-0.403090	-0.856025
-0.192415	-0.695887
-0.011114	-0.566702
0.208747	-0.333602
0.395442	-0.168726
0.591928	0.024265
0.795365	0.130090
0.993747	0.252657
1.192445	0.309202
1.406622	0.361009
1.585734	0.375856
1.801175	0.376488
1.989764	0.423872
2.200782	0.456725
2.391899	0.488631
2.594388	0.480101
2.808565	0.480101
2.991784	0.468729
3.197432	0.517377
3.394550	0.556548
3.595775	0.578345
3.797948	0.569816
4.009282	0.549914
4.183024	0.544544
4.406994	0.592244
4.597163	0.658582
4.787964	0.634258
5.004036	0.629836
5.188835	0.569816
5.398273	0.612777
5.593812	0.651317
5.797565	0.686381
5.993420	0.676588
6.210440	0.654160
6.392711	0.613093
6.604993	0.638681
6.792318	0.711337
6.995123	0.711968
7.188767	0.719866
7.398837	0.651317
7.601010	0.657319
7.793074	0.680063
7.997775	0.756194
8.183205	0.750192
8.401804	0.747349
8.589130	0.683222
8.801096	0.705019
8.988421	0.716391
9.204494	0.775779
9.384870	0.782097
9.596519	0.718918
9.798061	0.725236
9.991388	0.689856
9.791111	0.769461
9.592729	0.771673
9.388660	0.763775
9.195333	0.728395
8.993476	0.716391
8.789723	0.684486
8.602398	0.748612
8.392327	0.743874
8.200579	0.735661
7.985455	0.705019
7.803183	0.673745
7.598167	0.680063
7.394731	0.707230
7.195401	0.713864
6.992596	0.680379
6.799584	0.669639
6.596464	0.637733
6.402820	0.667111
6.194013	0.664268
6.001949	0.679431
5.785245	0.650053
5.599814	0.636154
5.394798	0.612462
5.193573	0.619727
5.000561	0.646578
4.798072	0.600142
4.594636	0.612146
4.395622	0.583715
4.191870	0.566657
3.996646	0.553073
3.810900	0.573290
3.585983	0.547703
3.405922	0.548651
3.187323	0.515482
3.001893	0.493369
2.795613	0.499371
2.599758	0.481997
2.391583	0.483892
2.200150	0.449460
1.997346	0.428295
1.792330	0.381542
1.600897	0.409341
1.392722	0.326260
1.200974	0.323417
0.992483	0.219172
0.804526	0.152518
0.590349	0.001204
0.394810	-0.167778
0.204009	-0.351289
0.000573	-0.544908
-0.209155	-0.705047
-0.398668	-0.808963
-0.608079	-0.917301
-0.798540	-0.971628
-1.000686	-0.989947
-1.205360	-1.060067
-1.393925	-1.098286
-1.606180	-1.196516
-1.799798	-1.260635
-2.008262	-1.304539
-2.200618	-1.343704
-2.402765	-1.382239
-2.604912	-1.440988
-2.805480	-1.531006
-2.998782	-1.585333
-3.205983	-1.599547
-3.406867	-1.642503
-3.597327	-1.649136
-3.806107	-1.764423
-3.995935	-1.803589
-4.209769	-1.846861
-4.390122	-1.858547
-4.607746	-1.857284
-4.797258	-1.919507
-5.002880	-2.032899
-5.196814	-2.108073
-5.414122	-2.129551
-5.593528	-2.122286
-5.813046	-2.139026
-6.002875	-2.211673
-6.193651	-2.273580
-6.409696	-2.355071
-6.595734	-2.356966
-6.809252	-2.384761
-6.996238	-2.412872
-7.207229	-2.501943
-7.391687	-2.566693
-7.604258	-2.618809
-7.791560	-2.607123
-8.006657	-2.612492
-8.204065	-2.692404
-8.402106	-2.752100
-8.598252	-2.864228
-8.798820	-2.880337
-8.999388	-2.913186
-9.199007	-2.920135
-9.406524	-2.974462
-9.602985	-3.049635
-9.801973	-3.145339
-9.981695	-3.150077
-9.805449	-3.095434
-9.593825	-3.010469
-9.410946	-2.972251
-9.192059	-2.928663
-9.006968	-2.897709
-8.803873	-2.877494
-8.591935	-2.813692
-8.409055	-2.763155
-8.201222	-2.714513
-8.004445	-2.671557
-7.801667	-2.608386
-7.595098	-2.566693
-7.391056	-2.500048
-7.213546	-2.460566
-6.998449	-2.434982
-6.801355	-2.392026
-6.599524	-2.404976
-6.392640	-2.344016
-6.203127	-2.316537
-5.995926	-2.228729
-5.810835	-2.188616
-5.600792	-2.141553
-5.404963	-2.130498
-5.196498	-2.091648
-5.003827	-2.032268
-4.790625	-1.943512
-4.614378	-1.896766
-4.399282	-1.850335
-4.211980	-1.825067
-3.996883	-1.802641
-3.797263	-1.723362
-3.601749	-1.650715
-3.398338	-1.564803
-3.205667	-1.543640
-2.999730	-1.501632
-2.802953	-1.493420
-2.600490	-1.410350
-2.404976	-1.373395
-2.193985	-1.285587
-2.011421	-1.265057
-1.795692	-1.254318
-1.604285	-1.176933
-1.401506	-1.137767
-1.202202	-1.061962
-0.995949	-1.019322
-0.808015	-0.982051
-0.606816	-0.928988
-0.401510	-0.822860
-0.207892	-0.717049
0.005943	-0.537328
0.192637	-0.348447
0.403971	-0.129560
0.586242	0.005311
0.800419	0.149043
0.996906	0.251077
1.195288	0.294355
1.399356	0.344267
1.599634	0.373329
1.792330	0.414079
1.997030	0.427663
2.196044	0.477574
2.395374	0.451355
2.606076	0.481681
2.791822	0.470625
2.995890	0.499687
3.199643	0.538858
3.401816	0.545492
3.591353	0.551494
3.798580	0.536331
3.993803	0.554653
4.198187	0.585610
4.392147	0.626677
4.591477	0.608987
4.812288	0.620359
4.985398	0.574554
5.210000	0.619095
5.380899	0.635206
5.601394	0.679115
5.789667	0.668375
6.001633	0.641840
6.190538	0.614989
6.410401	0.638365
6.591093	0.708809
6.800848	0.704071
6.990701	0.723341
7.199507	0.650369
7.396310	0.659530
7.594060	0.669639
7.805394	0.745769
7.990193	0.745453
8.195525	0.729659
8.392012	0.673429
8.599238	0.678484
8.789723	0.720182
9.002006	0.774200
9.186172	0.765671
9.400981	0.727447
9.601258	0.690803
9.791111	0.691119
9.999602	0.766934
9.787637	0.777043
9.595888	0.783045
9.383607	0.718918
9.197860	0.670586
8.998846	0.698701
8.796041	0.760300
8.591658	0.766934
8.396118	0.748928
8.190786	0.700912
7.997775	0.646262
7.794338	0.696490
7.603221	0.706598
7.402628	0.756194
7.187819	0.685749
6.999862	0.650685
6.791055	0.624150
6.602466	0.661425
6.395238	0.689224
6.204438	0.707862
5.994367	0.633626
5.810516	0.621307
5.588442	0.607723
5.391639	0.621938
5.206525	0.677536
4.988557	0.627309
4.803759	0.614989
4.589898	0.568552
4.395938	0.570763
4.191870	0.570447
4.001385	0.615936
3.789735	0.552757
3.604936	0.543596
3.388864	0.516113
3.199011	0.500319
2.990520	0.527486
2.803195	0.504109
2.593756	0.497476
2.397901	0.453566
2.195412	0.454198
1.995766	0.419450
1.795489	0.427347
1.591736	0.380594
1.399988	0.352480
1.194656	0.278876
1.002276	0.242864
0.789995	0.119033
0.601721	0.025212
0.396389	-0.144721
0.192005	-0.362344
0.004679	-0.536380
-0.205365	-0.705362
-0.407196	-0.822229
-0.606816	-0.909720
-0.803909	-0.953308
-1.002582	-0.993106
-1.189252	-1.041116
-1.409086	-1.112815
-1.598599	-1.203781
-1.808011	-1.255265
-1.998471	-1.310856
-2.212305	-1.328228
-2.395500	-1.422984
-2.600490	-1.470994
-2.804532	-1.550905
-2.997835	-1.568909
-3.208510	-1.598915
-3.394864	-1.593861
-3.603644	-1.688618
-3.794736	-1.720835
-4.011412	-1.823488
-4.191133	-1.795377
-4.409705	-1.812749
-4.603640	-1.888870
-4.796311	-1.964675
-5.000669	-2.067327
-5.202816	-2.103966
-5.398645	-2.111863
-5.612479	-2.125760
-5.798517	-2.194617
-6.006350	-2.249575
-6.207233	-2.351912
-6.390429	-2.360125
-6.610263	-2.359177
-6.797565	-2.366441
-7.006345	-2.464356
-7.204070	-2.550901
-7.399900	-2.603333
-7.597309	-2.618494
-7.803562	-2.607439
-7.999392	-2.639024
-8.206908	-2.704722
-8.408108	-2.820009
-8.595725	-2.829484
-8.804821	-2.852542
-8.993386	-2.853173
-9.199639	-2.950773
-9.403681	-3.049319
-9.602037	-3.121966
-9.805132	-3.153551
-9.997171	-3.123229
-9.793761	-3.071745
-9.607723	-3.036053
-9.398627	-3.063217
-9.197744	-3.025314
-9.003493	-2.947930
-8.789660	-2.833275
-8.608991	-2.784633
-8.396737	-2.751784
-8.213541	-2.740413
-7.994022	-2.693667
-7.807984	-2.621336
-7.595730	-2.541425
-7.404006	-2.495310
-7.199964	-2.480149
-7.009820	-2.438772
-6.794091	-2.419189
-6.590364	-2.305482
-6.402747	-2.271685
-6.195862	-2.216727
-6.006981	-2.245153
-5.798202	-2.193669
-5.606478	-2.165558
-5.398014	-2.103335
-5.204395	-2.051219
-4.994036	-2.005104
-4.804839	-1.974150
-4.594796	-1.928351
-4.406230	-1.887606
-4.193660	-1.814328
-4.004779	-1.731258
-3.807054	-1.697778
-3.591010	-1.632080
-3.410657	-1.598599
-3.200929	-1.535744
-3.006047	-1.495631
-2.802321	-1.443515
-2.597331	-1.396452
-2.398659	-1.323174
-2.212305	-1.299485
-1.999734	-1.260319
-1.801378	-1.204728
-1.604916	-1.177249
-1.401506	-1.091653
-1.204413	-1.067648
-0.997212	-0.993422
-0.811805	-0.967838
-0.595761	-0.891717
-0.406564	-0.804857
-0.199048	-0.691781
-0.006692	-0.538907
0.204641	-0.342761
0.387544	-0.162724
0.606459	0.029635
0.789047	0.151255
1.001960	0.210959
1.202554	0.312677
1.393354	0.329104
1.597739	0.400496
1.792330	0.404918
2.000189	0.434297
2.191937	0.439667
2.401060	0.465254
2.592492	0.464307
2.819305	0.508532
2.988625	0.531592
3.193641	0.516745
3.397709	0.548019
3.600830	0.514218
3.794158	0.576765
4.004859	0.574238
4.194081	0.591296
4.394674	0.598246
4.607587	0.589085
4.789543	0.586558
5.000561	0.637417
5.188519	0.617200
5.402380	0.655739
5.586231	0.646578
5.803566	0.622254
5.992156	0.640892
6.195277	0.650369
6.399661	0.672166
6.598990	0.683538
6.795162	0.690488
6.995123	0.652264
7.191926	0.677852
7.399153	0.679115
7.603537	0.732186
7.791179	0.719866
7.993036	0.727763
8.195841	0.703755
8.392012	0.681643
8.597028	0.734713
8.793199	0.735345
8.994740	0.757773
9.191858	0.724288
9.393399	0.703123
9.589570	0.857596
9.801536	0.777991
9.986650	0.761880
9.804379	0.782729
9.583884	0.711021
9.400033	0.696174
9.183013	0.712600
8.999794	0.743874
8.796673	0.773884
8.592921	0.739451
8.395170	0.701860
8.190154	0.650053
7.991140	0.711021
7.796549	0.720814
7.600694	0.751139
7.396626	0.684801
7.205509	0.669007
6.987226	0.631415
6.793266	0.663321
6.598359	0.705966
6.396186	0.702176
6.190854	0.657003
6.007635	0.615620
5.790299	0.602037
5.599183	0.657634
5.393851	0.690803
5.192309	0.642472
5.005615	0.634890
4.787964	0.552126
4.601585	0.585926
4.391515	0.600142
4.190606	0.606775
3.995699	0.598878
3.798896	0.535699
3.593564	0.508216
3.403079	0.515482
3.187323	0.538542
2.996522	0.536647
2.798456	0.517377
2.597231	0.452619
2.401060	0.455462
2.196992	0.427031
1.997662	0.452934
1.791382	0.433981
1.596475	0.374277
1.392407	0.329104
1.200974	0.277297
0.996274	0.228649
0.801683	0.146516
0.590665	0.040059
0.388492	-0.180728
0.206852	-0.322231
-0.008903	-0.550910
-0.194941	-0.687990
-0.408143	-0.827914
-0.600815	-0.874029
-0.804857	-0.944780
-0.989947	-0.990579
-1.210730	-1.050591
-1.395820	-1.110604
-1.605548	-1.150401
-1.799167	-1.209782
-2.011421	-1.248316
-2.196512	-1.324753
-2.406239	-1.383502
-2.599226	-1.464361
-2.793477	-1.472573
-3.008258	-1.521531
-3.200298	-1.532901
-3.406235	-1.606495
-3.597643	-1.645977
-3.802316	-1.754315
-3.999094	-1.771687
-4.210084	-1.825067
-4.397702	-1.860443
-4.605850	-1.925193
-4.797574	-2.027845
-4.995299	-2.031636
-5.205027	-2.085015
-5.404331	-2.104914
-5.603951	-2.164611
-5.804518	-2.255261
-5.999085	-2.333277
-6.194915	-2.365178
-6.410327	-2.373390
-6.599208	-2.377812
-6.806725	-2.433403
-6.993711	-2.527527
-7.208176	-2.554059
-7.396425	-2.590698
-7.597309	-2.563219
-7.805773	-2.615651
-8.000340	-2.698089
-8.204065	-2.809901
-8.398632	-2.865176
-8.604569	-2.860438
-8.793766	-2.809270
-9.006021	-2.897393
-9.190164	-2.969724
-9.412525	-3.038896
-9.602037	-3.118176
-9.795025	-3.079641
-10.001909	-3.105541
-9.793130	-3.042054
-9.603301	-3.088801
-9.408103	-3.091012
-9.200271	-3.062585
-9.000335	-2.944139
-8.804821	-2.919187
-8.584670	-2.854121
-8.412213	-2.848436
-8.194590	-2.808638
-8.008552	-2.744835
-7.792823	-2.663345
-7.609627	-2.620389
-7.398321	-2.623231
-7.206913	-2.603017
-7.003818	-2.559113
-6.801672	-2.437825
-6.609632	-2.363915
-6.395483	-2.305166
-6.200916	-2.323169
-5.996558	-2.263473
-5.810204	-2.211989
-5.598581	-2.103335
-5.404015	-2.019633
-5.199973	-2.024055
-4.998457	-2.013316
-4.801364	-2.011737
-4.605850	-1.952356
-4.393281	-1.883816
-4.199977	-1.814644
-4.001936	-1.774846
-3.792841	-1.736312
-3.609645	-1.695251
-3.399286	-1.608706
-3.212616	-1.533533
-2.996887	-1.490577
-2.805480	-1.460255
-2.602701	-1.434039
-2.400554	-1.366762
-2.204092	-1.314014
-2.001314	-1.230313
-1.805168	-1.192410
-1.595756	-1.135241
-1.405296	-1.117237
-1.193358	-1.013005
-1.005108	-0.989632
-0.794749	-0.892664
-0.613449	-0.869923
-0.400247	-0.807068
-0.197468	-0.696203
0.011629	-0.555963
0.191689	-0.339287
0.398916	-0.149774
0.586558	0.008786
0.801367	0.140830
0.995958	0.240337
1.193393	0.280456
1.404411	0.378699
1.586998	0.389124
1.803702	0.420081
1.990080	0.415975
2.200466	0.437140
2.394110	0.465570
2.604496	0.513586
2.788979	0.505689
2.999997	0.495264
3.195536	0.503478
3.394550	0.520220
3.603041	0.574238
3.795737	0.569184
4.002332	0.601089
4.184920	0.569816
4.396570	0.572975
4.593688	0.593824
4.806285	0.629204
4.993927	0.643419
5.204313	0.636154
5.385322	0.627309
5.603921	0.626045
5.790299	0.642472
5.995631	0.646262
6.207912	0.690172
6.390500	0.662689
6.602466	0.663952
6.793266	0.651632
6.995755	0.683538
7.192873	0.702807
7.395678	0.710705
7.593112	0.694594
7.803815	0.711968
7.992088	0.691119
8.192366	0.708178
8.399909	0.755562
8.593237	0.706282
8.796673	0.764091
9.000425	0.688908
9.201966	0.728711
9.389293	0.726184
9.597783	0.756194
9.781319	0.743558
10.001182	0.769777
9.788268	0.711653
9.603470	0.735661
9.384870	0.716391
9.207969	0.741663
8.994108	0.777043
8.793830	0.720814
8.600186	0.711021
8.388536	0.702492
8.194262	0.716391
7.990193	0.714496
7.801603	0.727447
7.599747	0.693015
7.397573	0.679431
7.185608	0.655107
7.002073	0.672797
6.790107	0.695858
6.601202	0.677852
6.399029	0.669007
6.200963	0.616568
6.005424	0.639944
5.795985	0.662057
5.594760	0.668059
5.392587	0.653212
5.203050	0.627309
4.990768	0.580872
4.799652	0.603616
4.587370	0.600457
4.411101	0.609618
4.185236	0.600142
4.002332	0.542965
3.797317	0.529065
3.594828	0.525590
3.401184	0.546439
3.197747	0.538226
2.998418	0.525274
2.799404	0.459568
2.599442	0.470940
2.386213	0.450407
2.206784	0.478206
1.988501	0.457989
1.797384	0.403023
1.593632	0.372381
1.399356	0.318047
1.196236	0.308886
1.004487	0.257711
0.792838	0.148727
0.599826	-0.000059
0.391335	-0.143457
0.193900	-0.371820
0.008470	-0.528484
-0.211998	-0.717681
-0.396141	-0.786221
-0.614396	-0.900245
-0.796013	-0.951413
-0.999739	-1.000371
-1.198727	-1.039221
-1.402769	-1.079334
-1.600810	-1.142189
-1.807379	-1.202202
-1.998787	-1.266004
-2.210725	-1.303907
-2.398659	-1.363287
-2.595436	-1.394241
-2.811796	-1.486155
-2.994676	-1.546167
-3.201877	-1.581543
-3.406867	-1.629553
-3.601117	-1.672509
-3.800105	-1.716413
-4.008569	-1.766318
-4.199977	-1.797903
-4.403704	-1.847493
-4.609009	-1.913190
-4.793152	-1.932773
-5.006986	-2.013948
-5.185128	-2.021213
-5.403699	-2.089753
-5.597634	-2.096386
-5.808309	-2.153240
-5.996242	-2.202829
-6.203443	-2.236941
-6.400852	-2.295058
-6.600788	-2.353807
-6.799460	-2.454881
-7.001923	-2.498785
-7.199016	-2.584065
-7.399584	-2.568588
-7.606469	-2.623547
-7.791875	-2.660502
-8.002866	-2.743256
-8.198380	-2.808638
-8.410951	-2.823167
-8.596673	-2.792529
-8.802926	-2.848120
-8.997492	-2.915713
-9.211641	-2.997203
-9.393574	-3.032895
-9.603933	-3.025630
-9.799447	-3.082800
-9.995592	-3.114701
-9.797235	-3.153551
-9.606775	-3.111858
-9.402418	-3.059427
-9.199955	-2.943824
-9.004757	-2.886654
-8.794714	-2.858859
-8.603621	-2.874336
-8.400527	-2.856648
-8.210067	-2.816218
-7.994970	-2.738518
-7.809879	-2.663661
-7.595414	-2.664608
-7.398005	-2.624179
-7.205333	-2.595436
-7.000976	-2.488046
-6.803882	-2.395500
-6.598893	-2.360125
-6.406221	-2.399291
-6.197125	-2.381287
-6.006033	-2.349385
-5.795990	-2.220517
-5.612163	-2.105230
-5.403067	-2.084068
-5.194603	-2.037953
-5.007617	-2.055641
-4.793468	-1.956146
-4.606482	-1.887290
-4.402756	-1.800114
-4.202188	-1.797588
-3.998778	-1.770108
-3.807686	-1.764423
-3.592905	-1.687354
-3.411288	-1.600178
-3.188927	-1.558801
-3.012364	-1.526268
-2.794740	-1.512371
-2.609018	-1.445410
-2.400870	-1.377817
-2.200934	-1.268847
-2.007947	-1.242631
-1.794745	-1.198411
-1.603969	-1.185461
-1.397084	-1.091021
-1.204413	-1.076492
-0.992158	-0.970049
-0.816859	-0.970364
-0.595445	-0.905930
-0.404985	-0.821913
-0.205681	-0.729052
0.003100	-0.541118
0.198323	-0.358870
0.395757	-0.152933
0.599826	0.008786
0.795681	0.144621
0.998485	0.244444
1.202554	0.323733
1.392091	0.356271
1.600582	0.387228
1.787907	0.382806
1.999557	0.408077
2.194780	0.462727
2.401376	0.484840
2.597862	0.514534
2.800351	0.477890
2.992100	0.469361
3.193325	0.502214
3.399289	0.560971
3.590089	0.568236
3.803634	0.594455
3.990644	0.531908
4.203557	0.559075
4.385829	0.581820
4.595900	0.631731
4.800283	0.655423
4.992348	0.618779
5.197364	0.599194
5.394798	0.595087
5.589074	0.645315
5.800092	0.675956
5.999106	0.712600
6.183904	0.632047
6.411349	0.637733
6.587618	0.626677
6.805902	0.692383
6.991016	0.712284
7.199507	0.707862
7.390308	0.683854
7.598799	0.667743
7.793706	0.683222
7.995563	0.720498
8.193629	0.773884
8.392960	0.706282
8.596711	0.744506
8.791619	0.677220
8.999794	0.729975
9.184277	0.739135
9.396558	0.768514
9.592097	0.741979
9.798377	0.730606
9.990441	0.706914
9.805642	0.737872
9.588306	0.761880
9.395926	0.759353
9.184277	0.741347
8.997898	0.710073
8.801412	0.711653
8.585655	0.717655
8.407491	0.742610
8.189207	0.733133
7.996511	0.716391
7.788968	0.687960
7.597851	0.673429
7.393151	0.697437
7.194453	0.694910
6.997650	0.689224
6.792950	0.662057
6.601834	0.682590
6.398397	0.628256
6.198436	0.686065
5.989945	0.641840
5.803883	0.669007
5.586546	0.652264
5.401116	0.616568
5.192941	0.631099
5.006247	0.619095
4.790175	0.610882
4.603797	0.619095
4.381407	0.587822
4.201662	0.562234
4.001069	0.566025
3.797948	0.536963
3.604936	0.566657
3.389496	0.533804
3.198695	0.532856
2.993363	0.481365
2.802247	0.487683
2.595335	0.470940
2.405167	0.488315
2.185303	0.445985
2.001768	0.427663
1.794225	0.398600
1.594580	0.353743
1.398093	0.359429
1.193393	0.293723
0.998801	0.252025
0.795997	0.128194
0.593824	0.012892
0.401759	-0.170621
0.201798	-0.337392
-0.007640	-0.545856
-0.194310	-0.681042
-0.413513	-0.831704
-0.597024	-0.906246
-0.811174	-0.982367
-1.003213	-1.026271
-1.197148	-1.026587
-1.406560	-1.096706
-1.597967	-1.167773
