# Configuration automatically generated by WRITE_CONFIG()
connection eth
ip 192.168.0.10
samplehz 1000.000000
settleus 10.000000
nsample 128

# Analog Inputs
aichannel 0
ainegative 199
airange 10.000000
airesolution 0

aichannel 1
ainegative 199
airange 10.000000
airesolution 0

# Analog Outputs
aochannel 0
aosignal triangle
aofrequency 5.000000
aoamplitude 2.000000
aooffset 2.500000
aoduty 0.500000

# Meta Parameters
int:periods 10
flt:tip_T_C 355.974745
flt:plate_T_C 309.816307
flt:plate_Q_kW 1.300423
flt:cool_Thigh_C 49.427435
flt:cool_Tlow_C 9.267491
flt:air_psig 20.000000
flt:water_gph 7.000000
flt:standoff_in 0.228000
flt:oxygen_scfh 12.949219
flt:fuel_scfh 7.148094
flt:flow_scfh 20.097312
flt:ratio_fto 0.552010

## End Configuration ##
#: Wed Mar 22 17:53:19 2017
-7.392004	-3.906233
-9.043922	-4.448239
-9.036343	-4.436553
-9.021181	-4.439711
-9.014548	-4.436553
-8.987385	-4.435605
-8.961485	-4.418865
-8.791555	-4.339585
-8.599516	-4.266307
-8.401791	-4.183553
-8.206277	-4.156389
-7.994654	-4.093534
-7.806405	-4.012676
-7.596993	-3.963086
-7.402111	-3.864540
-7.199332	-3.840851
-7.001291	-3.734092
-6.807673	-3.696821
-6.589733	-3.586272
-6.402115	-3.525628
-6.195547	-3.454876
-6.006350	-3.415710
-5.797885	-3.332325
-5.609636	-3.284315
-5.397698	-3.185452
-5.205658	-3.133652
-4.991193	-3.085958
-4.793468	-2.977936
-4.611536	-2.952668
-4.398018	-2.846225
-4.204715	-2.786212
-4.000357	-2.714829
-3.802316	-2.650711
-3.600169	-2.560376
-3.410657	-2.500996
-3.200298	-2.413188
-3.001309	-2.348438
-2.802321	-2.290637
-2.597331	-2.189879
-2.404976	-2.150081
-2.201250	-2.042375
-2.011737	-1.982994
-1.801378	-1.894239
-1.604600	-1.809906
-1.408455	-1.735680
-1.198727	-1.634922
-1.000371	-1.555643
-0.805173	-1.446989
-0.601130	-1.324753
-0.405932	-1.125133
-0.203470	-0.925513
0.007206	-0.637454
0.183476	-0.428358
0.401759	-0.195573
0.589085	0.030267
0.796312	0.171156
0.994695	0.287405
1.199395	0.334474
1.393670	0.381226
1.594895	0.404287
1.794541	0.450091
1.989448	0.447880
2.208996	0.476942
2.390003	0.459252
2.607339	0.513586
2.790243	0.500951
3.000629	0.538858
3.191746	0.557496
3.393286	0.550546
3.598303	0.548967
3.794473	0.548967
4.002017	0.572975
4.191870	0.593508
4.398781	0.640576
4.594320	0.613725
4.801863	0.608355
4.988241	0.595403
5.199891	0.623202
5.395114	0.683854
5.590022	0.670270
5.800408	0.672482
5.995631	0.606775
6.202858	0.644683
6.390500	0.675641
6.604045	0.706282
6.791055	0.698701
6.996703	0.692383
7.192558	0.633311
7.396626	0.637417
7.594060	0.733449
7.797813	0.725868
7.992404	0.770409
8.189838	0.696490
8.402752	0.663952
8.585024	0.683854
8.804887	0.741031
8.990633	0.778938
9.193438	0.770409
9.383923	0.709757
9.598415	0.688276
9.786689	0.701860
10.000866	0.758089
9.795218	0.802314
9.585464	0.744190
9.400349	0.721129
9.184277	0.666795
9.003585	0.702807
8.793514	0.744506
8.597975	0.762512
8.393591	0.732502
8.194577	0.693015
7.989877	0.670270
7.795918	0.691435
7.604169	0.743874
7.391888	0.721761
7.202351	0.709757
6.990069	0.638365
6.802111	0.644367
6.595832	0.669323
6.396502	0.678484
6.204753	0.685433
5.993420	0.654160
5.790931	0.649105
5.593812	0.606459
5.390692	0.638997
5.196100	0.651948
5.004983	0.661425
4.785752	0.609303
4.604113	0.592876
4.395306	0.591296
4.195028	0.585294
3.997278	0.611514
3.798580	0.564445
3.596407	0.574238
3.399289	0.529381
3.195852	0.522747
2.989257	0.511691
2.812671	0.515166
2.592176	0.492737
2.404219	0.505689
2.189410	0.443458
2.001452	0.439667
1.790750	0.433033
1.594580	0.398600
1.404411	0.399864
1.194340	0.355955
0.997222	0.285194
0.797892	0.167365
0.601721	0.020474
0.390387	-0.180412
0.204957	-0.417619
-0.009219	-0.676620
-0.199679	-0.914142
-0.399931	-1.100181
-0.610922	-1.341493
-0.789696	-1.452674
-1.006688	-1.569541
-1.193042	-1.630500
-1.408771	-1.739154
-1.595125	-1.825383
-1.805800	-1.901188
-2.000998	-1.979836
-2.211041	-2.043322
-2.396448	-2.138079
-2.607439	-2.202197
-2.799162	-2.292532
-3.003836	-2.362020
-3.207246	-2.459934
-3.393601	-2.478886
-3.610277	-2.566693
-3.797263	-2.659239
-4.001936	-2.722726
-4.204083	-2.797583
-4.406546	-2.866755
-4.601744	-2.923293
-4.806102	-2.989938
-4.995615	-3.077114
-5.199657	-3.123545
-5.408437	-3.226198
-5.594791	-3.262521
-5.812731	-3.342432
-5.994347	-3.406235
-6.207549	-3.482356
-6.401168	-3.557845
-6.601419	-3.610277
-6.793459	-3.691136
-7.003818	-3.734724
-7.204386	-3.816214
-7.391687	-3.866119
-7.602363	-3.962770
-7.801351	-3.996251
-8.008236	-4.096061
-8.192695	-4.142807
-8.406213	-4.217349
-8.595094	-4.289364
-8.793766	-4.328846
-8.972856	-4.403388
-9.004757	-4.415074
-9.031288	-4.416969
-9.045502	-4.416337
-9.053715	-4.419496
-9.050872	-4.426761
-9.050556	-4.430235
-9.026551	-4.432762
-9.028762	-4.420128
-9.022445	-4.398966
-8.979173	-4.376540
-8.795661	-4.320318
-8.596357	-4.247987
-8.406844	-4.203136
-8.198064	-4.114381
-8.002234	-4.046156
-7.799456	-3.977300
-7.601415	-3.933080
-7.395162	-3.866435
-7.212282	-3.816530
-6.998765	-3.734092
-6.805461	-3.676922
-6.604262	-3.630491
-6.391692	-3.561635
-6.208812	-3.506992
-5.993400	-3.436557
-5.809572	-3.352224
-5.602372	-3.277682
-5.400540	-3.214827
-5.195867	-3.151656
-5.003511	-3.081536
-4.794100	-3.016154
-4.602692	-2.901499
-4.405914	-2.864228
-4.192081	-2.764734
-4.008569	-2.740413
-3.792209	-2.642814
-3.611540	-2.589435
-3.395496	-2.494994
-3.208826	-2.419505
-3.003520	-2.376865
-2.801689	-2.288110
-2.601121	-2.226834
-2.410029	-2.122286
-2.196512	-2.065748
-2.009526	-1.960253
-1.803589	-1.924877
-1.592282	-1.814960
-1.411929	-1.741050
-1.194305	-1.654505
-1.003529	-1.548378
-0.804225	-1.461202
-0.604289	-1.284956
-0.401195	-1.128923
-0.198100	-0.920775
0.000257	-0.666196
0.200534	-0.419514
0.389124	-0.203154
0.602353	0.013840
0.788731	0.167997
1.010173	0.303200
1.190550	0.357850
1.402515	0.389439
1.594264	0.414079
1.794857	0.383437
2.006191	0.446932
2.193517	0.495264
2.402323	0.507584
2.595651	0.505689
2.803826	0.502846
2.988941	0.472836
3.202802	0.552126
3.394866	0.576134
3.596723	0.567604
3.802371	0.600773
3.995383	0.533804
4.197872	0.569816
4.391200	0.590033
4.592741	0.658266
4.795229	0.637733
4.996139	0.635522
5.200207	0.597930
5.401432	0.611514
5.590653	0.663005
5.801671	0.681643
5.993420	0.680063
6.199383	0.651317
6.397134	0.656687
6.594568	0.629836
6.797373	0.712284
6.993544	0.704071
7.194137	0.694278
7.395678	0.695858
7.603221	0.676588
7.794022	0.679115
8.004092	0.722393
8.185732	0.747349
8.393275	0.717970
8.603977	0.742926
8.787196	0.698385
9.003901	0.707230
9.192174	0.740083
9.393399	0.750508
9.585464	0.756194
9.799008	0.742294
9.996759	0.717023
9.792059	0.710073
9.599362	0.737556
9.388345	0.727447
9.197860	0.766934
8.994424	0.721445
8.801412	0.725868
8.587234	0.682274
8.401804	0.729027
8.188575	0.733449
7.991140	0.736608
7.796233	0.735345
7.594692	0.667743
7.396310	0.672166
7.198875	0.681643
6.987226	0.713232
6.794846	0.689540
6.610047	0.689540
6.393343	0.622254
6.203174	0.619095
5.996263	0.667743
5.797249	0.665848
5.588758	0.692699
5.392903	0.641524
5.199259	0.600142
4.993927	0.589717
4.800600	0.610882
4.598427	0.629836
4.400360	0.628256
4.187447	0.596035
4.007387	0.541069
3.789735	0.533804
3.601146	0.571079
3.396446	0.595087
3.189850	0.538858
3.007263	0.528749
2.796561	0.462411
2.601022	0.482944
2.391267	0.491158
2.202046	0.499687
1.988817	0.455462
1.802438	0.434297
1.586682	0.377751
1.402199	0.355955
1.200974	0.392283
0.991220	0.295303
0.799156	0.209695
0.591296	0.002468
0.398600	-0.178833
0.197375	-0.429621
0.003100	-0.676304
-0.205365	-0.928988
-0.397404	-1.142821
-0.609974	-1.308329
-0.803277	-1.455517
-1.007635	-1.557222
-1.200307	-1.657032
-1.401190	-1.717045
-1.606180	-1.829489
-1.794113	-1.887922
-2.011421	-1.977625
-2.205987	-2.068907
-2.394553	-2.131762
-2.600174	-2.226202
-2.800426	-2.281793
-3.002257	-2.364547
-3.207562	-2.432455
-3.403076	-2.525948
-3.592589	-2.576169
-3.809897	-2.675347
-3.991829	-2.713881
-4.209137	-2.786844
-4.391069	-2.853805
-4.611536	-2.938770
-4.795995	-3.007626
-4.992456	-3.072376
-5.207237	-3.141865
-5.399909	-3.205035
-5.606793	-3.290632
-5.802308	-3.348118
-6.004138	-3.452034
-6.195230	-3.476986
-6.407485	-3.555318
-6.590364	-3.599538
-6.808620	-3.676291
-7.000028	-3.780838
-7.202175	-3.812424
-7.397689	-3.881912
-7.600152	-3.930553
-7.797245	-4.016782
-7.994338	-4.098272
-8.196485	-4.171550
-8.399579	-4.186711
-8.605516	-4.253988
-8.794714	-4.304209
-8.977593	-4.379699
-9.014233	-4.406230
-9.027498	-4.419496
-9.048660	-4.417601
-9.056872	-4.411916
-9.069507	-4.416022
-9.039501	-4.429604
-9.033184	-4.432130
-9.007600	-4.437816
-8.997808	-4.432762
-8.964011	-4.405914
-8.807980	-4.340533
-8.592251	-4.289996
-8.409055	-4.207874
-8.209751	-4.182921
-7.992443	-4.057843
-7.810511	-3.996251
-7.592887	-3.934028
-7.399268	-3.883175
-7.189225	-3.813687
-7.010767	-3.735987
-6.796618	-3.649759
-6.612790	-3.601117
-6.395483	-3.547106
-6.197757	-3.465931
-6.006981	-3.438452
-5.797570	-3.326955
-5.608057	-3.293159
-5.394855	-3.182294
-5.206922	-3.142812
-4.988666	-3.069534
-4.794732	-2.991834
-4.605535	-2.913502
-4.404967	-2.843698
-4.199030	-2.785897
-4.007622	-2.711987
-3.792525	-2.648184
-3.607750	-2.566377
-3.408446	-2.526580
-3.194612	-2.423295
-3.008890	-2.366126
-2.801057	-2.296954
-2.601437	-2.190826
-2.405292	-2.135868
-2.205040	-2.043954
-2.005104	-1.981731
-1.808011	-1.877499
-1.602705	-1.808958
-1.397400	-1.710412
-1.208519	-1.654190
-0.989947	-1.548378
-0.816543	-1.461202
-0.594813	-1.303907
-0.408775	-1.136504
-0.187677	-0.903087
-0.001323	-0.653878
0.197059	-0.429937
0.393546	-0.181676
0.593192	0.012577
0.799156	0.185371
0.992167	0.259291
1.202870	0.357534
1.397145	0.366695
1.608479	0.427031
1.786960	0.451671
1.997978	0.435876
2.199203	0.469993
2.393794	0.471256
2.598494	0.513586
2.796561	0.511059
2.997786	0.544228
3.192693	0.533804
3.402763	0.524959
3.592932	0.532540
3.799212	0.567920
3.995699	0.598878
4.196608	0.598562
4.393095	0.616252
4.594636	0.567288
4.799336	0.617516
4.994559	0.610250
5.206841	0.670902
5.391007	0.679747
5.594444	0.638049
5.791247	0.615305
6.001001	0.635522
6.186431	0.677852
6.404715	0.709441
6.593936	0.716391
6.792318	0.644367
7.001441	0.653212
7.182449	0.654160
7.401680	0.712916
7.587742	0.735661
7.805394	0.736608
7.983243	0.687329
8.195525	0.658266
8.394223	0.689224
8.596711	0.758405
8.790671	0.785572
8.993160	0.747980
9.197544	0.712284
9.384870	0.664268
9.602206	0.745769
9.786373	0.764407
10.004972	0.782097
9.792690	0.773568
9.593361	0.681011
9.394347	0.672797
9.189962	0.724920
8.989054	0.771989
8.796357	0.760932
8.595448	0.735977
8.390116	0.667743
8.206265	0.675641
7.987666	0.722393
7.796549	0.733765
7.595008	0.753667
7.393151	0.672166
7.193821	0.675641
6.986594	0.639313
6.795794	0.700596
6.595200	0.693015
6.405663	0.697121
6.191170	0.648789
6.004476	0.634890
5.783665	0.620359
5.606132	0.664268
5.388480	0.644367
5.210948	0.636154
4.994559	0.648789
4.792702	0.580872
4.601270	0.604248
4.390883	0.611198
4.192185	0.614673
3.996962	0.582451
3.800791	0.585294
3.595459	0.538858
3.402763	0.541385
3.191114	0.537594
2.995574	0.512955
2.804142	0.526222
2.594388	0.479786
2.399480	0.479786
2.193201	0.437771
2.004296	0.457041
1.796437	0.427031
1.595527	0.427663
1.400304	0.391019
1.197183	0.335106
0.997854	0.289301
0.797260	0.167365
0.592560	0.038480
0.395757	-0.199363
0.199587	-0.402458
-0.013009	-0.683884
-0.189256	-0.895823
-0.409407	-1.112183
-0.603341	-1.334861
-0.806120	-1.446357
-0.994685	-1.561960
-1.208203	-1.655137
-1.397084	-1.745156
-1.605548	-1.821908
-1.802957	-1.916033
-1.995628	-1.955199
-2.220201	-2.064485
-2.391078	-2.126392
-2.607123	-2.223044
-2.798846	-2.275791
-3.012680	-2.344648
-3.199350	-2.433087
-3.404340	-2.513314
-3.599854	-2.597647
-3.804527	-2.669978
-3.998778	-2.748626
-4.202504	-2.785897
-4.404335	-2.879389
-4.601112	-2.920450
-4.804523	-3.011732
-4.992456	-3.058163
-5.202816	-3.108700
-5.404963	-3.204088
-5.597002	-3.253361
-5.807361	-3.343696
-5.999401	-3.405919
-6.201232	-3.490568
-6.398641	-3.542368
-6.603946	-3.626701
-6.792196	-3.680712
-7.006345	-3.767888
-7.197121	-3.829796
-7.398636	-3.864856
-7.598257	-3.966245
-7.803878	-3.994356
-8.002550	-4.094482
-8.196169	-4.124172
-8.407475	-4.210084
-8.592566	-4.260937
-8.807347	-4.340533
-8.967170	-4.392964
-9.015812	-4.414443
-9.027814	-4.417285
-9.050556	-4.415074
-9.049924	-4.416969
-9.061295	-4.421391
-9.051503	-4.424866
-9.037290	-4.419496
-9.039185	-4.407810
-9.012969	-4.405283
-8.975383	-4.396123
-8.797873	-4.338006
-8.601411	-4.283047
-8.400211	-4.193344
-8.196801	-4.137122
-7.995602	-4.074583
-7.799456	-3.993093
-7.604574	-3.969088
-7.390424	-3.877806
-7.211019	-3.830743
-6.995606	-3.738514
-6.808304	-3.701559
-6.597629	-3.636809
-6.396746	-3.555318
-6.204074	-3.496569
-5.998137	-3.401813
-5.800728	-3.363595
-5.599845	-3.285263
-5.390117	-3.244833
-5.196814	-3.133021
-5.006354	-3.073956
-4.785888	-2.963722
-4.611536	-2.907185
-4.398018	-2.868019
-4.204083	-2.784949
-4.000041	-2.730622
-3.806738	-2.641551
-3.597643	-2.565430
-3.406235	-2.493415
-3.207562	-2.437825
-2.995940	-2.352860
-2.803584	-2.293163
-2.598595	-2.190826
-2.407503	-2.125129
-2.196512	-2.045218
-2.013316	-1.982362
-1.798851	-1.904346
-1.599231	-1.806116
-1.405612	-1.732206
-1.195253	-1.641871
-0.995001	-1.553432
-0.803909	-1.434039
-0.605552	-1.314962
-0.402142	-1.132398
-0.207892	-0.934673
0.006890	-0.668407
0.196428	-0.398036
0.389124	-0.212945
0.606144	0.031530
0.787467	0.177474
1.007015	0.309202
1.188338	0.341108
1.403463	0.366379
1.589525	0.379647
1.805282	0.430822
1.993871	0.481049
2.201730	0.487999
2.392215	0.507584
2.600074	0.455146
2.797192	0.501582
2.992732	0.512639
3.195220	0.579924
3.394550	0.552757
3.605568	0.555916
3.795737	0.532856
4.000437	0.553705
4.192817	0.603932
4.397833	0.645630
4.592741	0.627309
4.799336	0.622254
4.992980	0.600773
5.198943	0.587506
5.395430	0.673745
5.588442	0.677852
5.799144	0.660478
5.994683	0.643735
6.203806	0.631415
6.397134	0.654476
6.599938	0.694594
6.793266	0.713232
6.989753	0.682906
7.196980	0.692383
7.393467	0.646262
7.605433	0.708178
7.796233	0.708809
8.008831	0.734713
8.183205	0.726184
8.401804	0.703755
8.593868	0.718918
8.791935	0.696805
9.001689	0.757773
9.188383	0.741031
9.391820	0.747665
9.598415	0.711021
9.791743	0.735345
9.989493	0.709441
9.805642	0.755562
9.580409	0.751139
9.394979	0.736924
9.189962	0.740399
8.997267	0.699017
8.793830	0.707862
8.592605	0.718918
8.393907	0.743874
8.189838	0.725236
7.996827	0.727763
7.793074	0.663321
7.600379	0.692067
7.391572	0.689224
7.202351	0.723025
6.987857	0.712284
6.794214	0.667111
6.602149	0.652264
6.396502	0.622254
6.206017	0.674693
5.994999	0.691119
5.795353	0.682274
5.590969	0.642787
5.397009	0.594455
5.191994	0.602985
5.005300	0.643735
4.791122	0.660793
4.593372	0.614673
4.400360	0.616568
4.187763	0.527486
4.006123	0.585294
3.789419	0.578345
3.602409	0.596983
3.390128	0.559707
3.201538	0.518641
2.988309	0.473152
2.802247	0.487051
2.595967	0.524643
2.406114	0.489578
2.199203	0.493369
2.000821	0.427347
1.795489	0.418818
1.587946	0.380910
1.406622	0.404602
1.194972	0.374908
0.998801	0.282035
0.796312	0.172735
0.597299	0.005943
0.393546	-0.195573
0.205589	-0.416987
-0.002586	-0.681042
-0.204101	-0.924250
-0.395193	-1.104287
-0.609027	-1.314330
-0.800435	-1.461518
-1.007319	-1.568593
-1.192726	-1.659559
-1.403717	-1.723678
-1.600494	-1.826646
-1.798851	-1.893923
-2.008262	-1.982362
-2.202197	-2.041111
-2.406239	-2.138395
-2.597015	-2.182614
-2.808954	-2.296954
-2.997203	-2.337383
-3.214511	-2.449195
-3.398654	-2.509840
-3.602381	-2.574274
-3.804843	-2.671557
-3.997830	-2.700616
-4.204399	-2.797583
-4.401493	-2.863281
-4.603640	-2.951088
-4.799469	-3.007626
-4.996562	-3.090696
-5.191761	-3.126072
-5.415701	-3.221460
-5.600476	-3.308320
-5.806098	-3.355698
-6.001296	-3.437820
-6.202179	-3.474459
-6.399589	-3.571743
-6.595102	-3.627333
-6.804514	-3.712614
-7.006977	-3.770415
-7.205333	-3.811476
-7.390424	-3.853485
-7.603310	-3.949189
-7.793455	-4.018361
-8.007604	-4.096061
-8.203750	-4.159864
-8.402738	-4.186711
-8.605516	-4.282415
-8.790923	-4.336111
-8.966538	-4.411600
-8.993071	-4.429919
-9.027498	-4.424550
-9.048660	-4.410652
-9.060979	-4.413495
-9.047398	-4.428656
-9.040448	-4.434657
-9.029710	-4.434025
-9.026867	-4.415390
-9.024024	-4.400545
-8.967802	-4.387279
-8.802294	-4.360747
-8.592882	-4.258410
-8.410634	-4.211348
-8.197117	-4.117855
-7.995917	-4.053105
-7.794402	-4.006359
-7.601099	-3.928658
-7.395794	-3.893598
-7.208176	-3.813687
-6.999396	-3.751780
-6.801672	-3.655760
-6.605842	-3.633018
-6.395483	-3.546790
-6.204074	-3.482987
-5.996874	-3.423291
-5.805466	-3.332957
-5.605214	-3.276734
-5.398329	-3.202509
-5.206290	-3.133652
-5.000037	-3.067955
-4.797258	-3.011732
-4.598902	-2.921082
-4.410020	-2.872441
-4.194292	-2.803900
-4.011096	-2.727463
-3.789366	-2.653553
-3.603960	-2.577432
-3.405287	-2.523421
-3.192086	-2.422348
-3.011732	-2.358861
-2.796320	-2.274528
-2.605543	-2.215463
-2.397079	-2.126076
-2.208199	-2.070170
-2.001630	-1.963095
-1.812749	-1.898345
-1.588176	-1.799167
-1.405612	-1.708516
-1.196516	-1.644714
-0.990895	-1.534481
-0.809594	-1.459939
-0.601446	-1.291273
-0.401826	-1.118816
-0.201574	-0.905930
-0.003849	-0.684200
0.205589	-0.407512
0.385965	-0.194626
0.604880	0.005627
0.797892	0.162627
1.002592	0.267188
1.197183	0.375856
1.396829	0.383753
1.599634	0.432717
1.787276	0.425767
1.997662	0.437140
2.191621	0.469993
2.396637	0.486735
2.597862	0.503478
2.802879	0.519588
2.993363	0.509796
3.203434	0.502846
3.395498	0.571711
3.588826	0.547071
3.807741	0.589401
3.991908	0.589401
4.196924	0.581504
4.387724	0.578029
4.599690	0.596983
4.790175	0.634890
5.002457	0.645630
5.195468	0.670902
5.394483	0.612777
5.594444	0.626361
5.789035	0.616252
6.002264	0.697753
6.194329	0.664268
6.405979	0.710073
6.593305	0.646578
6.802111	0.632363
6.992596	0.685749
7.197296	0.700280
7.395362	0.729027
7.599431	0.716391
7.796549	0.663952
7.997775	0.639313
8.193945	0.722393
8.389484	0.742294
8.602398	0.767566
8.791935	0.753667
8.996003	0.668691
9.193122	0.695226
9.389924	0.724920
9.592413	0.786204
9.792059	0.771357
9.999286	0.756826
9.792059	0.680063
9.594940	0.693647
9.386133	0.734713
9.203230	0.755246
8.988421	0.753351
8.804887	0.729975
8.586919	0.669954
8.396434	0.669954
8.197420	0.760616
7.985770	0.734397
7.804762	0.753351
7.589954	0.691435
7.401049	0.657950
7.189083	0.643735
6.996703	0.724920
6.786316	0.694594
6.603729	0.683222
6.392711	0.662057
6.194329	0.604564
6.002264	0.651317
5.792511	0.650053
5.594444	0.681643
5.389428	0.640576
5.200207	0.631099
4.996139	0.595403
4.801547	0.605196
4.588950	0.619727
4.395622	0.622254
4.190606	0.602985
4.000121	0.573922
3.797001	0.560971
3.595775	0.536331
3.400868	0.575502
3.182585	0.543912
3.005999	0.514218
2.800983	0.521800
2.594704	0.465886
2.397269	0.480733
2.195096	0.459252
1.993871	0.449775
1.798648	0.437771
1.586998	0.420397
1.393986	0.350900
1.209503	0.354375
0.980795	0.276349
0.812107	0.187267
0.585610	0.035637
0.395126	-0.183887
0.194848	-0.415092
0.003416	-0.668407
-0.202838	-0.909089
-0.403721	-1.147243
-0.602710	-1.314646
-0.809279	-1.478259
-0.993106	-1.549642
-1.200938	-1.681037
-1.395505	-1.712623
-1.610602	-1.809274
-1.800114	-1.895502
-2.004156	-1.965938
-2.206619	-2.069222
-2.400870	-2.129867
-2.602069	-2.211673
-2.801689	-2.268527
-3.002888	-2.347806
-3.205035	-2.417926
-3.409709	-2.518052
-3.590062	-2.568588
-3.806107	-2.626390
-3.999410	-2.721462
-4.199977	-2.766945
-4.404335	-2.880021
-4.602376	-2.916344
-4.802312	-3.013628
-4.994983	-3.050583
-5.206606	-3.125124
-5.397698	-3.192086
-5.607741	-3.277366
-5.799149	-3.352540
-6.001296	-3.430556
-6.185755	-3.473828
-6.408748	-3.544579
-6.594471	-3.623227
-6.801672	-3.665551
-7.008872	-3.784313
-7.199016	-3.810213
-7.404953	-3.878753
-7.597625	-3.948873
-7.802930	-4.019309
-7.997812	-4.073319
-8.206593	-4.156074
-8.396421	-4.199030
-8.602042	-4.261569
-8.795661	-4.351903
-8.967486	-4.397070
-9.018338	-4.409705
-9.028131	-4.415390
-9.041712	-4.423286
-9.042343	-4.426445
-9.056241	-4.429288
-9.053715	-4.416022
-9.052767	-4.410020
-9.034447	-4.407810
-9.016128	-4.411284
-8.963380	-4.404019
-8.804821	-4.348113
-8.593199	-4.290312
-8.396737	-4.191133
-8.211015	-4.157969
-7.992443	-4.085006
-7.806405	-4.006990
-7.600468	-3.950136
-7.399268	-3.828217
-7.199016	-3.780207
-6.996238	-3.705033
-6.799144	-3.672184
-6.600156	-3.598906
-6.402747	-3.557213
-6.188913	-3.451718
-6.010140	-3.409709
-5.793148	-3.332641
-5.614690	-3.284631
-5.392013	-3.205983
-5.205974	-3.129546
-4.991825	-3.059427
-4.792204	-2.973514
-4.601429	-2.936243
-4.402440	-2.849383
-4.203452	-2.798215
-4.001936	-2.705038
-3.799158	-2.660818
-3.597643	-2.562903
-3.409709	-2.542372
-3.198402	-2.450459
-3.001941	-2.363283
-2.806743	-2.303902
-2.596068	-2.196828
-2.401186	-2.151345
-2.190826	-2.066380
-2.002893	-1.995944
-1.802009	-1.888554
-1.602074	-1.815275
-1.398979	-1.727784
-1.203781	-1.648504
-0.996580	-1.571751
-0.809279	-1.447621
-0.603341	-1.339914
-0.403405	-1.122606
-0.205996	-0.928040
0.008470	-0.635243
0.192005	-0.413513
0.396073	-0.191783
0.592560	0.027424
0.800419	0.191373
0.990904	0.277613
1.204449	0.329104
1.388616	0.362588
1.596159	0.417554
1.790750	0.475047
1.992292	0.452303
2.201098	0.485156
2.390635	0.445353
2.604496	0.473152
2.794981	0.526222
2.999681	0.559075
3.191430	0.553705
3.399289	0.533488
3.596723	0.507584
3.797948	0.549914
4.001700	0.616252
4.190606	0.606144
4.404783	0.622254
4.592109	0.578345
4.801231	0.588138
4.987926	0.618148
5.199575	0.649737
5.398273	0.695226
5.591917	0.644683
5.797881	0.644051
5.995315	0.618148
6.194961	0.670586
6.400609	0.688592
6.601202	0.705651
6.786316	0.680379
7.007127	0.664584
7.190346	0.662057
7.397890	0.675956
7.593429	0.740715
7.799392	0.705019
7.991457	0.728711
8.189838	0.703439
8.395802	0.706282
8.598607	0.702492
8.798569	0.773884
8.989369	0.735345
9.197860	0.753351
9.382975	0.715127
9.606628	0.711968
9.784793	0.741031
9.998970	0.749876
9.801220	0.765671
9.587991	0.743242
9.395926	0.722393
9.188383	0.694594
8.992212	0.728711
8.798569	0.718602
8.595132	0.742294
8.387589	0.737240
8.199947	0.708494
7.988614	0.687645
7.794022	0.677536
7.602905	0.719234
7.391572	0.696805
7.201719	0.736608
6.984383	0.661109
6.799900	0.643735
6.592357	0.660793
6.400924	0.675325
6.192118	0.687329
5.997211	0.667111
5.791879	0.639944
5.599183	0.580240
5.395746	0.641208
5.198627	0.638997
5.001825	0.684486
4.787648	0.620991
4.600322	0.588769
4.389304	0.564761
4.194713	0.584663
4.000121	0.600773
3.804898	0.619095
3.591353	0.567920
3.400868	0.518009
3.191430	0.500319
2.991468	0.496528
2.808249	0.554021
2.585227	0.502214
2.405482	0.496212
2.196360	0.426083
1.998294	0.420397
1.791066	0.442194
1.592684	0.430506
1.399672	0.406814
1.195604	0.344582
0.995958	0.275085
0.793469	0.161047
0.602037	0.034373
0.388176	-0.186729
0.204957	-0.410670
-0.010798	-0.674093
-0.195573	-0.905298
-0.399931	-1.103971
-0.607448	-1.343073
-0.802330	-1.454569
-1.001318	-1.571120
-1.198411	-1.642187
-1.404033	-1.754631
-1.595125	-1.821277
-1.809274	-1.910348
-1.992154	-1.975414
-2.212936	-2.047428
-2.395500	-2.137131
-2.604912	-2.187036
-2.798531	-2.287162
-3.001625	-2.334540
-3.205983	-2.441931
-3.403076	-2.487730
-3.606487	-2.575222
-3.790314	-2.639340
-4.006042	-2.726832
-4.198082	-2.785265
-4.409389	-2.883811
-4.598586	-2.919503
-4.809893	-3.000046
-4.993720	-3.074588
-5.198393	-3.143760
-5.407174	-3.237253
-5.598581	-3.279261
-5.806729	-3.348118
-5.988977	-3.408130
-6.199653	-3.478250
-6.403378	-3.541420
-6.604262	-3.638072
-6.796618	-3.695558
-7.009503	-3.753359
-7.207229	-3.840535
-7.390740	-3.878753
-7.599520	-3.986459
-7.792191	-4.020256
-8.012026	-4.109011
-8.193958	-4.128910
-8.406213	-4.220508
-8.592566	-4.287785
-8.798820	-4.342112
-8.961169	-4.411600
-9.007283	-4.418549
-9.024972	-4.420128
-9.028446	-4.432762
-9.028446	-4.440342
-9.029078	-4.449818
-9.042343	-4.440974
-9.039185	-4.416337
-9.049293	-4.398650
-9.017076	-4.397070
-8.979804	-4.388227
-8.797240	-4.335479
-8.600779	-4.261885
-8.401475	-4.177236
-8.204698	-4.106800
-8.000340	-4.079005
-7.795350	-3.994988
-7.608364	-3.965613
-7.392951	-3.879385
-7.207860	-3.834533
-6.994343	-3.750201
-6.799776	-3.683555
-6.606473	-3.632387
-6.396114	-3.545211
-6.200916	-3.478565
-5.999717	-3.394548
-5.805150	-3.346538
-5.597950	-3.275471
-5.404331	-3.227461
-5.192708	-3.132073
-5.011724	-3.079957
-4.790625	-2.996887
-4.603008	-2.910343
-4.408125	-2.880021
-4.192397	-2.777684
-4.012044	-2.734728
-3.792209	-2.628601
-3.598274	-2.586908
-3.403708	-2.497205
-3.209457	-2.441931
-2.993413	-2.355703
-2.812428	-2.290005
-2.591014	-2.222412
-2.408766	-2.129551
-2.197144	-2.062589
-2.009210	-1.960253
-1.802325	-1.898029
-1.597336	-1.794745
-1.409402	-1.739154
-1.197780	-1.643135
-0.999423	-1.549326
-0.803593	-1.437829
-0.608395	-1.312751
-0.398668	-1.123870
-0.207576	-0.928988
0.007838	-0.676304
0.205904	-0.401195
0.387860	-0.207892
0.602669	0.016999
0.793469	0.181896
1.003540	0.292776
1.194656	0.341739
1.400620	0.378699
1.589841	0.408709
1.796121	0.415027
1.996082	0.472836
2.196676	0.461780
2.399480	0.513586
2.593756	0.487999
2.803195	0.518641
2.986098	0.492737
3.206593	0.557180
3.381283	0.555284
3.602409	0.565077
3.802055	0.597299
3.999805	0.551178
4.189342	0.578345
4.397833	0.598562
4.586739	0.630468
4.800600	0.634890
4.997718	0.658266
5.190730	0.636785
5.404591	0.633311
5.589390	0.651317
5.797565	0.671850
5.994683	0.705651
6.196224	0.677536
6.398713	0.641524
6.597411	0.635206
6.795162	0.680063
6.996703	0.712284
7.196664	0.742926
7.394099	0.702176
7.601326	0.650053
7.788336	0.649105
8.002829	0.706598
8.189523	0.746717
8.391696	0.748296
8.602082	0.738188
8.785933	0.659530
9.000742	0.688276
9.187119	0.747980
9.388345	0.785256
9.593992	0.769145
9.800904	0.743242
9.985071	0.674693
9.802799	0.704703
9.584200	0.773252
9.390241	0.751771
9.200704	0.785256
8.991581	0.688276
8.802991	0.677852
8.592289	0.682906
8.395802	0.765671
8.190154	0.750508
7.997775	0.734713
7.793074	0.683538
7.601642	0.654791
7.393783	0.681327
7.202351	0.729659
6.989121	0.725236
6.795477	0.671850
6.602781	0.662373
6.391763	0.618779
6.199383	0.658898
6.000369	0.683538
5.793774	0.711021
5.597287	0.642156
5.393535	0.620991
5.195468	0.595403
4.998666	0.622254
4.792070	0.656371
4.587686	0.599510
4.400992	0.627309
4.185552	0.575502
4.004544	0.564130
3.785944	0.570132
3.603041	0.578661
3.387600	0.560971
3.196168	0.524327
2.989888	0.525590
2.800667	0.466518
2.607023	0.504741
2.390319	0.481997
2.200782	0.484524
1.991976	0.429874
1.803070	0.445037
1.583207	0.377751
1.405042	0.380910
1.197499	0.361641
0.990904	0.282351
0.805789	0.187267
0.593192	0.022053
0.395442	-0.184834
0.198323	-0.415724
-0.003218	-0.657668
-0.203470	-0.936568
-0.396141	-1.130818
-0.610922	-1.315278
-0.804225	-1.461202
-1.006056	-1.561644
-1.195885	-1.664613
-1.399927	-1.735048
-1.596704	-1.824435
-1.793797	-1.880657
-2.008262	-1.981099
-2.203777	-2.057220
-2.401501	-2.127340
-2.595120	-2.192090
-2.811796	-2.279582
-2.996887	-2.352860
-3.210721	-2.439720
-3.404655	-2.524053
-3.594168	-2.556586
-3.800421	-2.675663
-3.995619	-2.703774
-4.209769	-2.788739
-4.401808	-2.859175
-4.610272	-2.943824
-4.797574	-2.989938
-5.002564	-3.081852
-5.195867	-3.135231
-5.405278	-3.208826
-5.602056	-3.300739
-5.802939	-3.333904
-5.995926	-3.430871
-6.193967	-3.452350
-6.402431	-3.541420
-6.594471	-3.589115
-6.805778	-3.693662
-7.002239	-3.742620
-7.206281	-3.808318
-7.395162	-3.882859
-7.600468	-3.949505
-7.790928	-4.014886
-8.005077	-4.087849
-8.196801	-4.161759
-8.395473	-4.214822
-8.600463	-4.302946
-8.791871	-4.330741
-8.978541	-4.391701
-9.020550	-4.401493
-9.041396	-4.404335
-9.045818	-4.411284
-9.051819	-4.419812
-9.057189	-4.427077
-9.047398	-4.426129
-9.034131	-4.431499
-9.011705	-4.431499
-9.003809	-4.428656
-8.956431	-4.402756
-8.809243	-4.357589
-8.585934	-4.246092
-8.410951	-4.193344
-8.200275	-4.145334
-7.998128	-4.064160
-7.804510	-4.012044
-7.595098	-3.917919
-7.404006	-3.878437
-7.203438	-3.796631
-7.005082	-3.767572
-6.797249	-3.672184
-6.610895	-3.622595
-6.384743	-3.540789
-6.206601	-3.461825
-6.001296	-3.433398
-5.797254	-3.345275
-5.607110	-3.296633
-5.396434	-3.201245
-5.204395	-3.130810
-4.999721	-3.056900
-4.792836	-3.018049
-4.601112	-2.924556
-4.407810	-2.862965
-4.194608	-2.782422
-4.005727	-2.703458
-3.795683	-2.662081
-3.603644	-2.568588
-3.405603	-2.532897
-3.194296	-2.429928
-3.009521	-2.346543
-2.799478	-2.284003
-2.605859	-2.216095
-2.398027	-2.141237
-2.201250	-2.070802
-1.999734	-1.970360
-1.812433	-1.898029
-1.594493	-1.820961
-1.398347	-1.726204
-1.207887	-1.674404
-0.990263	-1.535112
-0.816859	-1.462466
-0.596708	-1.304854
-0.407512	-1.127660
-0.198416	-0.877503
-0.004165	-0.660195
0.206536	-0.421093
0.389439	-0.180412
0.599826	0.005627
0.803262	0.175263
0.998485	0.248550
1.201922	0.355007
1.391459	0.386596
1.600897	0.452303
1.787276	0.438087
1.999557	0.430506
2.197308	0.445353
2.397901	0.468097
2.595651	0.530329
2.801615	0.537594
3.000629	0.525590
3.199327	0.512955
3.396446	0.514534
3.590089	0.535699
3.804266	0.605828
3.996015	0.612146
4.195976	0.599510
4.391515	0.582136
4.597795	0.558759
4.793334	0.635522
4.995191	0.639944
5.201470	0.671218
5.392271	0.631731
5.602341	0.630468
5.787140	0.629836
6.004476	0.677220
6.187063	0.689856
6.411349	0.693962
6.585723	0.661741
6.799900	0.642156
6.991648	0.676588
7.191294	0.678799
7.402628	0.742926
7.591218	0.706914
7.799392	0.707862
7.993668	0.683538
8.190154	0.703439
8.386957	0.723341
8.604609	0.747033
8.790356	0.743242
8.996634	0.714812
9.196913	0.741663
9.389293	0.697437
9.593361	0.764723
9.791743	0.738820
9.995496	0.762512
9.791743	0.743558
9.594625	0.713232
9.398138	0.692699
9.193438	0.737556
8.993792	0.733765
8.796673	0.736924
8.590394	0.746717
8.391064	0.684486
8.200579	0.711021
7.979453	0.698069
7.801603	0.720498
7.593112	0.731238
7.395994	0.707230
7.190978	0.668375
6.995439	0.651317
6.789475	0.670586
6.607520	0.677852
6.397766	0.720498
6.191802	0.658582
6.003528	0.640576
5.784613	0.603932
5.607080	0.649105
5.381846	0.650685
5.207788	0.669954
4.988557	0.638997
4.798704	0.580240
4.592741	0.577081
4.397202	0.596983
4.195660	0.625097
3.998857	0.606775
3.794789	0.590665
3.597671	0.504425
3.398973	0.532224
3.187639	0.531276
2.998418	0.545176
2.797508	0.547387
2.594072	0.482313
2.403271	0.446617
2.193833	0.438403
1.996398	0.474415
1.794225	0.448196
1.595527	0.427031
1.395882	0.371433
1.204765	0.324049
0.989640	0.274138
0.801683	0.180949
0.587822	0.034689
0.404918	-0.187361
0.198639	-0.400247
-0.003849	-0.660827
-0.196521	-0.888242
-0.407512	-1.160193
-0.601130	-1.327280
-0.806120	-1.463729
-0.996896	-1.550273
-1.208835	-1.664613
-1.392030	-1.718940
-1.615339	-1.827278
-1.796008	-1.887606
-2.003840	-1.948882
-2.210725	-2.065748
-2.393289	-2.106177
-2.605543	-2.205040
-2.799478	-2.277371
-3.001941	-2.372759
-3.203772	-2.435930
-3.408446	-2.515209
-3.588799	-2.577748
-3.803264	-2.654501
-3.997514	-2.720830
-4.204399	-2.773578
-4.404651	-2.872125
-4.598902	-2.909711
-4.806734	-3.009521
-4.991825	-3.058163
-5.205974	-3.151656
-5.401488	-3.220196
-5.599845	-3.271049
-5.803887	-3.356014
-6.002559	-3.416026
-6.193967	-3.512362
-6.405590	-3.573638
-6.599524	-3.645653
-6.795354	-3.667131
-7.013926	-3.768836
-7.193331	-3.824426
-7.404322	-3.888229
-7.595414	-3.959612
-7.808616	-4.002568
-7.995286	-4.075215
-8.210067	-4.145966
-8.399579	-4.223035
-8.596357	-4.284626
-8.795345	-4.365169
-8.971276	-4.381278
-9.036026	-4.391701
-9.029710	-4.408125
-9.041712	-4.420760
-9.031920	-4.434025
-9.049924	-4.438447
-9.044870	-4.425498
-9.041396	-4.418233
-9.025919	-4.422655
-9.004441	-4.419496
-8.963380	-4.409705
-8.798504	-4.337690
-8.594461	-4.255252
-8.401158	-4.175656
-8.209119	-4.146598
-7.990548	-4.079005
-7.805141	-3.998778
-7.600152	-3.952979
-7.393267	-3.852853
-7.207860	-3.823163
-6.999080	-3.738514
-6.809884	-3.691136
-6.597629	-3.608382
-6.402431	-3.537630
-6.197442	-3.470037
-6.006665	-3.405603
-5.798202	-3.359804
-5.609320	-3.273260
-5.394855	-3.214511
-5.207869	-3.136495
-4.999089	-3.083747
-4.791257	-2.980463
-4.613431	-2.942876
-4.394860	-2.859806
-4.200925	-2.788423
-3.997199	-2.710723
-3.804212	-2.645973
-3.600169	-2.558481
-3.412868	-2.517104
-3.193665	-2.434350
-3.008574	-2.336120
-2.803584	-2.301376
-2.592593	-2.200934
-2.406871	-2.146291
-2.200934	-2.051850
-2.008262	-1.994365
-1.797588	-1.904662
-1.602705	-1.827278
-1.391083	-1.752104
-1.201254	-1.639976
-0.999739	-1.554379
-0.808331	-1.441304
-0.602394	-1.327596
-0.401195	-1.120080
-0.202206	-0.925513
0.004995	-0.646298
0.190741	-0.427095
0.397653	-0.201574
0.600773	0.021422
0.797892	0.171788
1.000697	0.303200
1.202238	0.342055
1.396197	0.376804
1.596791	0.393230
1.795805	0.453882
1.988817	0.443773
2.211839	0.483576
2.388108	0.502214
2.610814	0.473783
2.790559	0.503478
3.000313	0.527170
3.190166	0.553073
3.398025	0.553389
3.592616	0.569500
3.801423	0.545176
4.003912	0.581820
4.188395	0.573922
4.397517	0.626361
4.594320	0.614041
4.800600	0.643735
4.987926	0.589717
5.199891	0.604248
5.394166	0.663321
5.594128	0.664900
5.802303	0.694278
5.994999	0.666480
6.194645	0.636470
6.396818	0.643735
6.593620	0.688276
6.789791	0.700596
7.001125	0.715443
7.190031	0.685433
7.396942	0.615936
7.603853	0.684486
7.793390	0.709441
7.995879	0.767250
8.187628	0.732186
8.405910	0.712600
8.588498	0.676588
8.800148	0.707546
8.992212	0.768514
9.193753	0.781150
9.382659	0.765671
9.599995	0.718918
9.786057	0.679747
9.995811	0.704387
9.797429	0.810528
9.587991	0.752403
9.400981	0.759984
9.186804	0.694910
8.998530	0.673113
8.789092	0.723341
8.600186	0.766934
8.388853	0.771989
8.198999	0.727763
7.988614	0.681643
7.800024	0.638365
7.600694	0.718918
7.386833	0.720182
7.201719	0.746085
6.989121	0.673113
6.800532	0.657003
6.594252	0.631731
6.394607	0.669007
6.200963	0.702492
5.993420	0.672797
5.798828	0.646578
5.601394	0.609303
5.392587	0.625413
5.197680	0.628256
5.004668	0.667111
4.786700	0.617832
4.603481	0.610882
4.392147	0.601721
4.189974	0.563182
3.999173	0.606459
3.798264	0.583399
3.599250	0.572975
3.396130	0.540437
3.194904	0.536331
2.992100	0.486419
2.803195	0.529381
2.588070	0.498739
2.404219	0.489578
2.191621	0.466202
2.006191	0.451987
1.784748	0.418818
1.595211	0.405866
1.399672	0.405550
1.195288	0.350900
0.997854	0.293723
0.792838	0.167049
0.595719	0.029635
0.391335	-0.205049
0.204641	-0.409091
-0.007008	-0.688938
-0.195889	-0.919512
-0.404037	-1.113762
-0.606816	-1.328859
-0.798855	-1.450463
-1.006056	-1.571120
-1.195569	-1.651663
-1.405612	-1.739786
-1.598283	-1.816855
-1.813380	-1.914770
-2.000682	-1.988680
-2.207567	-2.057536
-2.403397	-2.145659
-2.604912	-2.200934
-2.800110	-2.308956
-3.006047	-2.359177
-3.208510	-2.471937
-3.400234	-2.499100
-3.609645	-2.589435
-3.788419	-2.666503
-4.002568	-2.738518
-4.189870	-2.812744
-4.411916	-2.869914
-4.598270	-2.933716
-4.803259	-3.001625
-4.993088	-3.066059
-5.201236	-3.121018
-5.410332	-3.232515
-5.588790	-3.270733
-5.813046	-3.332957
-5.992768	-3.392653
-6.206601	-3.486462
-6.399589	-3.540789
-6.603314	-3.620700
-6.801040	-3.685766
-7.007293	-3.733776
-7.204070	-3.804843
-7.394215	-3.858539
-7.602047	-3.931817
-7.795034	-3.969719
-8.007920	-4.062265
-8.196801	-4.103958
-8.411898	-4.193976
-8.596357	-4.271360
-8.795030	-4.307052
-8.980436	-4.391701
-9.012653	-4.409389
-9.027814	-4.421391
-9.038553	-4.425813
-9.049293	-4.427709
-9.052451	-4.428972
-9.048029	-4.427709
-9.029710	-4.423918
-9.025919	-4.423286
-9.011390	-4.413179
-8.974751	-4.384120
-8.797873	-4.341796
-8.598568	-4.250198
-8.403686	-4.213875
-8.202170	-4.126067
-8.004762	-4.067002
-7.793139	-3.988986
-7.609627	-3.931501
-7.389792	-3.865803
-7.215441	-3.843693
-6.993395	-3.758413
-6.810515	-3.698400
-6.598893	-3.622911
-6.399904	-3.531629
-6.202811	-3.502570
-5.994979	-3.412868
-5.803255	-3.347486
-5.603319	-3.244517
-5.398329	-3.195560
-5.198393	-3.118491
-5.003511	-3.084695
-4.792204	-3.007310
-4.607114	-2.935296
-4.404967	-2.878126
-4.199661	-2.782422
-4.008569	-2.747362
-3.794104	-2.651342
-3.608382	-2.609650
-3.401181	-2.504154
-3.203772	-2.432455
-2.995624	-2.363915
-2.804216	-2.284635
-2.599226	-2.229361
-2.404344	-2.131762
-2.207883	-2.056588
-2.006367	-1.955199
-1.804536	-1.912874
-1.596388	-1.793481
-1.410034	-1.755579
-1.192094	-1.646925
-1.005740	-1.540482
-0.797592	-1.457412
-0.609027	-1.290325
-0.394246	-1.109656
-0.205996	-0.911931
0.004995	-0.670303
0.197691	-0.417303
0.390387	-0.206944
0.602669	0.026160
0.790626	0.140830
1.005119	0.295619
1.191181	0.353112
1.404727	0.405550
1.589525	0.423240
1.797384	0.402707
1.994819	0.427031
2.196044	0.468729
2.401692	0.505689
2.601653	0.521800
2.803195	0.537910
2.992416	0.478838
3.201222	0.521800
3.386653	0.548335
3.599882	0.581504
3.799528	0.611514
3.992856	0.565393
4.197240	0.564130
4.390883	0.558443
4.606324	0.619411
4.793650	0.644999
4.999929	0.663321
5.190414	0.616252
5.401116	0.620991
5.587494	0.625413
5.799460	0.667427
5.992472	0.702492
6.206649	0.661425
6.395554	0.668691
6.600254	0.627940
6.799268	0.671534
6.991333	0.699649
7.201087	0.717970
7.393467	0.682906
7.601326	0.700912
7.790547	0.665216
7.996195	0.706282
8.183205	0.721761
8.402121	0.744190
8.595764	0.744190
8.791303	0.706598
9.004216	0.711968
9.185540	0.717339
9.397821	0.753351
9.587043	0.747033
9.802484	0.756194
9.993600	0.739451
9.792059	0.716391
9.591465	0.728395
9.390872	0.729027
9.196280	0.747349
8.990949	0.733133
8.801412	0.747033
8.587234	0.676588
8.403384	0.714812
8.186048	0.710705
7.997775	0.710073
7.797497	0.728395
7.596588	0.697753
7.396626	0.666795
7.193821	0.658582
6.993544	0.693015
6.800216	0.686697
6.597095	0.722077
6.391763	0.645630
6.209808	0.633942
5.984890	0.631731
5.802303	0.647210
5.589074	0.669007
5.396378	0.664900
5.193573	0.622570
5.007827	0.583083
4.788596	0.596983
4.594952	0.612146
4.400044	0.649421
4.180497	0.604248
4.005807	0.589401
3.789103	0.527802
3.600830	0.548019
3.395814	0.552441
3.198379	0.557812
2.997470	0.563498
2.796561	0.489894
2.598810	0.461464
2.396637	0.454514
2.195096	0.488946
1.996082	0.466202
1.799280	0.457673
1.590473	0.376172
1.409149	0.366379
1.191813	0.359114
0.992483	0.285510
0.798524	0.209379
0.589401	0.009418
0.402391	-0.175043
0.194848	-0.421725
0.005311	-0.662406
-0.202838	-0.938147
-0.399615	-1.130187
-0.611554	-1.322542
-0.798224	-1.454254
-1.009215	-1.555327
-1.192094	-1.658296
-1.413508	-1.732206
-1.600810	-1.831384
-1.799167	-1.881605
-2.016475	-1.994997
-2.194301	-2.057536
-2.402449	-2.135236
-2.601121	-2.199354
-2.804848	-2.289057
-3.000678	-2.347490
-3.210089	-2.438141
-3.396443	-2.505418
-3.603960	-2.573010
-3.802632	-2.676611
-3.996251	-2.722094
-4.205663	-2.802321
-4.397387	-2.854753
-4.609325	-2.929926
-4.791573	-2.995624
-5.001300	-3.070481
-5.203131	-3.130178
-5.402436	-3.179135
-5.601740	-3.261258
-5.805150	-3.312742
-6.002559	-3.414131
-6.192704	-3.471301
-6.406221	-3.553423
-6.593207	-3.563846
-6.814305	-3.673764
-6.995290	-3.735355
-7.201859	-3.784629
-7.401479	-3.890756
-7.594151	-3.928658
-7.801035	-4.020572
-8.004762	-4.089428
-8.201539	-4.171550
-8.409687	-4.222719
-8.603937	-4.318738
-8.789028	-4.330110
-8.976014	-4.404651
-8.997176	-4.422023
-9.017076	-4.436553
-9.013917	-4.444765
-9.035395	-4.444449
-9.044239	-4.438763
-9.040448	-4.432130
-9.030972	-4.430235
-9.015496	-4.427709
-9.007600	-4.421391
-8.972224	-4.382857
-8.799452	-4.316844
-8.589092	-4.238196
-8.411898	-4.206610
-8.198064	-4.154810
-7.999392	-4.065739
-7.804825	-4.017097
-7.596045	-3.934344
-7.404006	-3.880332
-7.196805	-3.827585
-7.001291	-3.769783
-6.805146	-3.685134
-6.606789	-3.621016
-6.392955	-3.528786
-6.207549	-3.472880
-6.000032	-3.429608
-5.801991	-3.334220
-5.603951	-3.292527
-5.396434	-3.188927
-5.200289	-3.152920
-4.993404	-3.048372
-4.804207	-3.007942
-4.598902	-2.924872
-4.404967	-2.868019
-4.197766	-2.777684
-4.000989	-2.726200
-3.790314	-2.649447
-3.607118	-2.570168
-3.396759	-2.502259
-3.201245	-2.422032
-3.010153	-2.374338
-2.794109	-2.276107
-2.601121	-2.199986
-2.399922	-2.127024
-2.207883	-2.043638
-1.999419	-1.973203
-1.796008	-1.912874
-1.593230	-1.816855
-1.404349	-1.718624
-1.200938	-1.657664
-0.994054	-1.542693
-0.810226	-1.472257
-0.597024	-1.309592
-0.407827	-1.136504
-0.199048	-0.894243
-0.006692	-0.656721
0.204957	-0.423304
0.395757	-0.170621
0.595403	0.015736
0.795049	0.184424
0.998485	0.270979
1.202238	0.340160
1.394302	0.371433
1.600266	0.442826
1.784433	0.425136
2.010929	0.456725
2.196676	0.478838
2.394110	0.454198
2.599126	0.512955
2.801615	0.515166
2.989573	0.544544
3.197116	0.548335
3.392655	0.553073
3.595775	0.524643
3.811216	0.571395
3.990960	0.586874
4.203242	0.607091
4.382670	0.619727
4.600638	0.604564
4.787016	0.594140
5.002457	0.607091
5.200523	0.653844
5.391324	0.657003
5.594760	0.679431
5.793774	0.648789
5.997211	0.633626
6.194645	0.642787
6.404715	0.686065
6.594252	0.687329
6.800532	0.706282
6.996071	0.675325
7.187503	0.629520
7.403575	0.689224
7.592481	0.711968
7.799708	0.754930
7.985455	0.731238
8.196472	0.693962
8.386957	0.656371
8.602398	0.726184
8.791303	0.765987
8.998530	0.760616
9.193438	0.777043
9.387397	0.675641
9.589570	0.707230
9.791111	0.721445
9.999602	0.802946
9.787320	0.771673
9.598100	0.750192
9.388977	0.686065
9.194386	0.677220
8.994740	0.727447
8.798884	0.772620
8.593237	0.745453
8.406858	0.715127
8.188259	0.675325
7.989877	0.651317
7.806342	0.723341
7.589638	0.736292
7.402944	0.718602
7.196664	0.670902
6.996703	0.639944
6.794214	0.650685
6.596779	0.695542
6.398081	0.709125
6.200015	0.673429
6.002896	0.653844
5.792511	0.612777
5.604237	0.633626
5.383742	0.638681
5.210000	0.677852
4.989189	0.624466
4.798704	0.603301
4.600006	0.596351
4.391831	0.577713
4.199451	0.615936
3.996646	0.597614
3.799528	0.589717
3.595459	0.541385
3.395814	0.540121
3.187007	0.509480
3.007579	0.537594
2.787400	0.530961
2.600390	0.476942
2.400744	0.489894
2.195096	0.442194
1.999241	0.449775
1.789171	0.429558
1.590157	0.415659
1.404095	0.374592
1.202238	0.370170
0.991220	0.265293
0.805789	0.188214
0.584663	0.014156
0.400180	-0.173148
0.195796	-0.420146
0.000888	-0.677883
-0.201574	-0.886979
-0.405616	-1.139347
-0.596708	-1.329175
-0.806436	-1.463098
-0.997844	-1.574910
-1.203149	-1.660191
-1.397084	-1.742629
-1.609970	-1.840228
-1.797272	-1.904031
-2.010789	-1.970360
-2.209462	-2.062589
-2.388867	-2.110915
-2.608070	-2.205987
-2.797899	-2.263789
-3.009837	-2.360125
-3.198087	-2.401186
-3.412552	-2.490888
-3.593852	-2.571747
-3.804527	-2.659239
-3.997830	-2.745783
-4.205347	-2.798215
-4.399282	-2.869914
-4.606482	-2.905605
-4.798206	-3.023735
-4.996247	-3.051530
-5.208185	-3.163343
-5.396750	-3.203456
-5.605530	-3.269154
-5.804518	-3.353803
-6.001927	-3.425502
-6.198389	-3.494042
-6.404010	-3.571111
-6.595734	-3.621332
-6.809252	-3.693031
-7.002239	-3.765046
-7.201227	-3.821268
-7.407165	-3.902127
-7.594466	-3.959928
-7.808616	-4.011096
-7.993391	-4.075215
-8.208488	-4.129226
-8.402422	-4.211664
-8.595725	-4.262516
-8.798820	-4.343375
-8.968749	-4.393596
-9.017391	-4.412863
-9.017391	-4.427392
-9.041712	-4.428024
-9.040133	-4.425181
-9.060663	-4.428340
-9.043607	-4.420760
-9.041712	-4.418233
-9.038553	-4.410968
-9.015812	-4.400545
-8.973487	-4.386647
-8.795977	-4.321581
-8.600147	-4.279572
-8.403054	-4.197134
-8.202486	-4.161443
-7.998444	-4.062265
-7.804825	-4.023099
-7.592255	-3.963086
-7.405269	-3.875279
-7.200912	-3.844957
-7.002555	-3.734724
-6.803251	-3.684819
-6.600156	-3.606487
-6.404010	-3.555950
-6.195230	-3.485830
-6.006033	-3.424554
-5.798833	-3.327903
-5.606793	-3.266627
-5.388854	-3.205667
-5.202184	-3.159552
-4.987719	-3.072692
-4.801364	-2.982674
-4.609641	-2.929294
-4.395175	-2.849699
-4.206926	-2.789687
-3.997199	-2.736623
-3.802316	-2.668714
-3.597011	-2.571747
-3.411604	-2.493415
-3.199666	-2.435298
-3.006047	-2.368968
-2.804532	-2.316537
-2.592909	-2.198407
-2.403081	-2.151660
-2.197144	-2.036058
-2.010158	-2.001630
-1.797588	-1.892028
-1.605548	-1.830121
-1.392346	-1.719571
-1.202833	-1.629553
-0.997528	-1.554379
-0.803593	-1.446673
-0.601130	-1.306434
-0.408143	-1.118816
-0.193362	-0.928356
0.000888	-0.662722
0.193269	-0.437834
0.404918	-0.177569
0.590981	0.006890
0.797576	0.175578
0.997222	0.305095
1.202554	0.354375
1.402515	0.381858
1.599002	0.387228
1.788539	0.410289
1.996398	0.453882
2.200782	0.512955
2.389688	0.505373
2.603233	0.505057
2.794034	0.471572
3.000313	0.507268
3.191114	0.553705
3.402132	0.563498
3.604305	0.587190
3.795737	0.542965
4.004544	0.536963
4.190290	0.567604
4.399413	0.626993
4.595268	0.628572
4.801863	0.653844
4.990452	0.590349
5.209368	0.597930
5.389428	0.644683
5.595076	0.649105
5.796617	0.712916
5.991209	0.649421
6.203174	0.654160
6.395554	0.621938
6.601202	0.683222
6.789159	0.702176
7.001125	0.717970
7.185924	0.685433
7.401049	0.671218
7.593744	0.669954
7.798129	0.682906
7.992404	0.741663
8.194262	0.736608
8.394855	0.739767
8.591341	0.705019
8.799200	0.705651
8.995055	0.740399
9.191858	0.756826
9.388660	0.749244
9.598731	0.755246
9.787637	0.739451
10.001813	0.714180
9.792375	0.748612
9.588939	0.725552
9.403192	0.754930
9.183013	0.736924
8.999794	0.724604
8.790039	0.695226
8.600502	0.712284
8.390116	0.731238
8.192366	0.737556
7.995879	0.732186
7.799392	0.701228
7.598483	0.689224
7.389360	0.661425
7.202351	0.723341
6.985962	0.681958
6.801164	0.721761
6.596148	0.639628
6.404715	0.643103
6.194645	0.655423
5.994367	0.658582
5.792194	0.677536
5.596339	0.662057
5.388165	0.624781
5.200207	0.593192
4.992032	0.622886
4.799020	0.611514
4.604744	0.666480
4.384250	0.620991
4.198819	0.573606
3.992856	0.553073
3.800791	0.554653
3.592300	0.584347
3.393918	0.571711
3.199011	0.545176
2.995259	0.490842
2.800351	0.476311
2.594388	0.471888
2.402008	0.512955
2.187199	0.475995
2.005559	0.464623
1.783801	0.405550
1.601213	0.374908
1.398093	0.404287
1.191813	0.354375
1.004171	0.309518
0.792522	0.180633
0.598878	0.013840
0.389439	-0.199048
0.202745	-0.411934
-0.002586	-0.707258
-0.191783	-0.903403
-0.415408	-1.135241
-0.600815	-1.316541
-0.803909	-1.433407
-1.002582	-1.586913
-1.195569	-1.647241
-1.404033	-1.757474
-1.598599	-1.813064
-1.808011	-1.918560
-2.002893	-1.967833
-2.209462	-2.061642
-2.396132	-2.124497
-2.608702	-2.213884
-2.795372	-2.278318
-3.012364	-2.360125
-3.197455	-2.433403
-3.405603	-2.503206
-3.602696	-2.594489
-3.794736	-2.645341
-4.008885	-2.725252
-4.197766	-2.800426
-4.402124	-2.875599
-4.603640	-2.939402
-4.801996	-3.018997
-4.992456	-3.072376
-5.207237	-3.134600
-5.394223	-3.227777
-5.598897	-3.266627
-5.814942	-3.355382
-5.988662	-3.406867
-6.209760	-3.481724
-6.393587	-3.518995
-6.607737	-3.605855
-6.802303	-3.690188
-7.004766	-3.759992
-7.202806	-3.834218
-7.396741	-3.865803
-7.599204	-3.948873
-7.797876	-3.997199
-8.006341	-4.092271
-8.201222	-4.137122
-8.415689	-4.238196
-8.586882	-4.251462
-8.804189	-4.313685
-8.980436	-4.382226
-9.016759	-4.404335
-9.025919	-4.423286
-9.047081	-4.422023
-9.053398	-4.419496
-9.051188	-4.428972
-9.036658	-4.431815
-9.018970	-4.437184
-9.018970	-4.437184
-8.998440	-4.418233
-8.978541	-4.397387
-8.794082	-4.337374
-8.596357	-4.277046
-8.401158	-4.220824
-8.200591	-4.140281
-8.002866	-4.088165
-7.800087	-4.002568
-7.601099	-3.950768
-7.395478	-3.871489
-7.206913	-3.831375
-7.000028	-3.729038
-6.809567	-3.675975
-6.592576	-3.592905
-6.406537	-3.531945
-6.198705	-3.501623
-5.991504	-3.409077
-5.805466	-3.355382
-5.595738	-3.252729
-5.404331	-3.207878
-5.197762	-3.126704
-5.000985	-3.073640
-4.794100	-2.987727
-4.612799	-2.931505
-4.391701	-2.860754
-4.206926	-2.755259
-3.999726	-2.725568
-3.802316	-2.638077
-3.598590	-2.594805
-3.406867	-2.499732
-3.209141	-2.456776
-2.999414	-2.358861
-2.804216	-2.290321
-2.599542	-2.199986
-2.404660	-2.128287
-2.205356	-2.036374
-2.006999	-1.983310
-1.791586	-1.891080
-1.608391	-1.814960
-1.403085	-1.750209
-1.192410	-1.636818
-1.011425	-1.573015
-0.802646	-1.460571
-0.607448	-1.313383
-0.403721	-1.118500
-0.199363	-0.892664
0.002468	-0.678515
0.197375	-0.416356
0.399232	-0.196521
0.596351	0.034373
0.794417	0.156625
1.003540	0.287721
1.190866	0.336685
1.410413	0.414395
1.579732	0.409973
1.802754	0.437771
1.989448	0.452934
2.196360	0.444721
2.399480	0.501582
2.598178	0.499687
2.799088	0.533804
2.997154	0.522431
3.195220	0.536963
3.395182	0.504425
3.605884	0.581504
3.786260	0.575502
4.000437	0.578661
4.200715	0.607091
4.396570	0.578345
4.592424	0.595719
4.795861	0.614673
4.996139	0.639628
5.201470	0.650053
5.393851	0.666795
5.588442	0.626045
5.805146	0.632047
5.989629	0.664268
6.206649	0.687013
6.386709	0.702492
6.604993	0.692067
6.795477	0.653212
6.989121	0.630152
7.200455	0.685433
7.393783	0.712916
7.598483	0.726184
7.800656	0.708178
7.994931	0.678799
8.189523	0.656371
8.403384	0.734081
8.585971	0.758721
8.796673	0.748928
9.004216	0.755246
9.185225	0.668375
9.400664	0.705966
9.583884	0.746401
9.794271	0.800419
9.992652	0.767566
9.795218	0.748612
9.594625	0.658582
9.394347	0.695858
9.183961	0.757773
9.004216	0.763775
8.787512	0.761880
8.599871	0.694910
8.390116	0.681011
8.192050	0.667743
7.997143	0.753035
7.793390	0.750508
7.596903	0.727447
7.392519	0.674061
7.199823	0.645630
6.986594	0.659214
6.798005	0.719866
6.599307	0.692067
6.401872	0.666164
6.202542	0.658582
5.988365	0.604880
5.800092	0.646894
5.591917	0.660793
5.395114	0.662689
5.195468	0.644051
5.008459	0.602669
4.803442	0.584031
4.595583	0.606144
4.391515	0.642787
4.193133	0.603616
4.004544	0.601721
3.792262	0.546439
3.604620	0.555284
3.385389	0.526854
3.209435	0.562550
2.995259	0.530329
2.801299	0.497160
2.602601	0.497476
2.401376	0.451355
2.197939	0.467150
1.998294	0.454514
1.794225	0.435244
1.594580	0.403655
1.405042	0.402707
1.193077	0.315204
1.007330	0.301305
0.789363	0.196112
0.599510	0.020158
0.389755	-0.183887
0.201798	-0.419830
-0.000059	-0.664617
-0.201259	-0.912247
-0.400879	-1.139978
-0.607132	-1.329491
-0.797592	-1.440988
-1.004161	-1.565750
-1.195569	-1.643766
-1.403717	-1.758737
-1.598283	-1.817802
