# Configuration automatically generated by WRITE_CONFIG()
connection eth
ip 192.168.0.10
samplehz 1000.000000
settleus 10.000000
nsample 128

# Analog Inputs
aichannel 0
ainegative 199
airange 10.000000
airesolution 0

aichannel 1
ainegative 199
airange 10.000000
airesolution 0

# Analog Outputs
aochannel 0
aosignal triangle
aofrequency 5.000000
aoamplitude 2.000000
aooffset 2.500000
aoduty 0.500000

# Meta Parameters
int:periods 10
flt:tip_T_C 338.395136
flt:plate_T_C 320.423595
flt:plate_Q_kW 1.493500
flt:cool_Thigh_C 54.717552
flt:cool_Tlow_C 8.982727
flt:air_psig 20.000000
flt:water_gph 7.000000
flt:standoff_in 0.228000
flt:oxygen_scfh 16.191406
flt:fuel_scfh 8.894187
flt:flow_scfh 25.085594
flt:ratio_fto 0.549315

## End Configuration ##
#: Wed Mar 22 18:07:16 2017
-7.392951	-3.771994
-9.144680	-4.335163
-9.144680	-4.323792
-9.123202	-4.327267
-9.102356	-4.337690
-9.089090	-4.325372
-8.992123	-4.264096
-8.808611	-4.202188
-8.594778	-4.127963
-8.409055	-4.108064
-8.195222	-4.073951
-8.007288	-4.024362
-7.799140	-3.942556
-7.599204	-3.886966
-7.397057	-3.816530
-7.204702	-3.780207
-6.995922	-3.732512
-6.807041	-3.634282
-6.596366	-3.548685
-6.403695	-3.452350
-6.196810	-3.417606
-5.999085	-3.358225
-5.804834	-3.314321
-5.602687	-3.254941
-5.403067	-3.184505
-5.197130	-3.107752
-4.998142	-3.061953
-4.795679	-2.964038
-4.605850	-2.912870
-4.397387	-2.800426
-4.206295	-2.729990
-4.002568	-2.652290
-3.801369	-2.591014
-3.591326	-2.529107
-3.408130	-2.482992
-3.203140	-2.374338
-3.002888	-2.321590
-2.789055	-2.219885
-2.606491	-2.167137
-2.390131	-2.109968
-2.210409	-2.027214
-2.001945	-1.967833
-1.806116	-1.901819
-1.599863	-1.809590
-1.405296	-1.760001
-1.190831	-1.657664
-1.012689	-1.590703
-0.791275	-1.508265
-0.603657	-1.390451
-0.402142	-1.317489
-0.201259	-1.126397
-0.000059	-0.924881
0.197691	-0.649456
0.402391	-0.370872
0.590033	-0.097974
0.805158	0.122192
1.000065	0.339528
1.191181	0.408709
1.404095	0.508848
1.592052	0.501266
1.791698	0.542333
1.994503	0.580872
2.196676	0.632047
2.396637	0.659530
2.604812	0.689224
2.800667	0.657634
2.996838	0.688908
3.192377	0.702807
3.401816	0.771357
3.591985	0.789363
3.802371	0.815582
3.996646	0.800103
4.194081	0.800419
4.391515	0.814950
4.599058	0.845592
4.790491	0.868021
5.006879	0.878761
5.187571	0.875918
5.399853	0.886658
5.593181	0.890765
5.790931	0.878761
6.007635	0.923934
6.194013	0.926145
6.397766	0.940677
6.600570	0.956471
6.789475	0.950153
6.999230	0.921091
7.193505	0.970371
7.389676	0.957735
7.605749	1.013017
7.795601	1.021546
7.999038	1.036709
8.192681	0.971634
8.393591	0.979848
8.595448	0.996274
8.798884	1.059137
8.987158	1.045870
9.203230	1.077143
9.382027	1.028811
9.595888	0.974161
9.787952	1.018071
9.998339	1.082829
9.788268	1.094833
9.593045	1.099888
9.383607	1.020914
9.203230	0.995958
8.988106	0.995010
8.796041	1.021862
8.592921	1.063560
8.397382	1.037341
8.189523	1.002592
7.995563	0.983638
7.795286	0.952365
7.603537	0.966580
7.390308	1.020282
7.197612	0.973214
6.994492	0.973530
6.800848	0.940045
6.598675	0.940992
6.395554	0.901506
6.199699	0.942888
6.000369	0.908455
5.799460	0.930252
5.595392	0.904980
5.393535	0.911614
5.196732	0.846224
4.996770	0.854753
4.790491	0.829797
4.601902	0.846540
4.387093	0.839590
4.197240	0.826954
3.999805	0.785888
3.794789	0.734397
3.597671	0.731870
3.402447	0.755878
3.187323	0.740083
2.999365	0.745769
2.789927	0.693015
2.607023	0.616568
2.402008	0.628572
2.190042	0.614041
1.997030	0.621938
1.796437	0.578977
1.586998	0.529697
1.406622	0.469361
1.194656	0.385965
1.000381	0.267504
0.801999	0.166418
0.585926	-0.120716
0.402075	-0.359502
0.195796	-0.663985
-0.004165	-0.909089
-0.203154	-1.132714
-0.404037	-1.278007
-0.600183	-1.421721
-0.794433	-1.478890
-1.012689	-1.578069
-1.189252	-1.633343
-1.410034	-1.725888
-1.597336	-1.792534
-1.805168	-1.906873
-2.001314	-1.974466
-2.208514	-2.085331
-2.395816	-2.112179
-2.609965	-2.210725
-2.787791	-2.263789
-3.010469	-2.348754
-3.193349	-2.415715
-3.412236	-2.480781
-3.588799	-2.527212
-3.806107	-2.579959
-3.997514	-2.664292
-4.206295	-2.751784
-4.399282	-2.834222
-4.606166	-2.904974
-4.787783	-2.971303
-5.005091	-2.997519
-5.190813	-3.109016
-5.404331	-3.167133
-5.604898	-3.257783
-5.803571	-3.296633
-6.000664	-3.366437
-6.197125	-3.435293
-6.402431	-3.507624
-6.602999	-3.566057
-6.805461	-3.632387
-7.001607	-3.644705
-7.205333	-3.724616
-7.385686	-3.769468
-7.599836	-3.833270
-7.797245	-3.922341
-8.005709	-3.976036
-8.201222	-4.031311
-8.405265	-4.105537
-8.595094	-4.149125
-8.805452	-4.253357
-8.988016	-4.287785
-9.087827	-4.327267
-9.106778	-4.333584
-9.105830	-4.349061
-9.093196	-4.374645
-9.099197	-4.384752
-9.102356	-4.366117
-9.129835	-4.333584
-9.114675	-4.318107
-9.088458	-4.320950
-8.997176	-4.318107
-8.791871	-4.239459
-8.604569	-4.201241
-8.399263	-4.090060
-8.208803	-4.049631
-8.001287	-3.980458
-7.795666	-3.937186
-7.595098	-3.853485
-7.393583	-3.829480
-7.199648	-3.706613
-7.008556	-3.695558
-6.793775	-3.621016
-6.605842	-3.591010
-6.394535	-3.492147
-6.204074	-3.452034
-5.994979	-3.363279
-5.809572	-3.315269
-5.592264	-3.220512
-5.407489	-3.159868
-5.194603	-3.058163
-5.008881	-3.000046
-4.788414	-2.910343
-4.615326	-2.876231
-4.396439	-2.807690
-4.204715	-2.727148
-4.000357	-2.661766
-3.802948	-2.617230
-3.592273	-2.559429
-3.410973	-2.505733
-3.202824	-2.418874
-3.012364	-2.350649
-2.792845	-2.275476
-2.602069	-2.165874
-2.404976	-2.128603
-2.203777	-2.043006
-2.007947	-1.964675
-1.802009	-1.871813
-1.597652	-1.804536
-1.403085	-1.730942
-1.201254	-1.690513
-0.996896	-1.581227
-0.808331	-1.531954
-0.598288	-1.392978
-0.408143	-1.284956
-0.196205	-1.118184
-0.006060	-0.916353
0.201798	-0.646613
0.394494	-0.371820
0.601405	-0.070179
0.786836	0.124088
1.007015	0.284246
1.188970	0.416922
1.405674	0.479470
1.585103	0.549282
1.801807	0.589085
1.991344	0.585610
2.201098	0.617516
2.390319	0.616252
2.612394	0.639628
2.795297	0.727763
2.993047	0.711021
3.190798	0.747665
3.402763	0.739767
3.592932	0.758089
3.807109	0.763143
3.997278	0.809580
4.196608	0.808001
4.391200	0.852542
4.593372	0.837695
4.794598	0.876234
4.996770	0.832325
5.198943	0.873391
5.393219	0.853174
5.605185	0.920775
5.789035	0.933095
5.998790	0.952049
6.191486	0.909719
6.405663	0.896451
6.593620	0.914457
6.801164	0.974793
6.985962	0.985850
7.204246	1.021862
7.389360	0.998169
7.601010	0.927725
7.802235	0.947942
7.990509	0.993747
8.190786	1.034813
8.398645	1.052503
8.582812	1.032918
8.804887	0.993747
8.992528	0.977952
9.189962	0.992799
9.396874	1.096729
9.587358	1.071457
9.797429	1.068298
9.992652	1.038920
9.790795	1.021546
9.595572	1.016176
9.388345	1.085041
9.185856	1.061980
9.000110	1.056610
8.784353	1.031338
8.604925	1.037972
8.387589	0.977004
8.195841	1.012069
7.993352	0.993115
7.803815	1.006699
7.590901	0.983322
7.401364	1.001013
7.184976	0.945415
6.998282	0.929304
6.783157	0.921407
6.602149	0.943204
6.393975	0.944151
6.200963	0.967844
5.991840	0.915405
5.801355	0.873707
5.589074	0.858544
5.397957	0.883500
5.190414	0.903401
5.005300	0.898347
4.797125	0.859491
4.601902	0.799156
4.392779	0.785256
4.189342	0.791890
3.997594	0.818109
3.808373	0.783045
3.592300	0.791574
3.400552	0.738820
3.197432	0.690803
2.996206	0.678168
2.800351	0.720814
2.590281	0.676588
2.401376	0.664268
2.195728	0.610882
1.994819	0.593508
1.794225	0.539490
1.592368	0.533172
1.397461	0.477574
1.201290	0.422608
0.990904	0.284878
0.797576	0.128510
0.592876	-0.098922
0.393230	-0.390455
0.202745	-0.658932
0.003416	-0.916037
-0.197152	-1.145980
-0.398352	-1.270110
-0.610606	-1.401822
-0.800435	-1.491524
-0.999107	-1.546167
-1.202202	-1.670298
-1.399927	-1.722098
-1.602389	-1.829173
-1.807695	-1.879394
-2.002261	-1.956462
-2.210093	-2.032583
-2.396764	-2.130814
-2.600806	-2.160188
-2.808638	-2.273896
-2.993729	-2.296006
-3.211353	-2.398975
-3.400865	-2.446669
-3.600801	-2.549637
-3.797579	-2.601121
-4.004463	-2.684191
-4.196819	-2.723357
-4.409073	-2.828537
-4.593216	-2.886654
-4.805470	-2.998782
-4.995299	-3.027209
-5.205658	-3.122282
-5.387590	-3.156394
-5.615005	-3.223671
-5.801360	-3.282420
-6.003507	-3.346854
-6.197757	-3.402445
-6.407485	-3.480145
-6.592891	-3.548369
-6.814621	-3.640599
-6.996553	-3.659234
-7.205333	-3.710719
-7.391687	-3.772942
-7.596361	-3.819373
-7.799772	-3.922657
-8.002550	-3.991197
-8.197117	-4.042997
-8.411582	-4.097641
-8.589408	-4.161759
-8.800399	-4.243881
-8.994966	-4.338322
-9.047713	-4.363906
-9.073929	-4.373382
-9.083405	-4.366433
-9.115306	-4.353798
-9.118149	-4.356325
-9.110568	-4.356641
-9.104567	-4.350324
-9.103620	-4.340848
-9.092249	-4.307683
-9.009495	-4.265043
-8.796293	-4.223351
-8.599516	-4.176920
-8.399579	-4.125120
-8.198380	-4.063528
-8.002550	-4.005411
-7.804193	-3.941924
-7.591308	-3.876858
-7.404006	-3.823479
-7.197121	-3.770099
-7.005082	-3.682292
-6.803251	-3.649127
-6.598893	-3.562267
-6.403378	-3.490252
-6.202179	-3.403076
-5.994347	-3.346222
-5.805782	-3.256520
-5.602687	-3.216090
-5.398329	-3.121966
-5.204079	-3.080589
-4.998457	-2.963407
-4.791257	-2.937823
-4.601429	-2.858543
-4.407178	-2.818114
-4.193028	-2.741677
-3.999410	-2.681349
-3.797894	-2.559113
-3.602381	-2.537003
-3.404655	-2.441299
-3.207246	-2.429612
-2.994992	-2.326012
-2.803900	-2.297585
-2.597015	-2.181983
-2.399291	-2.112494
-2.204092	-2.036374
-2.008578	-1.996260
-1.796640	-1.898661
-1.603653	-1.856968
-1.394241	-1.730310
-1.207571	-1.670930
-0.993738	-1.573962
-0.806120	-1.495315
-0.605237	-1.412877
-0.406880	-1.288746
-0.200311	-1.142189
-0.003849	-0.924565
0.202114	-0.636190
0.390071	-0.367714
0.597614	-0.104923
0.801683	0.155361
0.996906	0.299093
1.202870	0.427663
1.394618	0.479786
1.595211	0.527170
1.798016	0.542965
1.989448	0.594140
2.196676	0.618779
2.404219	0.650369
2.585859	0.666164
2.807617	0.710073
2.990836	0.679747
3.200907	0.720182
3.390759	0.734081
3.612202	0.757141
3.793210	0.803578
4.004859	0.832009
4.185552	0.818741
4.402256	0.797892
4.588318	0.815582
4.802179	0.863282
4.994243	0.884447
5.205261	0.919827
5.386901	0.920143
5.599498	0.859176
5.793142	0.856648
6.000685	0.894556
6.197172	0.960262
6.403451	0.958998
6.588250	0.983954
6.800532	0.920459
6.989437	0.904665
7.194453	0.929620
7.401049	1.013332
7.591218	1.012385
7.798760	1.022809
7.997775	0.970371
8.192681	0.991852
8.395802	0.966264
8.590394	1.047133
8.792566	1.039552
9.004532	1.047133
9.183329	1.027864
9.401612	1.024705
9.588939	1.015860
9.797429	1.043342
9.995811	1.070194
9.793007	1.063560
9.595572	1.044606
9.393399	1.087568
9.183961	1.031654
8.997267	0.993747
8.795094	1.023757
8.594816	1.013332
8.391379	1.025968
8.199947	1.032602
7.988614	1.006383
7.802235	0.958367
7.589322	0.932463
7.393467	0.947626
7.200455	0.992799
6.981855	0.975425
6.797373	0.984902
6.606572	0.898663
6.400609	0.883184
6.196856	0.903401
5.996263	0.940677
5.790615	0.937518
5.602973	0.945415
5.387217	0.868021
5.202734	0.849383
4.992980	0.807369
4.805022	0.885711
4.588318	0.862335
4.402256	0.852542
4.187763	0.800419
4.004544	0.788731
3.791314	0.735345
3.606832	0.763459
3.390444	0.749244
3.200907	0.752403
2.984834	0.698069
2.806669	0.704387
2.593440	0.666164
2.400112	0.625413
2.192569	0.629520
2.000821	0.597930
1.789171	0.556548
1.600897	0.543280
1.387668	0.471888
1.208871	0.380594
0.996906	0.310150
0.795997	0.115874
0.595403	-0.088814
0.396705	-0.379401
0.197691	-0.646613
0.002152	-0.920144
-0.208207	-1.127028
-0.401510	-1.309276
-0.600183	-1.388556
-0.808963	-1.499737
-0.997212	-1.554695
-1.205360	-1.646293
-1.398031	-1.735680
-1.607127	-1.835174
-1.805484	-1.908768
-2.000998	-1.991838
-2.204724	-2.050587
-2.406871	-2.135868
-2.587540	-2.205987
-2.808006	-2.265368
-3.000993	-2.350649
-3.205035	-2.412556
-3.402760	-2.484887
-3.596695	-2.537951
-3.795999	-2.600174
-4.008254	-2.664292
-4.197451	-2.740729
-4.403704	-2.809901
-4.603323	-2.920766
-4.791889	-2.968776
-4.998774	-3.049951
-5.200604	-3.091328
-5.400225	-3.180715
-5.603319	-3.205035
-5.805466	-3.297581
-5.995926	-3.363279
-6.204074	-3.464984
-6.393587	-3.485514
-6.610895	-3.585324
-6.799776	-3.598906
-7.006661	-3.693031
-7.198700	-3.723353
-7.400847	-3.817477
-7.588149	-3.861065
-7.804510	-3.890124
-7.992759	-3.951084
-8.208172	-4.059738
-8.398000	-4.086586
-8.602042	-4.192081
-8.790923	-4.207242
-9.006968	-4.289996
-9.068875	-4.335479
-9.087511	-4.355694
-9.105199	-4.353483
-9.130467	-4.342428
-9.144049	-4.327899
-9.155419	-4.320634
-9.120044	-4.328846
-9.105515	-4.339901
-9.072665	-4.336742
-8.996545	-4.302314
-8.801662	-4.263464
-8.593514	-4.206295
-8.403686	-4.148493
-8.200591	-4.082163
-7.992759	-4.005727
-7.800404	-3.917919
-7.597309	-3.893914
-7.395794	-3.823479
-7.208808	-3.785576
-6.996553	-3.685450
-6.804198	-3.626070
-6.596050	-3.556266
-6.401799	-3.517416
-6.198389	-3.465931
-5.998769	-3.410025
-5.804834	-3.299792
-5.610584	-3.222092
-5.390117	-3.141865
-5.205974	-3.068270
-4.993720	-2.993097
-4.800733	-2.940981
-4.599533	-2.839908
-4.404019	-2.775473
-4.200925	-2.734096
-4.005095	-2.694930
-3.791893	-2.636813
-3.609961	-2.550901
-3.395180	-2.487414
-3.211984	-2.398027
-2.998466	-2.325696
-2.796635	-2.245785
-2.598279	-2.204724
-2.397711	-2.115021
-2.205987	-2.065116
-2.005104	-1.968149
-1.799167	-1.916349
-1.609970	-1.822856
-1.397400	-1.772003
-1.198727	-1.651979
-1.007004	-1.605548
-0.796644	-1.507317
-0.605868	-1.427406
-0.397088	-1.294115
-0.209155	-1.145348
0.000257	-0.901508
0.202430	-0.665249
0.396073	-0.352869
0.588138	-0.111240
0.812107	0.145253
0.990904	0.316468
1.201922	0.401759
1.397145	0.477890
1.591736	0.537594
1.790750	0.567288
1.999873	0.623834
2.184988	0.611514
2.409273	0.622886
2.603549	0.642787
2.799720	0.675009
2.995259	0.732186
3.198695	0.747665
3.392023	0.769145
3.599250	0.758089
3.794789	0.730922
4.006439	0.769777
4.196608	0.839590
4.390883	0.852226
4.602533	0.885079
4.788280	0.834852
5.000561	0.837695
5.191046	0.827270
5.396062	0.896135
5.596024	0.918248
5.794090	0.949522
5.991524	0.908455
6.204753	0.918880
6.388288	0.891713
6.604993	0.955840
6.782210	0.965316
7.008075	0.998801
7.189714	0.986165
7.397890	0.978900
7.595008	0.977636
7.800972	0.966580
7.985455	1.007015
8.204370	1.009542
8.386957	1.008910
8.612823	1.044290
8.789723	1.039236
8.998846	0.988377
9.194701	1.024073
9.387397	1.007646
9.592097	1.055978
9.798377	1.075880
9.984439	1.078407
9.798693	1.044290
9.587675	0.995642
9.393084	0.988377
9.197860	1.066403
8.990633	1.046501
8.800780	1.064507
8.592605	1.010805
8.397697	0.956471
8.197104	0.946047
7.987350	1.022809
7.793390	1.003224
7.602273	1.049976
7.379883	0.976689
7.202034	0.927409
6.981855	0.918880
6.794530	0.946047
6.602781	0.961210
6.398397	0.976373
6.190538	0.931200
6.004476	0.927409
5.786824	0.875286
5.598866	0.880341
5.390060	0.917932
5.199575	0.890765
5.003088	0.868337
4.793650	0.856964
4.594636	0.837695
4.396254	0.798208
4.189026	0.808001
3.999173	0.791574
3.800159	0.782729
3.599566	0.765671
3.401816	0.777675
3.195536	0.702176
2.999365	0.704071
2.794981	0.674377
2.597862	0.676904
2.396322	0.661741
2.196044	0.654476
1.991976	0.579608
1.805598	0.555916
1.588262	0.494317
1.404727	0.504741
1.189918	0.402707
1.000697	0.309834
0.792522	0.136092
0.595719	-0.114083
0.388808	-0.373399
0.207484	-0.634927
-0.010798	-0.941306
-0.192415	-1.125765
-0.417303	-1.308329
-0.593866	-1.408139
-0.807699	-1.496894
-1.000371	-1.604916
-1.199359	-1.660507
-1.401190	-1.749262
-1.599231	-1.830436
-1.796640	-1.863285
-2.012053	-1.944776
-2.201250	-2.034478
-2.401186	-2.092911
-2.605228	-2.214515
-2.799478	-2.267895
-3.012048	-2.359493
-3.201561	-2.394868
-3.405287	-2.458355
-3.602696	-2.504786
-3.796631	-2.581538
-3.999410	-2.650395
-4.206926	-2.747994
-4.398018	-2.792529
-4.610904	-2.882548
-4.794100	-2.946035
-5.005722	-3.030368
-5.198709	-3.101751
-5.406857	-3.186400
-5.601740	-3.232515
-5.808940	-3.281156
-5.991189	-3.321902
-6.199653	-3.410025
-6.391376	-3.491200
-6.606157	-3.565425
-6.796618	-3.621648
-7.009503	-3.674395
-7.203438	-3.759044
-7.400216	-3.817477
-7.597625	-3.869593
-7.805457	-3.910970
-8.000340	-3.984880
-8.204381	-4.033838
-8.403686	-4.108064
-8.602042	-4.146914
-8.802294	-4.257147
-8.989280	-4.285574
-9.087194	-4.329793
-9.089090	-4.346849
-9.108673	-4.354115
-9.111199	-4.357589
-9.121623	-4.358221
-9.110252	-4.351587
-9.105830	-4.355062
-9.073929	-4.362010
-9.071086	-4.351903
-8.994333	-4.300103
-8.804821	-4.219244
-8.593199	-4.156389
-8.410003	-4.118487
-8.199012	-4.055000
-8.007288	-4.035733
-7.790296	-3.899600
-7.610259	-3.825690
-7.391372	-3.768204
-7.207229	-3.694294
-7.001923	-3.669342
-6.806093	-3.602696
-6.601104	-3.530681
-6.404958	-3.464668
-6.189545	-3.380335
-6.006033	-3.342116
-5.796622	-3.294422
-5.602372	-3.195244
-5.402751	-3.171871
-5.199025	-3.065112
-5.000037	-3.023735
-4.800417	-2.963407
-4.600481	-2.903394
-4.405283	-2.838960
-4.201557	-2.784633
-3.996883	-2.693667
-3.811160	-2.651974
-3.591010	-2.545847
-3.407182	-2.500364
-3.201245	-2.402449
-3.001625	-2.334224
-2.796951	-2.231572
-2.600490	-2.177876
-2.395184	-2.085647
-2.208830	-2.025319
-1.997839	-1.941301
-1.809274	-1.885395
-1.591966	-1.815591
-1.405928	-1.749578
-1.198096	-1.654190
-0.995001	-1.562592
-0.803909	-1.487734
-0.603657	-1.400558
-0.400879	-1.303275
-0.204101	-1.138715
0.004995	-0.919828
0.187582	-0.650088
0.401444	-0.369925
0.597930	-0.087551
0.788415	0.115243
1.001644	0.314888
1.198763	0.417554
1.400620	0.514850
1.595211	0.528749
1.792330	0.539174
1.997978	0.552126
2.201414	0.640892
2.387792	0.645630
2.607339	0.703755
2.788663	0.696490
2.999681	0.689540
3.190798	0.681643
3.399289	0.753667
3.594196	0.773884
3.800475	0.830113
3.996330	0.794417
4.203242	0.813687
4.388988	0.803894
4.601270	0.826954
4.790491	0.876234
5.000245	0.901506
5.197364	0.874970
5.393851	0.898663
5.595392	0.877497
5.803251	0.880025
5.988365	0.923934
6.197804	0.912246
6.399345	0.945415
6.599622	0.940361
6.791371	0.975741
6.989121	0.948890
7.201403	0.944783
7.399153	0.959630
7.596588	0.993115
7.793074	0.999117
7.997775	1.038288
8.190154	0.995010
8.398961	0.980479
8.589130	0.948258
8.802044	1.036393
8.993476	1.056610
9.193122	1.067666
9.388977	1.053767
9.598100	1.015228
9.787952	0.972898
9.998654	1.071141
9.791427	1.061349
9.606628	1.096413
9.384870	1.084093
9.188699	1.012069
8.997898	0.990588
8.794147	1.000065
8.591341	1.039552
8.399593	1.051872
8.188259	1.010489
8.001881	1.000065
7.791811	0.965316
7.595956	0.931516
7.401049	1.003856
7.194769	0.974793
6.990385	0.974161
6.797057	0.949522
6.591409	0.943520
6.404715	0.907508
6.192433	0.927409
5.995315	0.895188
5.807042	0.920459
5.586863	0.892029
5.400485	0.921091
5.191678	0.861071
5.000561	0.853805
4.796809	0.832325
4.594636	0.840222
4.397517	0.816214
4.202926	0.846224
3.989697	0.789995
3.802687	0.756194
3.589458	0.723341
3.402447	0.735977
3.191430	0.736608
2.996838	0.746085
2.799088	0.703439
2.600390	0.667743
2.388740	0.604564
2.206468	0.605196
1.990712	0.612146
1.798964	0.578661
1.588578	0.543280
1.402199	0.465570
1.198447	0.389755
0.995958	0.276033
0.794733	0.132301
0.596983	-0.102080
0.397337	-0.371820
0.207168	-0.666828
0.005627	-0.912247
-0.200311	-1.137767
-0.398036	-1.252738
-0.611554	-1.395189
-0.798540	-1.474152
-1.001002	-1.561328
-1.199359	-1.636502
-1.406244	-1.728415
-1.598283	-1.786848
-1.806116	-1.890133
-1.997208	-1.944144
-2.216411	-2.043006
-2.390131	-2.106177
-2.608070	-2.162715
-2.799162	-2.253050
-3.002257	-2.319063
-3.200929	-2.397395
-3.410341	-2.479517
-3.591957	-2.528159
-3.812424	-2.598595
-3.992777	-2.669030
-4.202188	-2.706933
-4.404019	-2.831695
-4.600165	-2.861701
-4.799153	-2.943192
-4.998457	-2.996571
-5.197130	-3.081852
-5.407489	-3.175029
-5.599529	-3.268522
-5.802308	-3.299476
-6.004455	-3.402129
-6.195230	-3.421080
-6.407485	-3.512362
-6.597629	-3.553107
-6.808620	-3.647548
-7.003502	-3.681976
-7.203123	-3.742304
-7.398005	-3.780522
-7.600152	-3.885070
-7.790612	-3.914445
-8.010131	-3.992461
-8.193958	-4.032574
-8.410951	-4.108379
-8.600147	-4.168076
-8.801978	-4.261885
-8.991175	-4.331057
-9.063506	-4.357273
-9.069507	-4.367696
-9.088774	-4.373382
-9.074877	-4.389490
-9.088458	-4.401808
-9.090353	-4.379067
-9.117517	-4.344323
-9.121307	-4.324108
-9.081825	-4.321265
-8.996861	-4.316528
-8.798820	-4.265991
-8.595725	-4.204399
-8.399896	-4.121645
-8.198064	-4.071424
-8.003182	-3.998146
-7.802299	-3.981722
-7.592887	-3.874647
-7.397373	-3.828532
-7.194910	-3.734408
-7.003187	-3.655760
-6.799144	-3.578691
-6.606789	-3.545211
-6.397693	-3.469406
-6.206601	-3.438452
-5.987398	-3.334220
-5.814310	-3.284947
-5.597002	-3.208194
-5.407174	-3.126704
-5.195867	-3.062585
-5.000669	-3.000046
-4.799153	-2.935927
-4.607430	-2.922977
-4.388858	-2.828853
-4.211664	-2.759365
-3.996567	-2.702195
-3.804212	-2.586908
-3.598274	-2.536371
-3.409077	-2.472253
-3.204088	-2.392973
-3.006047	-2.309588
-2.796320	-2.232835
-2.606175	-2.167453
-2.398975	-2.133341
-2.199039	-2.053430
-2.001630	-2.009526
-1.798851	-1.880973
-1.603337	-1.819381
-1.397400	-1.722098
-1.198727	-1.667140
-0.999423	-1.577121
-0.803593	-1.516793
-0.603341	-1.397400
-0.403721	-1.312119
-0.196205	-1.125449
-0.004481	-0.922039
0.210643	-0.633979
0.394810	-0.372452
0.600773	-0.074601
0.794101	0.143357
0.999117	0.298778
1.195604	0.385965
1.403779	0.479154
1.587314	0.533804
1.801807	0.602037
1.987237	0.616884
2.201098	0.608039
2.400112	0.640892
2.594388	0.625413
2.800667	0.702176
2.996522	0.729659
3.192377	0.740083
3.405291	0.746401
3.591669	0.759669
3.800475	0.753351
4.003596	0.819373
4.187131	0.799787
4.400992	0.841170
4.594320	0.837695
4.801547	0.862966
4.995191	0.850962
5.196100	0.862966
5.398905	0.850962
5.600446	0.914141
5.785561	0.909087
6.004160	0.950785
6.192118	0.927409
6.406610	0.911614
6.597727	0.897083
6.798320	0.948574
6.989437	0.965316
7.200455	1.024073
7.386833	0.988377
7.606064	0.955524
7.788020	0.954892
7.999986	0.970687
8.188575	1.024705
8.397382	1.054083
8.587551	1.045870
8.800780	1.007646
8.990633	0.968159
9.200387	0.983006
9.389293	1.075880
9.593992	1.069246
9.792690	1.095149
9.997075	1.036393
9.794586	1.031023
9.591149	0.997538
9.392767	1.052188
9.197860	1.067666
8.998530	1.063876
8.793199	1.020598
8.598291	1.027864
8.389800	0.963737
8.198051	0.999749
7.988929	0.997854
7.804762	1.003540
7.592165	0.995958
7.400733	0.982059
7.194137	0.972898
6.996703	0.946363
6.787264	0.930568
6.602466	0.951417
6.393027	0.930568
6.205385	0.963737
5.996894	0.940992
5.795669	0.884447
5.597287	0.880341
5.392271	0.868021
5.195153	0.886974
5.004352	0.894556
4.791754	0.872443
4.605061	0.836431
4.392463	0.771357
4.193133	0.749876
4.006123	0.822532
3.787208	0.789363
3.600514	0.803578
3.399920	0.743242
3.192377	0.699333
2.997470	0.682906
2.797508	0.707230
2.594388	0.666795
2.406114	0.683538
2.186251	0.614673
2.003664	0.595719
1.791066	0.531276
1.600897	0.522431
1.396513	0.469361
1.200342	0.428295
0.994695	0.282983
0.803894	0.140198
0.588453	-0.108713
0.404287	-0.368977
0.190110	-0.653246
0.009102	-0.913195
-0.207260	-1.141558
-0.398668	-1.299485
-0.610922	-1.400242
-0.801066	-1.481101
-1.007951	-1.560381
-1.196832	-1.659559
-1.404664	-1.746735
-1.599863	-1.840860
-1.803273	-1.905610
-2.003840	-2.000998
-2.196512	-2.051219
-2.404976	-2.145343
-2.599226	-2.219885
-2.798846	-2.292847
-3.005100	-2.333909
-3.199666	-2.394868
-3.404971	-2.445405
-3.603012	-2.554059
-3.796631	-2.582486
-4.009201	-2.685771
-4.194608	-2.755259
-4.404651	-2.799162
-4.600797	-2.883180
-4.803891	-2.956774
-4.996247	-2.995940
-5.203447	-3.096066
-5.393276	-3.131125
-5.612795	-3.223355
-5.802308	-3.292211
-6.000980	-3.335483
-6.200284	-3.421396
-6.404326	-3.477302
-6.596998	-3.563530
-6.807357	-3.652917
-6.995290	-3.702506
-7.213861	-3.759360
-7.390740	-3.813371
-7.601731	-3.818109
-7.800087	-3.933712
-8.004762	-3.990250
-8.203118	-4.094482
-8.401158	-4.128910
-8.598252	-4.167444
-8.797556	-4.212927
-8.991807	-4.289364
-9.083405	-4.320634
-9.116254	-4.326003
-9.135204	-4.313685
-9.169317	-4.302630
-9.156999	-4.311474
-9.137732	-4.330110
-9.113411	-4.340533
-9.089722	-4.350956
-9.074244	-4.340533
-9.000335	-4.308000
-8.788713	-4.228720
-8.598884	-4.203136
-8.397053	-4.107748
-8.206277	-4.063528
-7.998128	-3.997514
-7.801351	-3.928658
-7.595730	-3.864540
-7.399900	-3.814319
-7.202806	-3.757781
-7.004134	-3.692083
-6.800092	-3.615015
-6.608052	-3.553423
-6.387270	-3.474144
-6.192388	-3.390442
-6.002244	-3.333904
-5.798517	-3.252098
-5.606478	-3.209773
-5.400225	-3.147866
-5.203131	-3.097329
-5.004775	-2.995308
-4.796627	-2.946666
-4.607114	-2.837697
-4.405283	-2.825694
-4.193976	-2.750205
-4.008254	-2.704090
-3.795368	-2.623547
-3.609961	-2.552480
-3.403708	-2.472885
-3.205667	-2.426770
-2.999730	-2.329487
-2.809270	-2.295058
-2.588171	-2.183562
-2.410977	-2.098281
-2.196828	-2.037953
-2.005420	-1.957410
-1.796640	-1.882552
-1.607127	-1.824435
-1.397400	-1.726836
-1.211361	-1.661770
-0.990579	-1.561960
-0.811490	-1.492472
-0.597024	-1.439093
-0.404669	-1.277375
-0.198732	-1.150401
-0.003218	-0.921723
0.204009	-0.645982
0.393546	-0.362976
0.597930	-0.096395
0.793785	0.145884
0.992799	0.298778
1.205397	0.432717
1.402831	0.471572
1.595211	0.550862
1.794541	0.537594
1.999241	0.588769
2.196992	0.629836
2.397585	0.655423
2.596599	0.675009
2.801931	0.700596
2.992732	0.687960
3.203749	0.724920
3.386337	0.730606
3.603041	0.775147
3.791946	0.782097
4.002017	0.820005
4.199767	0.821584
4.395306	0.812107
4.590845	0.810212
4.803759	0.837695
4.992032	0.874654
5.210948	0.912878
5.379951	0.907508
5.599814	0.881920
5.801671	0.864862
5.990892	0.870548
6.198436	0.949522
6.396186	0.964053
6.593305	0.993115
6.797057	0.973846
6.987542	0.921091
7.198560	0.907192
7.403260	1.015228
7.588374	1.015228
7.809501	1.032286
7.987350	0.999433
8.198999	0.994379
8.394223	0.971002
8.593553	1.021230
8.793514	1.041131
9.001373	1.076512
9.181749	1.025652
9.401612	1.034497
9.587043	1.014912
9.799641	1.039868
9.988545	1.061033
9.796798	1.082829
9.593677	1.044922
9.398454	1.066403
9.184592	1.044922
9.002953	1.002592
8.788144	1.032286
8.597975	1.013964
8.389800	1.011437
8.191418	1.027548
7.998406	1.008278
7.799077	0.979216
7.595956	0.947310
7.400101	0.940677
7.197296	0.977004
6.989753	0.977004
6.798952	0.991220
6.598675	0.936886
6.399977	0.893924
6.193381	0.885395
6.002264	0.932147
5.790615	0.954892
5.597603	0.927093
5.390060	0.896451
5.198311	0.838958
4.991400	0.800419
4.812920	0.854437
4.589898	0.844960
4.401940	0.858228
4.190290	0.826322
3.998857	0.774200
3.795421	0.747980
3.601146	0.734081
3.390759	0.745453
3.205961	0.764407
2.984834	0.710705
2.809512	0.695542
2.595335	0.678799
2.396637	0.614673
2.198571	0.649105
1.991976	0.596351
1.790434	0.572975
1.600266	0.525906
1.397461	0.472836
1.205397	0.409657
0.993115	0.300989
0.794101	0.103554
0.599510	-0.079655
0.392598	-0.387297
0.201166	-0.645034
-0.000375	-0.925513
-0.203785	-1.132082
-0.401826	-1.310856
-0.599551	-1.399611
-0.808331	-1.521215
-0.995001	-1.560381
-1.210414	-1.654190
-1.392346	-1.717045
-1.608075	-1.816855
-1.800114	-1.883816
-2.005104	-1.978572
-2.202829	-2.048376
-2.403713	-2.128919
-2.586908	-2.204092
-2.807690	-2.282740
-2.996256	-2.342437
-3.205983	-2.424559
-3.398970	-2.486151
-3.604907	-2.542688
-3.799158	-2.612176
-4.000041	-2.660818
-4.201241	-2.734728
-4.403704	-2.790318
-4.600481	-2.880337
-4.799785	-2.938454
-4.996562	-3.012996
-5.201236	-3.053109
-5.402436	-3.158289
-5.597318	-3.189559
-5.808309	-3.281472
-5.995610	-3.356014
-6.203443	-3.430240
-6.402431	-3.465300
-6.604578	-3.546158
-6.802303	-3.581850
-7.006977	-3.691767
-7.198385	-3.730302
-7.410007	-3.830427
-7.593834	-3.867067
-7.801983	-3.910339
-7.999708	-3.970351
-8.207224	-4.067634
-8.402106	-4.114697
-8.603621	-4.214191
-8.787765	-4.235037
-9.011390	-4.298840
-9.069823	-4.333584
-9.067927	-4.373697
-9.073298	-4.387911
-9.095091	-4.383489
-9.120675	-4.360431
-9.156683	-4.317475
-9.147207	-4.298208
-9.110884	-4.329162
-9.065717	-4.343691
-8.991807	-4.311158
-8.803557	-4.271360
-8.593830	-4.174393
-8.403054	-4.135859
-8.202486	-4.048999
-8.001919	-3.999410
-7.803246	-3.920130
-7.600468	-3.848431
-7.392635	-3.768520
-7.214177	-3.738198
-6.996553	-3.640599
-6.805778	-3.600169
-6.594471	-3.518363
-6.405590	-3.474144
-6.195230	-3.439715
-6.000348	-3.384757
-5.801044	-3.305793
-5.601424	-3.240411
-5.395802	-3.152920
-5.207237	-3.082800
-4.991825	-3.036053
-4.807365	-2.985201
-4.598270	-2.903394
-4.401808	-2.804216
-4.211032	-2.750205
-4.001936	-2.667767
-3.797894	-2.618178
-3.603644	-2.554375
-3.393916	-2.491520
-3.208510	-2.394237
-2.997203	-2.321274
-2.801689	-2.224939
-2.606175	-2.190826
-2.391710	-2.088490
-2.211041	-2.019633
-1.999419	-1.932457
-1.804852	-1.882552
-1.605864	-1.801062
-1.395505	-1.753052
-1.196832	-1.638713
-1.010794	-1.597652
-0.792854	-1.493104
-0.617239	-1.412561
-0.398036	-1.288746
-0.205049	-1.137767
-0.001638	-0.911931
0.198955	-0.667776
0.396073	-0.335181
0.588453	-0.106186
0.808632	0.143357
0.991220	0.305727
1.205081	0.394178
1.394934	0.480733
1.595211	0.536963
1.799911	0.553705
2.003664	0.601405
2.191305	0.630783
2.404851	0.636154
2.593756	0.684170
2.802879	0.657634
2.994627	0.725868
3.196484	0.739135
3.394550	0.774516
3.592616	0.764407
3.801739	0.745453
3.994119	0.771357
4.192502	0.828534
4.392463	0.846540
4.595900	0.887290
4.794598	0.845908
4.999298	0.843381
5.191994	0.814950
5.396378	0.885079
5.593496	0.922355
5.795353	0.932779
5.994683	0.928673
6.206017	0.899610
6.390816	0.881920
6.604677	0.943204
6.788212	0.957735
7.002705	1.007330
7.194769	0.965632
7.401049	0.962157
7.599115	0.977952
7.795601	0.962157
7.991140	1.015860
8.198684	1.033234
8.384746	1.012069
8.607452	1.030707
8.791303	1.028180
9.001058	0.988693
9.191543	1.039236
9.386765	1.020914
9.599679	1.060717
9.788268	1.067666
9.994864	1.085988
9.801220	1.039236
9.588306	1.022493
9.393399	0.993747
9.202914	1.062612
8.985894	1.046185
8.806466	1.072089
8.591341	1.024073
8.398645	0.970371
8.192366	0.940045
7.996827	0.988693
7.794970	1.005119
7.603221	1.031654
7.388097	0.997538
7.202034	0.933411
6.986910	0.909719
6.798005	0.934043
6.596148	0.965632
6.402820	0.989324
6.196856	0.955208
6.000369	0.917616
5.794405	0.875918
5.595076	0.871811
5.392271	0.904033
5.205261	0.897399
4.996770	0.877497
4.800600	0.852226
4.596215	0.834536
4.393411	0.796628
4.198187	0.804210
3.992224	0.795997
3.797632	0.792522
3.597355	0.741663
3.396130	0.763459
3.193009	0.698701
2.997786	0.703123
2.793086	0.671218
2.604812	0.660478
2.393794	0.658266
2.198887	0.641208
1.988501	0.598246
1.798964	0.560023
1.588893	0.493369
1.400304	0.499687
1.186443	0.404602
1.007646	0.309202
0.792522	0.145884
0.598246	-0.108713
0.387228	-0.363292
0.204641	-0.644403
-0.002902	-0.932146
-0.190204	-1.115026
-0.413197	-1.280534
-0.601762	-1.399611
-0.808331	-1.464993
-1.001634	-1.592598
-1.196832	-1.632711
-1.402453	-1.741681
-1.597652	-1.808642
-1.797903	-1.881605
-2.010473	-1.959937
-2.198407	-2.049008
-2.399922	-2.091964
-2.606491	-2.201881
-2.788423	-2.258735
-3.008574	-2.359493
-3.199034	-2.409082
-3.408130	-2.507629
-3.600485	-2.558481
-3.802316	-2.646920
-3.995935	-2.704406
-4.207874	-2.792529
-4.394860	-2.832643
-4.613115	-2.887286
-4.792521	-2.927083
-5.005722	-3.005731
-5.196498	-3.086590
-5.407805	-3.175661
-5.601424	-3.228724
-5.806729	-3.272628
-5.994031	-3.349065
-6.200284	-3.438768
-6.391060	-3.514889
-6.609316	-3.587535
-6.796618	-3.652917
-7.005397	-3.688925
-7.206281	-3.753043
-7.395162	-3.804212
-7.601099	-3.893914
-7.801035	-3.940661
-8.002550	-4.014886
-8.203434	-4.026573
-8.399263	-4.106484
-8.598252	-4.174393
-8.802609	-4.301998
-8.981699	-4.340533
-9.055610	-4.363274
-9.084036	-4.352219
-9.116254	-4.344007
-9.134257	-4.329478
-9.151629	-4.325372
-9.148155	-4.314632
-9.150366	-4.308631
-9.108041	-4.318423
-9.081825	-4.335479
-8.988016	-4.320002
-8.806085	-4.241986
-8.588777	-4.201872
-8.407160	-4.140281
-8.197117	-4.053105
-8.009815	-4.037312
-7.791244	-3.943187
-7.612470	-3.880332
-7.397057	-3.820320
-7.204070	-3.715141
-7.006345	-3.696189
-6.802303	-3.635545
-6.594787	-3.582166
-6.411591	-3.491200
-6.192704	-3.384441
-6.003823	-3.316216
-5.803571	-3.275787
-5.598266	-3.193349
-5.404963	-3.162395
-5.195867	-3.056268
-5.006354	-3.015839
-4.795995	-2.940665
-4.602692	-2.880021
-4.403072	-2.809586
-4.201557	-2.740413
-3.994988	-2.637761
-3.804527	-2.596068
-3.594484	-2.505418
-3.407814	-2.476043
-3.198402	-2.383182
-3.007626	-2.312746
-2.797899	-2.235678
-2.609965	-2.161768
-2.394868	-2.096386
-2.203777	-2.012369
-2.002577	-1.955199
-1.809274	-1.896450
-1.600494	-1.822856
-1.408139	-1.761580
-1.195253	-1.689565
-1.000371	-1.576173
-0.806752	-1.522162
-0.603657	-1.406244
-0.397404	-1.308013
-0.204733	-1.134925
0.003416	-0.922355
0.192637	-0.641244
0.399864	-0.389192
0.597614	-0.074601
0.788415	0.115874
1.002908	0.306359
1.193077	0.416291
1.403147	0.515798
1.595843	0.521800
1.792962	0.551494
1.993871	0.552441
2.204257	0.639944
2.387792	0.642472
2.607339	0.693331
2.795929	0.702492
3.002524	0.680379
3.198695	0.682274
3.401500	0.741031
3.590089	0.771041
3.804898	0.830113
3.990328	0.809264
4.200715	0.804842
4.389304	0.799787
4.603797	0.794733
4.799336	0.867073
4.998666	0.892345
5.197364	0.899610
5.397009	0.886027
5.589074	0.882236
5.799776	0.875286
5.993420	0.928673
6.194329	0.945731
6.402820	0.961210
6.595832	0.942888
6.796425	0.970055
6.992912	0.943204
7.192558	0.947626
7.395994	0.988061
7.599747	0.986797
7.799392	0.997538
8.000934	1.048397
8.188891	1.003856
8.399277	0.996906
8.587551	0.974477
8.803623	1.023125
8.986526	1.049345
9.194386	1.053135
9.388345	1.078723
9.595572	1.028495
9.790164	0.972266
10.003393	1.045870
9.785110	1.061349
9.603470	1.091990
9.385818	1.096097
9.191858	1.008278
9.002321	0.996906
8.792883	0.977320
8.593868	1.033550
8.395802	1.041763
8.184784	1.039236
7.997458	0.976057
7.798129	0.960894
7.593429	0.923618
7.401680	0.990272
7.189083	0.978584
6.992912	0.990588
6.791687	0.946679
6.598043	0.938781
6.400609	0.905296
6.194961	0.930252
5.992472	0.905296
5.805778	0.928357
5.585915	0.888870
5.401116	0.902137
5.190414	0.862650
4.999298	0.848435
4.793018	0.844013
4.595268	0.844329
4.388988	0.823795
4.204821	0.832640
3.990960	0.811791
3.808689	0.770093
3.586614	0.741031
3.402447	0.737872
3.190798	0.734713
2.993995	0.735977
2.799404	0.707546
2.601653	0.667743
2.397269	0.609618
2.201730	0.603616
1.989764	0.602353
1.796752	0.583083
1.591105	0.555284
1.396197	0.468097
1.201290	0.400812
0.995642	0.271295
0.801683	0.125667
0.597930	-0.100501
0.398916	-0.363608
0.200218	-0.653562
-0.001007	-0.895191
-0.205996	-1.148506
-0.399299	-1.272321
-0.613133	-1.402453
-0.798224	-1.491524
-1.001950	-1.564487
-1.197464	-1.646925
-1.408455	-1.744840
-1.590703	-1.802325
-1.807063	-1.896450
-1.994997	-1.955831
-2.218622	-2.065116
-2.395500	-2.134920
-2.603333	-2.173455
-2.799162	-2.263473
-3.009206	-2.308956
-3.203140	-2.398659
-3.413499	-2.497521
-3.591641	-2.559745
-3.805475	-2.631759
-3.999410	-2.703774
-4.200293	-2.735676
-4.407810	-2.838644
-4.598902	-2.878758
-4.798522	-2.962143
-4.999721	-3.021524
-5.195867	-3.093223
-5.405910	-3.181978
-5.601108	-3.284947
-5.792832	-3.326639
-6.008245	-3.406235
-6.194599	-3.410973
-6.404326	-3.488989
-6.600788	-3.513941
-6.802303	-3.604591
-7.003818	-3.668078
-7.204070	-3.742936
-7.397689	-3.788103
-7.604258	-3.877490
-7.793455	-3.924236
-8.004445	-4.017413
-8.191115	-4.051842
-8.412213	-4.125436
-8.590040	-4.187659
-8.801978	-4.259358
-8.994333	-4.319686
-9.083405	-4.326003
-9.119728	-4.316528
-9.145628	-4.311474
-9.140890	-4.320002
-9.138363	-4.343691
-9.128256	-4.339901
-9.128256	-4.329478
-9.113411	-4.330425
-9.071403	-4.338953
-8.992438	-4.339269
-8.799135	-4.296313
-8.599516	-4.245144
-8.408108	-4.139965
-8.202170	-4.058790
-7.999392	-3.944451
-7.806089	-3.926763
-7.590360	-3.850326
-7.406217	-3.807054
-7.196489	-3.728406
-6.997817	-3.660182
-6.792827	-3.587535
-6.601419	-3.567005
-6.399904	-3.486462
-6.207865	-3.464352
-5.983292	-3.368332
-5.811783	-3.286526
-5.599529	-3.231251
-5.406226	-3.154183
-5.196183	-3.085958
-5.005406	-3.012364
-4.791257	-2.930242
-4.605850	-2.886970
-4.395807	-2.791898
-4.208505	-2.721462
-3.999726	-2.692088
-3.796631	-2.597963
-3.597959	-2.569220
-3.403076	-2.487730
-3.207878	-2.420453
-3.001309	-2.328539
-2.797267	-2.236310
-2.605543	-2.144712
-2.398975	-2.111547
-2.200302	-2.020897
-2.005736	-1.987416
-1.804536	-1.882552
-1.605864	-1.824751
-1.397400	-1.723993
-1.202833	-1.662086
-0.999423	-1.572383
-0.800119	-1.520267
-0.598604	-1.386661
-0.406564	-1.294115
-0.196521	-1.113131
-0.005429	-0.920459
0.208432	-0.637770
0.388492	-0.374663
0.600773	-0.093868
0.794417	0.150939
0.995958	0.293091
1.200027	0.382174
1.402199	0.483260
1.587630	0.533804
1.798332	0.582451
1.987237	0.613409
2.198887	0.600773
2.398849	0.624466
2.593440	0.624150
2.810460	0.693015
2.994627	0.735977
3.189218	0.766934
3.402132	0.749244
3.595775	0.770409
3.795737	0.753667
4.006439	0.814634
4.180497	0.816530
4.407626	0.849383
4.587686	0.854121
4.801863	0.869284
4.995823	0.846540
5.197364	0.869916
5.389428	0.878129
5.603921	0.915405
5.777979	0.896135
6.010162	0.926461
6.194961	0.943520
6.400609	0.911614
6.592673	0.906560
6.798320	0.948258
6.991016	0.957103
7.202982	1.010805
7.389044	1.000697
7.599747	0.970371
7.797813	0.951733
7.998406	0.958367
8.185732	1.024389
8.396118	1.047765
8.595448	1.049660
8.793514	1.023125
8.992212	0.981743
9.200704	0.968159
9.388977	1.073984
9.593045	1.072089
9.798061	1.115051
9.992336	1.060717
9.799641	1.038604
9.590518	0.985534
9.399717	1.031654
9.190595	1.078723
9.002006	1.066403
8.792883	1.022493
8.601134	1.022809
8.385694	0.986481
8.198684	0.998801
7.986402	1.002592
7.804762	1.009542
7.594376	0.991220
7.396310	0.964369
7.192873	0.965948
7.002389	0.940992
6.791687	0.938149
6.606888	0.957735
6.391448	0.930568
6.206965	0.945731
5.990892	0.944783
5.791563	0.887606
5.593181	0.883815
5.393219	0.855701
5.196416	0.895188
5.000561	0.898031
4.789227	0.868968
4.601270	0.832956
4.394990	0.799787
4.187131	0.751139
4.008650	0.810844
3.792578	0.788099
3.599566	0.804842
3.397077	0.740399
3.196168	0.711337
2.993995	0.669007
2.799720	0.701544
2.593756	0.672797
2.406114	0.688908
2.187199	0.626361
2.004296	0.591928
1.791066	0.524643
1.599950	0.519904
1.395882	0.485472
1.200974	0.426399
0.989956	0.288985
0.802946	0.136407
0.588138	-0.102712
0.397653	-0.369293
0.193585	-0.656721
0.004995	-0.921091
-0.204417	-1.130503
-0.399615	-1.305802
-0.604605	-1.413193
-0.802330	-1.497526
-1.005108	-1.572067
-1.198727	-1.652926
-1.404664	-1.732837
-1.600178	-1.833279
-1.808642	-1.886343
-2.008894	-1.977309
-2.202513	-2.027845
-2.398027	-2.121970
-2.597647	-2.209462
-2.802953	-2.282108
-3.001625	-2.323485
-3.207562	-2.388551
-3.401813	-2.446985
-3.608066	-2.566693
-3.790946	-2.620073
-4.010149	-2.707249
-4.198082	-2.779579
-4.407494	-2.817166
-4.602376	-2.886338
-4.801680	-2.968776
-4.995299	-3.018997
-5.206606	-3.107436
-5.390433	-3.152920
-5.611847	-3.237568
-5.800728	-3.317164
-5.998137	-3.353487
-6.199968	-3.448559
-6.394851	-3.471617
-6.601419	-3.538262
-6.806093	-3.625754
-6.994974	-3.668078
-7.209755	-3.729986
-7.395478	-3.800105
-7.593834	-3.822215
-7.802614	-3.935291
-7.995602	-4.001305
-8.203118	-4.088480
-8.406213	-4.115013
-8.594461	-4.186396
-8.797556	-4.246092
-8.993071	-4.326635
-9.044239	-4.366748
-9.069823	-4.376856
-9.093828	-4.360116
-9.141206	-4.332952
-9.154156	-4.319055
-9.152261	-4.321897
-9.131099	-4.323161
-9.118780	-4.321265
-9.106462	-4.300103
-9.002546	-4.263464
-8.790292	-4.187975
-8.602042	-4.180079
-8.399896	-4.138701
-8.211015	-4.096693
-7.995602	-4.031311
-7.804825	-3.937502
-7.601731	-3.867383
-7.388213	-3.799790
-7.203123	-3.737250
-7.008240	-3.667447
-6.796934	-3.597011
-6.602999	-3.533208
-6.396746	-3.460878
-6.197757	-3.375913
-6.006350	-3.362015
-5.796306	-3.277366
-5.600161	-3.228724
-5.399909	-3.151024
-5.200604	-3.108068
-4.999089	-3.028789
-4.799469	-2.971619
-4.598270	-2.865176
-4.413179	-2.834538
-4.190817	-2.755890
-4.007938	-2.703143
-3.795999	-2.633655
-3.597959	-2.538898
-3.403076	-2.444142
-3.205667	-2.393605
-3.000993	-2.318432
-2.810849	-2.280529
-2.588803	-2.182298
-2.412556	-2.097333
-2.201566	-2.016791
-2.010473	-1.943828
-1.797272	-1.891080
-1.596388	-1.820961
-1.397400	-1.719571
-1.205992	-1.645661
-0.990895	-1.561644
-0.811174	-1.487103
-0.601446	-1.427722
-0.404669	-1.289693
-0.194941	-1.154824
-0.003534	-0.923618
0.198955	-0.651667
0.400812	-0.362344
0.595087	-0.091973
0.796628	0.146200
0.995642	0.299093
1.200974	0.447248
1.399672	0.468413
1.600266	0.531276
1.802438	0.530961
2.001768	0.585294
2.194464	0.626677
2.401692	0.654476
2.593124	0.664900
2.804458	0.693647
2.991784	0.714496
3.195852	0.729343
3.388548	0.735029
3.606516	0.787152
3.790367	0.790942
4.001385	0.807369
4.202926	0.836431
4.392147	0.824427
4.595268	0.826322
4.799968	0.841170
4.991084	0.862335
5.202418	0.893292
5.385005	0.913510
5.598866	0.872443
5.800408	0.882552
5.988681	0.864862
6.202226	0.946363
6.396818	0.957103
6.599622	0.980479
6.797373	0.969739
6.990701	0.928041
7.193505	0.910982
7.404839	0.988377
7.585215	1.005435
7.807606	1.051240
7.987666	1.002276
8.196157	0.988693
8.394539	0.945731
8.596080	0.992799
8.793830	1.027232
9.005164	1.080302
9.179222	1.033866
9.402560	1.035445
9.581673	1.017123
9.800272	1.034497
9.989178	1.060085
9.794586	1.085988
9.589570	1.043974
9.398454	1.046817
9.179538	1.041447
9.007059	0.995010
8.788460	1.023125
8.601450	1.021862
8.383166	1.006383
8.194893	1.017123
7.991772	1.025021
7.798445	0.976373
7.593112	0.957103
7.400417	0.937518
7.195401	0.977320
6.995123	0.968791
6.793266	0.993431
6.601202	0.945731
6.399661	0.919196
6.200963	0.854121
6.001317	0.905296
5.793142	0.939729
5.596024	0.935938
5.391639	0.907192
5.199259	0.860123
4.992032	0.801051
4.809444	0.836431
4.592424	0.837695
4.402887	0.865178
4.192185	0.837063
4.001700	0.773252
3.796053	0.753667
3.598619	0.734081
3.392023	0.758405
3.199643	0.761880
2.987045	0.722709
2.805722	0.687960
2.597547	0.676588
2.395690	0.608987
2.201414	0.637733
1.994503	0.585610
1.797068	0.574238
1.594580	0.526222
1.394302	0.490842
1.202238	0.395126
0.997854	0.300041
0.790942	0.103870
0.601405	-0.081550
0.383437	-0.392982
0.206536	-0.639349
-0.000059	-0.930567
-0.201890	-1.120395
-0.403405	-1.295379
-0.601762	-1.404033
-0.811174	-1.528164
-0.989632	-1.576489
-1.212625	-1.684827
-1.392030	-1.731258
-1.604600	-1.850967
-1.791902	-1.906557
-2.004156	-1.989311
-2.200302	-2.046165
-2.403397	-2.119443
-2.594173	-2.182614
-2.812112	-2.264736
-2.992781	-2.336120
-3.216406	-2.410661
-3.399286	-2.459303
-3.600169	-2.519315
-3.799474	-2.602069
-3.999726	-2.646605
-4.201557	-2.745467
-4.403072	-2.811796
-4.602060	-2.887602
-4.798838	-2.966249
-4.997194	-3.041107
-5.199657	-3.092591
-5.403383	-3.191138
-5.594791	-3.214827
-5.815573	-3.307688
-5.987398	-3.387915
-6.195547	-3.449507
-6.397693	-3.470037
-6.601104	-3.532577
-6.801355	-3.579323
-7.008240	-3.675975
-7.193647	-3.741672
-7.408112	-3.821584
-7.591939	-3.901179
-7.804510	-3.935923
-7.992443	-3.989618
-8.206277	-4.043945
-8.402422	-4.115644
-8.602042	-4.207558
-8.792187	-4.241038
-9.006968	-4.278309
-9.108989	-4.288733
-9.114675	-4.322213
-9.116885	-4.339585
-9.132678	-4.341796
-9.142154	-4.338006
-9.142469	-4.332320
-9.110884	-4.339901
-9.083405	-4.356325
-9.053715	-4.359168
-8.988648	-4.329793
-8.799452	-4.286521
-8.597937	-4.179762
-8.399263	-4.156074
-8.205329	-4.070477
-8.001603	-4.032259
-7.799772	-3.950136
-7.600468	-3.901811
-7.387897	-3.808634
-7.202175	-3.780207
-6.999396	-3.645337
-6.808620	-3.591957
-6.599208	-3.488357
-6.405906	-3.440347
-6.194599	-3.375281
-6.003823	-3.330114
-5.802308	-3.250834
-5.604267	-3.178504
-5.395802	-3.106805
-5.209764	-3.067955
-4.986139	-3.012048
-4.804839	-2.993097
-4.596059	-2.916976
-4.399913	-2.815587
-4.206295	-2.744204
-4.001936	-2.672505
-3.797894	-2.616598
-3.602696	-2.552480
-3.397075	-2.490888
-3.207246	-2.409082
-3.000046	-2.327907
-2.797899	-2.241363
-2.609334	-2.217358
-2.392026	-2.117232
-2.209146	-2.066696
-1.998787	-1.968781
-1.804220	-1.899293
-1.600494	-1.796640
-1.400242	-1.744208
-1.192726	-1.651347
-1.008267	-1.609654
-0.794118	-1.499105
-0.612501	-1.418246
-0.396141	-1.288430
-0.205049	-1.138715
0.005943	-0.909089
0.196428	-0.661143
0.403023	-0.362344
0.590665	-0.101449
0.805789	0.143041
0.993431	0.301305
1.203501	0.396389
1.393038	0.481365
1.597739	0.531276
1.788855	0.561286
2.004296	0.590981
2.194780	0.636154
2.402639	0.629836
2.597862	0.641840
2.799404	0.660478
2.990520	0.725236
3.200275	0.732186
3.394234	0.773252
3.600198	0.766934
3.798896	0.776727
3.998542	0.758721
4.196292	0.830113
4.394990	0.840854
4.599058	0.886658
4.798388	0.856017
4.995823	0.862966
5.193257	0.805789
5.398273	0.871811
5.596655	0.910351
5.797881	0.940992
5.997211	0.941940
6.196856	0.918564
6.394607	0.895188
6.605624	0.921091
6.788528	0.952049
7.005864	0.996906
7.187819	1.004171
7.396942	0.969739
7.602273	0.984270
7.794022	0.940992
7.996195	1.005751
8.191102	1.040499
8.389484	1.025337
8.603346	1.013964
8.790987	1.045554
8.995055	1.000381
9.198492	1.020914
9.384238	1.024705
9.599047	1.056610
9.794271	1.053767
9.995811	1.095149
9.801220	1.055978
9.593992	1.025968
9.386765	0.995010
9.201019	1.048713
8.983999	1.030391
8.802991	1.065139
8.589130	1.023757
8.400857	1.001960
8.193945	0.916037
8.003777	0.979216
7.793074	1.003224
7.603537	1.032602
7.387149	1.000697
7.206773	0.965632
6.982487	0.905296
6.812536	0.920459
6.587618	0.952996
6.405031	0.979848
6.194329	0.961842
5.998474	0.916037
5.792511	0.877497
5.600762	0.853805
5.390060	0.896451
5.207157	0.905296
4.986978	0.891081
4.803127	0.849067
4.594004	0.839590
4.391200	0.793154
4.200715	0.789047
4.004859	0.795365
3.797632	0.801051
3.596723	0.765039
3.395498	0.757773
3.198695	0.719550
2.990836	0.705335
2.793086	0.670902
2.605760	0.664268
2.392531	0.653844
2.202678	0.643103
1.991028	0.614041
1.796437	0.560971
1.592052	0.498423
1.403147	0.478838
1.190550	0.398916
1.005435	0.304780
0.796628	0.138303
0.599510	-0.106818
0.394810	-0.350658
0.201482	-0.639981
-0.001954	-0.917617
-0.199048	-1.139031
-0.408143	-1.288114
-0.599235	-1.399927
-0.804857	-1.473837
-1.001318	-1.602705
-1.196516	-1.649136
-1.401506	-1.768213
-1.597020	-1.812749
-1.803905	-1.898345
-2.003525	-1.950777
-2.204724	-2.048376
-2.397079	-2.097018
-2.606175	-2.210093
-2.793793	-2.251786
-3.011417	-2.369284
-3.196192	-2.401817
-3.408762	-2.498469
-3.594168	-2.509840
-3.804527	-2.604280
-3.998146	-2.658923
-4.205663	-2.760312
-4.395175	-2.809901
-4.610588	-2.886338
-4.795047	-2.919187
-5.001300	-3.033842
-5.184496	-3.104278
-5.409384	-3.178188
-5.598897	-3.252729
-5.806729	-3.302003
-5.996874	-3.362963
-6.201232	-3.436241
-6.398957	-3.498148
-6.606157	-3.593221
-6.792196	-3.639019
-7.009820	-3.684819
-7.203438	-3.712614
-7.392951	-3.753675
-7.604574	-3.851906
-7.798508	-3.932133
-8.000024	-4.016782
-8.201855	-4.054368
-8.403054	-4.127646
-8.601727	-4.175025
-8.800714	-4.279257
-8.992754	-4.312737
-9.073298	-4.344323
-9.089722	-4.350324
-9.111516	-4.350956
-9.123202	-4.344007
-9.144364	-4.334531
-9.148471	-4.324424
-9.138680	-4.322213
-9.097934	-4.331688
-9.077720	-4.338637
-8.990543	-4.307368
-8.802926	-4.237248
-8.590672	-4.196503
-8.410634	-4.124488
-8.195222	-4.069213
-8.009183	-4.027836
-7.795666	-3.946978
-7.605205	-3.851274
-7.391687	-3.771047
-7.203754	-3.675975
-6.994027	-3.653865
-6.806409	-3.603644
-6.596682	-3.571111
-6.401168	-3.475091
-6.200600	-3.411288
-5.998769	-3.325376
-5.805782	-3.287158
-5.601108	-3.202824
-5.400225	-3.189559
-5.196814	-3.060058
-4.998142	-3.005100
-4.796627	-2.918871
-4.612167	-2.905289
-4.397387	-2.814008
-4.206926	-2.746099
-3.995935	-2.648184
-3.806107	-2.595436
-3.595116	-2.485519
-3.406235	-2.470358
-3.205667	-2.379392
-3.009521	-2.344964
-2.795688	-2.264105
-2.603333	-2.191774
-2.397079	-2.142185
-2.205987	-2.049955
-1.999103	-1.962464
-1.806116	-1.901819
-1.590071	-1.805484
-1.407823	-1.742629
-1.194305	-1.666824
-0.999423	-1.561644
-0.808331	-1.511739
-0.599551	-1.386661
-0.404353	-1.295063
-0.199995	-1.139978
-0.000059	-0.918564
0.199902	-0.650088
0.403655	-0.374663
0.598562	-0.075233
0.791890	0.114611
1.011121	0.302568
1.188970	0.408393
1.406938	0.508216
1.586998	0.532540
1.795805	0.564445
1.993871	0.560023
2.205205	0.613093
2.390003	0.655107
2.610814	0.691751
2.787084	0.707546
2.998418	0.709125
3.189218	0.675641
3.402447	0.729027
3.591669	0.770093
3.805530	0.809580
3.989381	0.827586
4.204189	0.812739
4.389620	0.806737
4.601585	0.801051
4.787648	0.857912
5.005931	0.894872
5.190730	0.905928
5.397957	0.877182
5.593181	0.893608
5.797249	0.859176
6.001949	0.910035
6.201279	0.929304
6.392395	0.962789
6.604361	0.936886
6.794530	0.964369
7.004284	0.935622
7.200455	0.964685
7.390940	0.976057
7.602273	0.986165
7.795286	0.995010
7.991772	1.025968
8.194577	1.017123
8.395802	0.995010
8.593237	0.970371
8.802991	1.024073
8.989054	1.023757
9.195017	1.056294
9.392767	1.075564
9.599047	1.034813
9.793323	0.988377
9.996443	1.035129
9.790795	1.058190
9.598100	1.094202
9.386450	1.086620
9.192174	1.039868
9.001058	1.003856
8.791935	0.968475
8.596395	1.029759
8.390748	1.030075
8.189523	1.042079
7.995247	0.999433
7.795601	0.965316
7.601326	0.906876
7.401680	0.993115
7.187187	0.976057
7.005864	1.004171
6.787896	0.944467
6.604993	0.943204
6.395554	0.900558
6.201910	0.908771
5.991840	0.921091
5.806410	0.948890
5.585599	0.909719
5.399537	0.906876
5.188519	0.861387
5.009406	0.856333
4.787648	0.822848
4.603797	0.832640
4.387724	0.820636
4.201030	0.816214
3.994119	0.813371
3.806793	0.779886
3.592616	0.735345
3.403711	0.737556
3.182900	0.729343
3.002524	0.733133
2.798456	0.723341
2.591545	0.670586
2.396953	0.627309
2.200782	0.588138
1.991344	0.598562
1.803702	0.584979
1.588578	0.548019
1.401252	0.477258
1.197499	0.409341
0.995958	0.258343
0.797576	0.132301
0.592244	-0.099869
0.399548	-0.365819
0.198323	-0.642192
-0.002902	-0.896770
-0.198416	-1.141558
-0.401195	-1.282113
-0.609027	-1.427090
-0.800435	-1.488682
-1.003213	-1.582175
-1.196516	-1.669035
-1.398031	-1.753052
-1.602705	-1.803589
