# Configuration automatically generated by WRITE_CONFIG()
connection eth
ip 192.168.0.10
samplehz 1000.000000
settleus 10.000000
nsample 128

# Analog Inputs
aichannel 0
ainegative 199
airange 10.000000
airesolution 0

aichannel 1
ainegative 199
airange 10.000000
airesolution 0

# Analog Outputs
aochannel 0
aosignal triangle
aofrequency 5.000000
aoamplitude 2.000000
aooffset 2.500000
aoduty 0.500000

# Meta Parameters
int:periods 10
flt:tip_T_C 320.430108
flt:plate_T_C 325.527288
flt:plate_Q_kW 1.742468
flt:cool_Thigh_C 55.766829
flt:cool_Tlow_C 8.815791
flt:air_psig 20.000000
flt:water_gph 8.000000
flt:standoff_in 0.228000
flt:oxygen_scfh 19.335938
flt:fuel_scfh 10.722312
flt:flow_scfh 30.058250
flt:ratio_fto 0.554528

## End Configuration ##
#: Wed Mar 22 18:09:29 2017
-7.590992	-3.655444
-9.297238	-4.175972
-9.278918	-4.176604
-9.292816	-4.156074
-9.266916	-4.136175
-9.201850	-4.119434
-9.000967	-4.097009
-8.797873	-4.016150
-8.595725	-3.974773
-8.408739	-3.888229
-8.199012	-3.816214
-8.003182	-3.794736
-7.787769	-3.759676
-7.596045	-3.657023
-7.407796	-3.622595
-7.195858	-3.520258
-7.009820	-3.464352
-6.800092	-3.405603
-6.600788	-3.368332
-6.402431	-3.292211
-6.202179	-3.246412
-5.993083	-3.147866
-5.807677	-3.107752
-5.599529	-3.055636
-5.401488	-2.983937
-5.203447	-2.956458
-4.995615	-2.855384
-4.801048	-2.790950
-4.599533	-2.726200
-4.401808	-2.688297
-4.201557	-2.607754
-4.006042	-2.558481
-3.793157	-2.466568
-3.602696	-2.404976
-3.394548	-2.351912
-3.208194	-2.279582
-2.992465	-2.225886
-2.806111	-2.139658
-2.597647	-2.068907
-2.401186	-1.980467
-2.203461	-1.946355
-2.000998	-1.850651
-1.806431	-1.824119
-1.598915	-1.710096
-1.403717	-1.668087
-1.192726	-1.564171
-1.002898	-1.525637
-0.802330	-1.430565
-0.608395	-1.368341
-0.394877	-1.254002
-0.211682	-1.139663
0.000257	-0.945728
0.188846	-0.701888
0.401759	-0.385086
0.594455	-0.067968
0.791574	0.165470
1.007330	0.386596
1.197499	0.529381
1.401252	0.605828
1.587946	0.654476
1.794857	0.699964
1.993555	0.716707
2.203941	0.795365
2.388108	0.814950
2.602917	0.834536
2.804774	0.880025
2.994627	0.869916
3.202170	0.931516
3.398025	0.947626
3.590721	0.975425
3.805214	0.996274
3.991908	1.026916
4.190922	0.989956
4.406678	1.058505
4.586107	1.064823
4.801547	1.116630
4.990452	1.105258
5.198943	1.118841
5.389428	1.108417
5.598235	1.152642
5.787456	1.168753
6.002896	1.180757
6.194329	1.194656
6.402504	1.158328
6.598990	1.213610
6.791055	1.211399
6.996703	1.270471
7.194137	1.264153
7.395046	1.271735
7.593429	1.259415
7.807290	1.274894
7.982296	1.312169
8.200579	1.329228
8.385062	1.321646
8.602082	1.319435
8.787512	1.302061
9.002637	1.306483
9.193438	1.375664
9.395294	1.347234
9.595572	1.380718
9.790795	1.339968
9.998022	1.364292
9.795850	1.356710
9.593677	1.393354
9.384870	1.349129
9.199440	1.364292
8.985894	1.334282
8.799517	1.313433
8.589446	1.327964
8.398330	1.328912
8.188259	1.299849
7.997775	1.309642
7.790863	1.252149
7.598799	1.241725
7.405787	1.270155
7.189714	1.248358
6.999230	1.245831
6.794846	1.215189
6.599622	1.203185
6.395870	1.193077
6.198120	1.212346
5.992156	1.174439
5.802303	1.176018
5.590653	1.157696
5.389428	1.107469
5.198311	1.137479
4.994875	1.096729
4.793334	1.112839
4.596215	1.080302
4.391831	1.042395
4.194396	1.001644
4.004228	1.020282
3.790683	0.972582
3.605568	0.987113
3.386021	0.941940
3.205645	0.912246
2.990520	0.877497
2.800035	0.896767
2.594704	0.849699
2.405798	0.819057
2.192253	0.785572
2.000189	0.733449
1.792014	0.707546
1.596475	0.648158
1.399356	0.601405
1.197815	0.490842
0.996590	0.389755
0.793785	0.171472
0.596035	-0.084077
0.396073	-0.400879
0.202430	-0.689886
-0.005429	-0.970049
-0.200311	-1.141873
-0.406880	-1.285587
-0.587865	-1.353180
-0.808015	-1.416983
-1.004793	-1.531954
-1.195569	-1.585017
-1.408139	-1.685143
-1.600810	-1.738207
-1.805168	-1.813064
-2.006999	-1.860443
-2.204408	-1.980467
-2.392342	-1.999734
-2.611861	-2.091648
-2.795372	-2.150397
-3.004784	-2.199039
-3.199666	-2.286530
-3.405919	-2.355703
-3.592589	-2.417294
-3.802632	-2.500048
-3.995935	-2.536371
-4.205978	-2.590698
-4.403388	-2.691456
-4.597638	-2.728411
-4.804523	-2.817798
-4.995615	-2.848436
-5.199973	-2.908764
-5.397698	-2.967513
-5.603319	-3.054057
-5.803571	-3.119439
-6.000980	-3.203456
-6.192704	-3.237884
-6.408116	-3.286842
-6.598893	-3.362647
-6.802935	-3.429608
-7.000659	-3.529418
-7.204070	-3.554055
-7.403059	-3.621964
-7.597309	-3.641862
-7.804825	-3.722405
-7.989285	-3.786524
-8.206593	-3.896757
-8.393579	-3.910970
-8.608991	-3.987091
-8.789028	-3.984880
-9.006021	-4.079637
-9.186373	-4.153231
-9.242596	-4.178499
-9.267863	-4.178184
-9.300081	-4.159548
-9.314926	-4.151968
-9.298818	-4.161443
-9.274497	-4.166812
-9.264389	-4.157021
-9.195848	-4.133016
-8.994018	-4.019940
-8.802294	-3.982985
-8.596989	-3.954558
-8.408108	-3.920446
-8.198064	-3.846852
-8.007604	-3.796947
-7.790928	-3.703138
-7.607732	-3.650706
-7.398005	-3.627965
-7.196174	-3.549317
-7.011399	-3.498780
-6.800724	-3.402760
-6.602683	-3.353171
-6.398957	-3.291895
-6.198705	-3.266627
-5.997190	-3.187663
-5.811152	-3.153551
-5.593528	-3.040159
-5.410648	-2.974146
-5.191761	-2.937507
-5.008565	-2.872441
-4.791573	-2.820009
-4.604587	-2.763787
-4.394860	-2.663661
-4.206926	-2.586908
-3.997199	-2.549321
-3.797579	-2.481413
-3.600801	-2.442563
-3.400549	-2.337699
-3.211037	-2.287162
-2.998151	-2.190826
-2.803584	-2.153556
-2.598911	-2.091332
-2.395816	-2.028793
-2.203461	-1.936248
-2.006683	-1.872445
-1.796640	-1.806747
-1.609970	-1.742945
-1.393294	-1.684827
-1.204413	-1.598915
-1.001002	-1.540798
-0.800435	-1.432144
-0.607763	-1.375922
-0.395193	-1.266320
-0.202522	-1.141873
0.003732	-0.931830
0.200850	-0.700940
0.396705	-0.362344
0.586558	-0.091657
0.808001	0.197375
0.990588	0.385333
1.197815	0.490842
1.395882	0.603616
1.602477	0.661425
1.791066	0.720182
2.004611	0.749876
2.190358	0.770725
2.395058	0.780518
2.603865	0.849383
2.794981	0.870548
2.998102	0.897083
3.193641	0.923934
3.406554	0.928041
3.592932	0.958051
3.800159	1.000065
3.995699	1.022809
4.197872	1.043658
4.393726	1.073984
4.588634	1.041763
4.804074	1.085357
4.995191	1.112524
5.199891	1.149799
5.391955	1.132741
5.594128	1.149483
5.791563	1.125475
6.003212	1.184548
6.185800	1.184548
6.410401	1.227193
6.599622	1.228141
6.806218	1.233511
6.988173	1.217401
7.202351	1.252149
7.391256	1.284371
7.601642	1.283739
7.789284	1.299533
7.995563	1.263837
8.195841	1.300797
8.392643	1.301429
8.596395	1.348813
8.794778	1.321646
8.999162	1.343127
9.189962	1.319119
9.393399	1.333650
9.590202	1.379139
9.798061	1.391143
9.992021	1.374401
9.797113	1.369662
9.583884	1.334282
9.395926	1.326069
9.194069	1.382298
8.987158	1.338073
8.802991	1.338704
8.591658	1.324489
8.394223	1.289741
8.190154	1.276157
7.994616	1.315012
7.793074	1.280580
7.607012	1.290688
7.386517	1.241725
7.198875	1.211399
6.993544	1.251202
6.798636	1.218980
6.595200	1.223719
6.403136	1.214874
6.199699	1.176966
6.002264	1.160540
5.794405	1.182020
5.590653	1.152010
5.398905	1.155169
5.188835	1.119473
4.998350	1.090411
4.798704	1.070194
4.598111	1.073353
4.394042	1.057242
4.197556	1.039236
3.999173	0.996906
3.804898	0.970055
3.599250	0.978900
3.393286	0.930568
3.196484	0.943835
2.993363	0.879709
2.810460	0.869600
2.594388	0.832009
2.402008	0.814318
2.190989	0.786204
2.005559	0.759984
1.781590	0.701544
1.602161	0.660478
1.390511	0.576765
1.206660	0.513270
0.988693	0.372697
0.801051	0.180001
0.592560	-0.077444
0.396389	-0.400879
0.207484	-0.693676
0.004363	-0.963100
-0.207260	-1.125765
-0.397088	-1.286219
-0.598604	-1.329491
-0.810226	-1.445410
-0.996896	-1.490577
-1.202202	-1.556275
-1.400558	-1.651663
-1.603021	-1.734733
-1.800114	-1.804852
-2.012685	-1.886343
-2.195880	-1.938774
-2.402765	-1.998155
-2.602701	-2.090701
-2.791582	-2.147870
-3.011732	-2.241047
-3.198718	-2.283056
-3.408130	-2.344964
-3.592905	-2.396764
-3.802632	-2.484571
-4.000673	-2.537319
-4.211664	-2.627969
-4.392017	-2.662713
-4.609641	-2.706301
-4.794732	-2.807374
-5.002248	-2.862017
-5.197446	-2.952983
-5.404015	-3.006679
-5.601108	-3.056268
-5.806098	-3.099856
-6.002875	-3.185137
-6.191440	-3.240095
-6.404326	-3.336747
-6.592576	-3.364542
-6.809252	-3.440347
-6.994974	-3.475091
-7.211650	-3.559740
-7.396110	-3.626385
-7.599520	-3.687030
-7.799772	-3.744199
-8.004445	-3.786839
-8.199643	-3.872120
-8.406844	-3.946978
-8.596357	-4.047420
-8.793450	-4.071424
-9.004441	-4.156074
-9.180372	-4.149441
-9.247334	-4.171550
-9.246070	-4.189554
-9.257125	-4.208505
-9.256493	-4.211664
-9.270391	-4.193976
-9.262494	-4.175656
-9.252071	-4.175025
-9.177214	-4.176288
-8.998440	-4.108696
-8.804189	-4.091007
-8.596989	-3.977300
-8.403054	-3.923920
-8.205645	-3.856959
-7.997497	-3.816530
-7.802930	-3.748305
-7.603626	-3.698084
-7.387581	-3.586272
-7.213546	-3.539210
-6.998765	-3.500044
-6.802935	-3.441926
-6.596998	-3.392653
-6.400536	-3.313058
-6.195230	-3.220828
-5.993715	-3.161763
-5.800728	-3.109647
-5.599529	-3.046792
-5.409069	-3.012680
-5.192077	-2.911607
-5.006038	-2.855069
-4.791257	-2.776105
-4.612167	-2.756838
-4.398018	-2.686718
-4.207874	-2.627337
-3.995935	-2.545215
-3.799158	-2.465620
-3.592273	-2.412556
-3.412552	-2.336751
-3.197139	-2.296638
-3.007942	-2.219885
-2.798215	-2.141237
-2.598279	-2.050903
-2.400238	-2.005736
-2.201566	-1.925193
-2.007631	-1.885079
-1.798851	-1.775162
-1.602074	-1.739154
-1.389819	-1.631448
-1.211046	-1.599231
-0.991843	-1.493735
-0.807699	-1.428669
-0.604605	-1.362656
-0.402142	-1.255581
-0.198732	-1.134925
-0.005745	-0.955203
0.204957	-0.688938
0.389124	-0.386981
0.593824	-0.084708
0.803578	0.205904
0.991220	0.372065
1.202870	0.511375
1.392407	0.605828
1.599318	0.643735
1.790434	0.697753
2.004296	0.759353
2.189726	0.768830
2.407062	0.827270
2.595967	0.842749
2.792770	0.835799
2.999681	0.908455
3.190166	0.908139
3.399920	0.969739
3.596723	0.962157
3.803950	0.977320
4.000753	0.997538
4.198819	1.047765
4.385197	1.052819
4.602217	1.093254
4.788280	1.100520
5.000877	1.093570
5.195785	1.119157
5.389428	1.121369
5.601710	1.153590
5.797565	1.183916
5.994683	1.179809
6.195909	1.157696
6.404083	1.200342
6.595832	1.199711
6.797373	1.258467
6.984383	1.228773
7.202982	1.275841
7.397258	1.236986
7.599747	1.254045
7.795918	1.294795
7.993352	1.305535
8.186996	1.318803
8.403700	1.290057
8.584392	1.297954
8.802991	1.308378
8.995687	1.351656
9.188699	1.333650
9.397506	1.373453
9.591149	1.336493
9.799008	1.346918
9.995496	1.351340
9.792375	1.390511
9.586095	1.361449
9.404140	1.369662
9.185225	1.321962
8.998215	1.309958
8.796673	1.340284
8.591341	1.330491
8.394223	1.324173
8.195209	1.302692
7.988297	1.273630
7.805710	1.253413
7.601326	1.282475
7.388412	1.263206
7.204562	1.265417
6.985646	1.231616
6.802111	1.194972
6.589829	1.203501
6.401240	1.216137
6.198751	1.203501
6.002264	1.187075
5.793142	1.157696
5.597919	1.130214
5.394798	1.158960
5.191046	1.108417
5.001193	1.135584
4.794281	1.063876
4.597479	1.062928
4.394674	1.024389
4.191870	1.041131
3.998857	1.008278
3.811216	1.006067
3.585667	0.955840
3.404975	0.935938
3.189218	0.900874
2.999049	0.892660
2.794034	0.887606
2.595967	0.837379
2.397269	0.826954
2.195412	0.773884
1.991976	0.743558
1.793594	0.701860
1.594580	0.677852
1.396829	0.576449
1.198763	0.526222
0.987745	0.362273
0.809264	0.175894
0.600773	-0.076496
0.397653	-0.400563
0.196743	-0.688622
0.009102	-0.954888
-0.205049	-1.147243
-0.396773	-1.257476
-0.610290	-1.345284
-0.806436	-1.461518
-0.994685	-1.504475
-1.200307	-1.611865
-1.393925	-1.642819
-1.609654	-1.742945
-1.800746	-1.800114
-2.006999	-1.903399
-2.201881	-1.962464
-2.404976	-2.049008
-2.592278	-2.084383
-2.805480	-2.139026
-3.007626	-2.249575
-3.195244	-2.309588
-3.404971	-2.402133
-3.601749	-2.438456
-3.797894	-2.490888
-4.000673	-2.523421
-4.200609	-2.626074
-4.396123	-2.678190
-4.614378	-2.767261
-4.791257	-2.814639
-5.006986	-2.873704
-5.192077	-2.925820
-5.404963	-3.013943
-5.600161	-3.089749
-5.807677	-3.147550
-6.000032	-3.208194
-6.195862	-3.230304
-6.399904	-3.316848
-6.603314	-3.346538
-6.802303	-3.449823
-7.001923	-3.481724
-7.208492	-3.573954
-7.390108	-3.596695
-7.602678	-3.675343
-7.796613	-3.746094
-8.003182	-3.829796
-8.199012	-3.858223
-8.410634	-3.901811
-8.584039	-3.935291
-8.803242	-4.036365
-8.988648	-4.112802
-9.187321	-4.167444
-9.249228	-4.174393
-9.283973	-4.156074
-9.306082	-4.153231
-9.300081	-4.169024
-9.276392	-4.184185
-9.260283	-4.180710
-9.259336	-4.161759
-9.186689	-4.118487
-9.006652	-4.072372
-8.797240	-4.055000
-8.596357	-3.991513
-8.404949	-3.967824
-8.196169	-3.876542
-7.996233	-3.792209
-7.799140	-3.741672
-7.594466	-3.694294
-7.396425	-3.615962
-7.211019	-3.593852
-6.998765	-3.473828
-6.811779	-3.429924
-6.593839	-3.352224
-6.406221	-3.333588
-6.195547	-3.249255
-6.000980	-3.185768
-5.798517	-3.084379
-5.606162	-3.018049
-5.397698	-2.982990
-5.202500	-2.914133
-4.995615	-2.875599
-4.802944	-2.784317
-4.605850	-2.722726
-4.403388	-2.640603
-4.201241	-2.601753
-4.003831	-2.543320
-3.800105	-2.499100
-3.590694	-2.407187
-3.409709	-2.339594
-3.195244	-2.255577
-3.011732	-2.222412
-2.792845	-2.145343
-2.603017	-2.079646
-2.401186	-2.025635
-2.201881	-1.919191
-2.003209	-1.869918
-1.800114	-1.785901
-1.598915	-1.745156
-1.404349	-1.651347
-1.201886	-1.602705
-0.986157	-1.482365
-0.814332	-1.434986
-0.596393	-1.361392
-0.405301	-1.276428
-0.200627	-1.145032
-0.005113	-0.958362
0.206220	-0.682621
0.386912	-0.404353
0.605196	-0.058808
0.784308	0.189162
1.001328	0.357218
1.199079	0.528433
1.392091	0.598246
1.597739	0.665848
1.790119	0.705966
1.997662	0.739767
2.199203	0.750824
2.400744	0.814318
2.589965	0.843697
2.811092	0.862335
2.994627	0.915405
3.199959	0.901506
3.393602	0.935622
3.598619	0.961210
3.800159	1.009858
4.002017	1.008594
4.193133	1.042079
4.392779	1.016491
4.601902	1.085988
4.786384	1.087568
5.006879	1.122000
5.192941	1.114419
5.403643	1.134320
5.588126	1.123580
5.800092	1.164330
5.989629	1.181389
6.204438	1.199711
6.398081	1.199079
6.607836	1.217401
6.787896	1.202238
6.996071	1.222771
7.196980	1.286898
7.392203	1.265733
7.601642	1.293531
7.798760	1.267312
7.993352	1.284371
8.190471	1.305220
8.395170	1.338704
8.589130	1.328596
8.808045	1.327332
8.988106	1.314696
9.193438	1.307747
9.397821	1.380403
9.586411	1.370294
9.792375	1.399356
9.993600	1.360185
9.790480	1.346918
9.595888	1.335230
9.387713	1.386405
9.183329	1.336177
9.007691	1.357026
8.790987	1.316908
8.602714	1.292268
8.386009	1.312801
8.196157	1.310590
7.990509	1.294163
7.803499	1.285634
7.590901	1.244568
7.397573	1.234143
7.199192	1.251833
6.990701	1.231616
6.802427	1.254045
6.592041	1.213294
6.399345	1.206028
6.197172	1.163067
5.996894	1.187391
5.786824	1.179809
5.599183	1.156749
5.386269	1.138427
5.201787	1.091990
4.992980	1.092938
4.802179	1.075248
4.596847	1.090095
4.393726	1.048713
4.195028	1.033550
3.997278	0.979848
3.801423	0.987745
3.592932	0.960262
3.404027	0.969739
3.184480	0.905612
3.001261	0.908139
2.789295	0.833904
2.608603	0.855069
2.393794	0.827270
2.197308	0.781465
1.991976	0.750192
1.799280	0.697437
1.589209	0.637417
1.404411	0.594455
1.188970	0.516113
1.005119	0.351216
0.800419	0.208116
0.590981	-0.091657
0.396073	-0.401510
0.197059	-0.693676
0.003100	-0.958994
-0.204733	-1.153560
-0.397720	-1.263162
-0.610290	-1.368657
-0.802646	-1.436882
-0.999739	-1.486155
-1.204413	-1.606180
-1.392346	-1.650399
-1.607127	-1.764107
-1.794745	-1.802325
-2.005104	-1.870550
-2.204724	-1.924245
-2.396132	-2.029425
-2.593541	-2.066064
-2.813060	-2.168401
-2.991518	-2.222412
-3.216090	-2.272317
-3.398338	-2.347806
-3.605855	-2.428349
-3.796631	-2.497205
-4.006674	-2.557849
-4.200609	-2.620389
-4.400861	-2.660818
-4.599533	-2.733149
-4.799785	-2.778948
-5.001616	-2.894866
-5.193340	-2.928978
-5.404646	-3.011101
-5.597318	-3.041107
-5.806729	-3.116912
-5.998769	-3.200929
-6.202495	-3.261889
-6.403695	-3.315900
-6.609000	-3.346222
-6.795986	-3.407814
-7.011083	-3.485198
-7.202806	-3.559424
-7.394215	-3.601433
-7.613418	-3.682292
-7.793455	-3.705665
-8.004445	-3.767256
-8.200275	-3.835797
-8.409371	-3.926131
-8.597304	-3.956769
-8.808927	-4.039839
-8.989912	-4.042997
-9.203429	-4.121645
-9.266284	-4.152599
-9.276076	-4.167444
-9.297238	-4.171235
-9.322507	-4.155442
-9.318716	-4.139649
-9.299133	-4.138386
-9.256177	-4.155757
-9.189216	-4.151968
-9.004126	-4.109959
-8.795345	-4.004463
-8.602042	-3.940977
-8.398000	-3.903390
-8.205960	-3.860118
-8.000971	-3.798842
-7.804193	-3.724932
-7.594151	-3.653865
-7.401795	-3.568584
-7.203123	-3.557213
-7.001291	-3.480777
-6.801355	-3.445717
-6.594787	-3.347170
-6.406221	-3.289053
-6.193336	-3.207246
-6.004455	-3.177240
-5.799465	-3.116596
-5.604898	-3.080904
-5.396434	-2.978568
-5.211344	-2.897393
-4.988666	-2.836749
-4.807997	-2.806743
-4.592585	-2.747362
-4.407810	-2.686086
-4.200293	-2.617862
-4.000673	-2.534792
-3.800737	-2.484571
-3.599222	-2.418242
-3.399918	-2.374654
-3.195876	-2.290005
-3.009521	-2.228097
-2.796951	-2.112810
-2.608070	-2.089121
-2.395500	-2.031004
-2.204408	-1.945407
-2.003525	-1.880657
-1.806431	-1.787480
-1.599547	-1.717676
-1.404033	-1.667140
-1.196516	-1.594493
-1.000055	-1.513003
-0.815280	-1.447937
-0.594498	-1.344020
-0.414776	-1.272953
-0.199048	-1.146927
-0.006376	-0.952992
0.202430	-0.684200
0.394178	-0.398984
0.603616	-0.058492
0.781465	0.174315
1.002592	0.379331
1.196867	0.541701
1.398725	0.576449
1.595843	0.656687
1.796752	0.692067
1.991976	0.760616
2.201730	0.780834
2.398217	0.816530
2.596599	0.809264
2.806353	0.875602
2.984518	0.887606
3.208172	0.931200
3.391707	0.951417
3.600198	0.966580
3.793842	0.977952
3.999489	1.008278
4.193765	1.048713
4.395938	1.066403
4.595583	1.082829
4.794913	1.072405
4.999298	1.101151
5.199575	1.106206
5.398273	1.164646
5.584651	1.147904
5.802619	1.166542
5.991524	1.159276
6.197172	1.166857
6.398397	1.202870
6.605624	1.245515
6.786316	1.230036
7.002705	1.255308
7.184976	1.223719
7.398837	1.240461
7.598167	1.302692
7.793706	1.286582
7.997458	1.308378
8.198368	1.293847
8.391696	1.300165
8.598607	1.308063
8.796673	1.355763
8.992212	1.329859
9.200704	1.352920
9.384554	1.333650
9.600310	1.311538
9.796481	1.365871
9.990441	1.382930
9.794902	1.385141
9.598100	1.360185
9.388977	1.338073
9.197228	1.297006
9.001373	1.364924
8.789723	1.338073
8.604609	1.341232
8.387589	1.307115
8.194893	1.283107
7.988929	1.266364
7.809501	1.283107
7.592481	1.281843
7.401996	1.263521
7.186240	1.254360
6.997650	1.191181
6.796425	1.215505
6.606256	1.210767
6.395238	1.241725
6.198436	1.183284
5.997526	1.173491
5.794405	1.134636
5.592549	1.158644
5.385637	1.137795
5.203050	1.153274
4.992980	1.081566
4.807865	1.095465
4.588950	1.041763
4.398781	1.041763
4.193133	1.051556
4.000753	1.001644
3.802055	0.995958
3.599882	0.958051
3.392023	0.938781
3.196168	0.919512
2.994627	0.921723
2.795297	0.859176
2.606708	0.859491
2.391899	0.796312
2.198887	0.766934
1.994187	0.752087
1.798648	0.709441
1.587630	0.662373
1.407570	0.597614
1.190866	0.486103
1.006383	0.367011
0.794417	0.196112
0.591928	-0.096395
0.400496	-0.374979
0.194216	-0.707573
0.005943	-0.942253
-0.203154	-1.144084
-0.404669	-1.252107
-0.602394	-1.361708
-0.798855	-1.427722
-1.008899	-1.520583
-1.191778	-1.586913
-1.405296	-1.631764
-1.597652	-1.726836
-1.801694	-1.804220
-2.004788	-1.887290
-2.202829	-1.950145
-2.401817	-2.011421
-2.603017	-2.058799
-2.804532	-2.158925
-3.001309	-2.225570
-3.214827	-2.314326
-3.398023	-2.345279
-3.613120	-2.415715
-3.787787	-2.454881
-4.003200	-2.536056
-4.193028	-2.604912
-4.404019	-2.668714
-4.601429	-2.738834
-4.801996	-2.771683
-4.996562	-2.849699
-5.207237	-2.910659
-5.397698	-3.008890
-5.601740	-3.045213
-5.810204	-3.135863
-5.992452	-3.163027
-6.198389	-3.248623
-6.393903	-3.324744
-6.604262	-3.405919
-6.801040	-3.438768
-7.010767	-3.497517
-7.194910	-3.503518
-7.404953	-3.579639
-7.597309	-3.680397
-7.796929	-3.724932
-8.002550	-3.804212
-8.200907	-3.839587
-8.400211	-3.888229
-8.598884	-3.942872
-8.800399	-4.049314
-8.995913	-4.095429
-9.193954	-4.161759
-9.250492	-4.157021
-9.288078	-4.156389
-9.283973	-4.175025
-9.286183	-4.190817
-9.263442	-4.195240
-9.270706	-4.180079
-9.253966	-4.153547
-9.199007	-4.131437
-8.998755	-4.107748
-8.792187	-4.020888
-8.606464	-3.999094
-8.396105	-3.891387
-8.209119	-3.842746
-7.999392	-3.760624
-7.801035	-3.737250
-7.593519	-3.676922
-7.403059	-3.617542
-7.203754	-3.534472
-7.008556	-3.468774
-6.793775	-3.418869
-6.611211	-3.375281
-6.396114	-3.343380
-6.199021	-3.260942
-5.997821	-3.205983
-5.804203	-3.107752
-5.603635	-3.062585
-5.397066	-3.010153
-5.205658	-2.956774
-4.997194	-2.868019
-4.802944	-2.825694
-4.593216	-2.733464
-4.411284	-2.699352
-4.195240	-2.631128
-4.000041	-2.562271
-3.802316	-2.516473
-3.600485	-2.415083
-3.400234	-2.353492
-3.213563	-2.289057
-2.998466	-2.236625
-2.804848	-2.152292
-2.603648	-2.115969
-2.391710	-1.992154
-2.211989	-1.953620
-2.000050	-1.896766
-1.801378	-1.826330
-1.602705	-1.727784
-1.401822	-1.662402
-1.199675	-1.565434
-1.007635	-1.521847
-0.798224	-1.443199
-0.608711	-1.356023
-0.404985	-1.287482
-0.192731	-1.132398
-0.004165	-0.967206
0.204009	-0.680094
0.397337	-0.393614
0.595719	-0.071442
0.796312	0.177474
1.003224	0.391651
1.190234	0.513902
1.405674	0.605512
1.584471	0.657319
1.803702	0.693962
1.992923	0.739767
2.200466	0.774200
2.397901	0.825375
2.602917	0.831061
2.799720	0.880025
2.990204	0.858860
3.196800	0.922986
3.392655	0.924566
3.597987	1.008910
3.794789	0.986165
4.005807	1.016807
4.189026	1.010805
4.399097	1.049345
4.592109	1.079039
4.803442	1.112524
4.992980	1.100520
5.214422	1.114103
5.386901	1.122632
5.591285	1.133373
5.799144	1.177598
5.990577	1.176966
6.199068	1.197815
6.399029	1.193709
6.600886	1.187707
6.785369	1.226562
6.997966	1.265733
7.192873	1.256572
7.404523	1.282791
7.592481	1.266996
7.797813	1.246463
7.995247	1.317539
8.190471	1.303008
8.402752	1.319119
8.599238	1.323226
8.792251	1.317855
8.996951	1.310906
9.195333	1.380403
9.385502	1.345022
9.608840	1.375032
9.781319	1.372821
10.002761	1.345654
9.791743	1.352604
9.593677	1.372505
9.388029	1.358606
9.199123	1.357974
8.988737	1.333650
8.802991	1.280896
8.596395	1.333966
8.391696	1.307115
8.196472	1.328596
7.988929	1.284686
7.799708	1.275841
7.595956	1.249622
7.401049	1.252465
7.191294	1.260363
6.998282	1.243936
6.792318	1.225614
6.606572	1.200027
6.380391	1.187075
6.202226	1.189286
5.991524	1.208240
5.794722	1.160224
5.597603	1.167489
5.390060	1.115367
5.197680	1.130214
4.991084	1.097360
4.799020	1.115051
4.591793	1.057874
4.400676	1.055346
4.184920	0.996906
4.009598	1.000065
3.792894	1.004171
3.602093	0.970055
3.388864	0.944467
3.200591	0.923302
2.989573	0.868968
2.800351	0.866125
2.595651	0.859807
2.392847	0.812423
2.201098	0.795365
1.992607	0.733449
1.794541	0.703123
1.591105	0.652264
1.402515	0.605828
1.195288	0.500635
1.003540	0.378067
0.789363	0.174947
0.596983	-0.089446
0.393546	-0.379085
0.204641	-0.716102
0.005627	-0.944464
-0.199048	-1.153560
-0.404669	-1.250843
-0.603657	-1.358234
-0.803277	-1.420773
-1.004793	-1.528795
-1.191147	-1.575226
-1.414772	-1.684827
-1.591966	-1.724309
-1.802325	-1.807379
-1.990891	-1.849388
-2.210725	-1.933089
-2.394553	-2.023108
-2.606175	-2.087858
-2.797583	-2.149765
-3.009837	-2.202197
-3.199034	-2.284635
-3.404024	-2.344964
-3.601749	-2.434982
-3.800105	-2.461830
-4.005411	-2.556586
-4.200293	-2.583750
-4.404651	-2.643130
-4.602060	-2.737255
-4.801680	-2.810849
-4.992456	-2.862017
-5.211028	-2.924241
-5.393592	-2.967829
-5.610268	-3.046161
-5.807045	-3.145655
-5.992136	-3.174082
-6.204706	-3.259047
-6.398325	-3.280525
-6.605525	-3.355066
-6.804198	-3.403392
-7.004134	-3.520890
-7.201543	-3.559424
-7.405585	-3.635545
-7.589413	-3.651654
-7.807036	-3.710087
-8.000024	-3.812108
-8.205013	-3.875595
-8.401791	-3.945083
-8.602990	-3.990882
-8.793135	-4.019940
-9.006021	-4.095429
-9.179424	-4.173761
-9.220486	-4.197766
-9.253651	-4.204083
-9.267863	-4.189870
-9.296290	-4.178499
-9.272285	-4.184816
-9.257125	-4.192397
-9.225855	-4.191765
-9.187636	-4.170603
-8.989912	-4.086586
-8.798504	-4.023099
-8.594778	-3.983301
-8.402738	-3.917287
-8.205960	-3.896757
-8.000340	-3.793157
-7.801351	-3.747674
-7.595730	-3.648811
-7.400532	-3.618173
-7.200595	-3.566373
-7.009188	-3.530366
-6.792196	-3.423291
-6.615317	-3.361383
-6.394219	-3.264416
-6.211023	-3.254309
-5.995610	-3.183241
-5.804834	-3.120702
-5.598266	-3.059742
-5.401488	-2.950773
-5.199973	-2.914449
-5.002880	-2.856648
-4.792521	-2.820640
-4.608061	-2.734728
-4.401493	-2.686086
-4.193976	-2.594489
-4.008254	-2.552796
-3.797263	-2.499732
-3.596063	-2.421400
-3.404340	-2.359809
-3.208194	-2.277371
-3.002888	-2.198723
-2.809901	-2.145343
-2.594173	-2.092596
-2.397711	-2.005104
-2.211989	-1.959621
-1.997839	-1.846545
-1.810222	-1.802325
-1.596704	-1.699673
-1.400558	-1.660823
-1.200622	-1.581859
-1.003213	-1.523742
-0.796644	-1.414456
-0.615028	-1.356970
-0.394877	-1.275164
-0.203785	-1.144084
0.000888	-0.960257
0.201798	-0.687043
0.401128	-0.386665
0.591296	-0.074917
0.801051	0.192321
0.991536	0.392283
1.196552	0.492105
1.406938	0.619727
1.590157	0.658266
1.799911	0.727447
1.993239	0.738504
2.202362	0.775463
2.390951	0.790626
2.601337	0.826007
2.798140	0.870232
2.998418	0.894872
3.197432	0.919512
3.400868	0.943204
3.596091	0.972266
3.794789	0.974793
4.003912	1.042395
4.189342	1.023125
4.399413	1.066719
4.586107	1.060717
4.797441	1.087252
4.992980	1.105574
5.200523	1.149167
5.387217	1.125791
5.606448	1.156117
5.786824	1.145061
5.999106	1.149167
6.199383	1.210451
6.394290	1.212346
6.593936	1.223719
6.800532	1.223087
6.989437	1.220560
7.199192	1.236986
7.397890	1.293531
7.584268	1.278684
7.805394	1.304904
7.988614	1.292900
8.200895	1.259415
8.394223	1.313433
8.597028	1.332702
8.793830	1.343127
9.000742	1.343759
9.186488	1.327648
9.391188	1.301429
9.598415	1.374717
9.784793	1.355131
10.001813	1.392091
9.792690	1.356395
9.596519	1.353236
9.388345	1.327964
9.194701	1.358290
8.992212	1.343759
8.803623	1.346918
8.586919	1.317855
8.400540	1.283739
8.187943	1.288793
8.000934	1.297322
7.791495	1.305220
7.596903	1.269207
7.394731	1.239513
7.194453	1.218980
6.997650	1.239513
6.789791	1.215189
6.599622	1.240145
6.393975	1.202870
6.200963	1.198131
5.994051	1.152010
5.801671	1.163699
5.593181	1.173491
5.391955	1.142218
5.200839	1.117578
4.995191	1.098624
4.795861	1.075248
4.596215	1.058190
4.395306	1.071141
4.194396	1.005751
4.009598	1.023125
3.790051	0.965632
3.603989	0.953312
3.392655	0.940361
3.200275	0.937518
2.988941	0.887922
2.807301	0.886027
2.587122	0.814950
2.406430	0.799471
2.195412	0.816530
1.988501	0.736924
1.796752	0.728079
1.592368	0.647526
1.396829	0.587822
1.200974	0.504741
0.996274	0.375224
0.792838	0.169892
0.606775	-0.072706
0.389124	-0.398984
0.207800	-0.689254
-0.003218	-0.955835
-0.199679	-1.134293
-0.403721	-1.253686
-0.602710	-1.362024
-0.806436	-1.433723
-0.995949	-1.517109
-1.198411	-1.566382
-1.402453	-1.656716
-1.598915	-1.728415
-1.808642	-1.841491
-1.998787	-1.867707
-2.214831	-1.968465
-2.392342	-1.999419
-2.606491	-2.084068
-2.797899	-2.165242
-3.001941	-2.243574
-3.195244	-2.293479
-3.412552	-2.330750
-3.591326	-2.376549
-3.811160	-2.470989
-3.999094	-2.571747
-4.200925	-2.599226
-4.405914	-2.671557
-4.598270	-2.722726
-4.801364	-2.784633
-4.999721	-2.857280
-5.199657	-2.952983
-5.403067	-2.993097
-5.608373	-3.075535
-5.795990	-3.114385
-6.000664	-3.171239
-6.199021	-3.259362
-6.399904	-3.315269
-6.608368	-3.380651
-6.801987	-3.423291
-6.999712	-3.474775
-7.212598	-3.533524
-7.397373	-3.628912
-7.593203	-3.663340
-7.812406	-3.758413
-7.991811	-3.780522
-8.214805	-3.836429
-8.396737	-3.905285
-8.604885	-3.988986
-8.792818	-4.040155
-9.003809	-4.105221
-9.190479	-4.119750
-9.267548	-4.146914
-9.265337	-4.171235
-9.263442	-4.194292
-9.268811	-4.197451
-9.277656	-4.184500
-9.285868	-4.158285
-9.259020	-4.151020
-9.188584	-4.156389
-8.996861	-4.105221
-8.811138	-4.069845
-8.587197	-3.968140
-8.406213	-3.899915
-8.197748	-3.817793
-8.005709	-3.792209
-7.795034	-3.764098
-7.600468	-3.699980
-7.399584	-3.636809
-7.202491	-3.558477
-7.004450	-3.510151
-6.801355	-3.447296
-6.602683	-3.422659
-6.401168	-3.315900
-6.202811	-3.267890
-5.989925	-3.147234
-5.813046	-3.123861
-5.598897	-3.053109
-5.405278	-2.986148
-5.197130	-2.938138
-5.009512	-2.856016
-4.791573	-2.786844
-4.610904	-2.756838
-4.394860	-2.701247
-4.202188	-2.617546
-4.007306	-2.577116
-3.793157	-2.469410
-3.598906	-2.433403
-3.398023	-2.366757
-3.205035	-2.310851
-3.002257	-2.231572
-2.800742	-2.173139
-2.596699	-2.066064
-2.405923	-2.017738
-2.201881	-1.966570
-2.003525	-1.876867
-1.803589	-1.823803
-1.603969	-1.714834
-1.393925	-1.659559
-1.192094	-1.582175
-0.999423	-1.511107
-0.803277	-1.435934
-0.607132	-1.377817
-0.395825	-1.250212
-0.210418	-1.145980
0.010365	-0.946991
0.192953	-0.694623
0.402707	-0.366135
0.590981	-0.080918
0.800103	0.187267
0.997222	0.386912
1.200974	0.507900
1.395882	0.615936
1.591421	0.630783
1.794857	0.702492
1.997662	0.730922
2.201730	0.791258
2.395058	0.812739
2.596915	0.840222
2.795929	0.853489
2.999049	0.885395
3.189534	0.919196
3.400552	0.969107
3.594196	0.956471
3.803319	1.001960
3.994435	1.001960
4.191870	1.013017
4.399729	1.078723
4.591161	1.076196
4.800915	1.091359
4.998981	1.097045
5.197996	1.117578
5.392587	1.122948
5.597919	1.180125
5.786192	1.164330
6.007635	1.174755
6.192750	1.186759
6.396186	1.161487
6.597727	1.236670
6.795794	1.243304
6.988489	1.246463
7.202034	1.262574
7.389992	1.253097
7.597851	1.242672
7.801288	1.317224
7.991457	1.285950
8.204054	1.326385
8.385694	1.298902
8.597343	1.296375
8.794147	1.304904
8.998530	1.341863
9.184909	1.346286
9.402245	1.350077
9.589886	1.349445
9.795850	1.334914
9.992336	1.369978
9.797429	1.371558
9.594940	1.386089
9.386450	1.339968
9.193122	1.334282
9.000742	1.298270
8.798569	1.338389
8.590077	1.325437
8.400540	1.334914
8.186680	1.294795
8.003461	1.285950
7.785809	1.242041
7.602905	1.266996
7.401996	1.278368
7.192242	1.257203
6.997018	1.245515
6.792634	1.197183
6.594884	1.207924
6.408190	1.184548
6.192433	1.215821
5.993420	1.167173
5.807989	1.173175
5.588126	1.129582
5.391955	1.126107
5.194837	1.127371
5.000561	1.120421
4.791439	1.084725
4.599058	1.071773
4.388356	1.025021
4.206717	1.012069
4.000437	1.032286
3.788471	0.979216
3.604620	0.976689
3.389180	0.924566
3.199643	0.903085
2.991152	0.891397
2.799088	0.888870
2.603233	0.838958
2.408325	0.824111
2.189094	0.775147
1.999557	0.725868
1.789487	0.716391
1.598370	0.655739
1.393354	0.604880
1.200658	0.500951
1.003224	0.371433
0.798208	0.175578
0.596983	-0.078707
0.390387	-0.416040
0.210011	-0.674725
-0.010167	-0.976682
-0.195889	-1.125765
-0.403090	-1.286851
-0.592918	-1.345600
-0.806752	-1.422036
-0.998791	-1.518688
-1.202833	-1.591966
-1.397084	-1.669035
-1.609338	-1.717676
-1.796008	-1.797588
-2.009842	-1.871498
-2.205987	-1.972887
-2.394868	-2.008894
-2.599226	-2.096070
-2.796004	-2.132709
-3.007942	-2.204092
-3.201877	-2.284319
-3.408762	-2.367389
-3.592273	-2.413820
-3.808949	-2.485519
-3.989618	-2.525948
-4.211032	-2.588803
-4.405599	-2.702511
-4.594164	-2.738834
-4.800101	-2.814008
-4.994668	-2.830748
-5.200289	-2.916660
-5.404331	-2.982042
-5.600161	-3.091644
-5.799781	-3.116596
-6.007613	-3.212300
-6.193336	-3.236305
-6.408748	-3.294738
-6.597313	-3.380335
-6.803566	-3.466563
-6.998133	-3.532892
-7.205333	-3.557213
-7.393898	-3.598590
-7.603310	-3.657971
-7.803246	-3.754307
-7.996865	-3.797263
-8.208803	-3.880964
-8.397684	-3.907812
-8.606464	-3.963402
-8.792187	-4.027521
-9.003809	-4.109643
-9.173739	-4.175656
-9.234067	-4.188607
-9.263442	-4.173446
-9.296290	-4.164602
-9.281446	-4.181658
-9.267548	-4.195240
-9.248913	-4.196503
-9.244175	-4.177236
-9.196165	-4.138386
-8.996545	-4.054684
-8.800399	-4.032259
-8.597620	-3.970351
-8.407792	-3.947609
-8.188589	-3.848431
-8.005077	-3.790630
-7.794086	-3.684819
-7.612154	-3.664920
-7.393898	-3.631123
-7.201227	-3.558477
-7.003502	-3.491515
-6.801355	-3.402760
-6.603314	-3.342432
-6.404958	-3.300108
-6.191756	-3.264100
-5.997506	-3.176609
-5.810835	-3.127335
-5.593212	-3.021524
-5.411911	-2.961512
-5.196814	-2.922977
-5.001300	-2.856648
-4.791257	-2.805480
-4.608377	-2.734728
-4.395807	-2.653238
-4.206610	-2.610597
-3.999094	-2.584065
-3.793473	-2.464356
-3.611856	-2.432771
-3.399602	-2.304218
-3.211037	-2.280213
-3.003836	-2.204724
-2.801689	-2.158925
-2.598911	-2.076171
-2.404976	-2.033531
-2.195564	-1.925509
-2.015527	-1.877499
-1.796008	-1.801694
-1.609338	-1.741365
-1.398031	-1.674088
-1.198411	-1.599231
-1.003845	-1.516161
-0.807068	-1.431828
-0.601130	-1.363919
-0.397404	-1.274848
-0.203154	-1.157666
0.009418	-0.942885
0.197691	-0.711995
0.399864	-0.367398
0.589401	-0.079655
0.799787	0.186951
0.994063	0.387228
1.197815	0.504741
1.396513	0.605828
1.598054	0.661425
1.789487	0.711337
2.004611	0.737872
2.193517	0.768830
2.398217	0.782729
2.605760	0.866757
2.789611	0.863598
2.997786	0.896767
3.191114	0.897715
3.397709	0.932463
3.597987	0.954576
3.802371	1.023125
3.996962	1.002592
4.204821	1.043342
4.389304	1.053767
4.592424	1.049029
4.799336	1.107153
4.990137	1.114103
5.198943	1.134952
5.388165	1.136532
5.593496	1.132741
5.802303	1.135900
6.002581	1.204133
6.190854	1.192761
6.408506	1.214874
6.590461	1.219928
6.798005	1.198447
6.990701	1.231932
7.201403	1.249622
7.395362	1.290057
7.595640	1.275210
7.795601	1.287214
7.992088	1.252781
8.196789	1.315328
8.392012	1.308694
8.591973	1.353236
8.798884	1.312801
9.001373	1.339020
9.189015	1.312801
9.395294	1.361133
9.591465	1.357658
9.801220	1.384509
9.981596	1.380087
9.805642	1.351340
9.582305	1.345338
9.395926	1.364292
9.195333	1.375348
8.993160	1.344391
8.803623	1.324173
8.591973	1.298586
8.395487	1.306167
8.192366	1.297638
7.991772	1.328596
7.790547	1.266049
7.607644	1.267944
7.384938	1.240777
7.193821	1.220560
6.999230	1.248990
6.798005	1.230036
6.593620	1.222455
6.402820	1.192445
6.190538	1.176650
5.993420	1.168121
5.802303	1.194972
5.586863	1.144113
5.397326	1.143797
5.191046	1.102415
5.003720	1.101151
4.791754	1.083461
4.597479	1.086936
4.393726	1.038288
4.200715	1.025968
3.993487	1.000065
3.802371	0.963105
3.597039	0.981427
3.397709	0.934043
3.194273	0.944467
2.994627	0.880341
2.801931	0.860439
2.597547	0.832640
2.397585	0.821900
2.196992	0.784940
2.002084	0.763459
1.786012	0.697437
1.603425	0.649421
1.388932	0.585610
1.207292	0.514534
0.994063	0.385333
0.796312	0.172420
0.591928	-0.079655
0.401759	-0.406248
0.202745	-0.686095
-0.001323	-0.953308
-0.202206	-1.127660
-0.404037	-1.293800
-0.598919	-1.340546
-0.812121	-1.444778
-0.993422	-1.504475
-1.195885	-1.580280
-1.399927	-1.655137
-1.608075	-1.747682
-1.794745	-1.799167
-2.013632	-1.875604
-2.199354	-1.928667
-2.400238	-2.010789
-2.604280	-2.113758
-2.793161	-2.157346
-3.011417	-2.235362
-3.203140	-2.277371
-3.407498	-2.344016
-3.595116	-2.409714
-3.804212	-2.484571
-3.993093	-2.543320
-4.211032	-2.621652
-4.397070	-2.673768
-4.603955	-2.715145
-4.801996	-2.828853
-4.998774	-2.871809
-5.203763	-2.966881
-5.404646	-2.998782
-5.600792	-3.056900
-5.803571	-3.108384
-6.002244	-3.205667
-6.189861	-3.244201
-6.408748	-3.334220
-6.590049	-3.358225
-6.807041	-3.426765
-6.996870	-3.474144
-7.199648	-3.576796
-7.396425	-3.619437
-7.603626	-3.681028
-7.797245	-3.711350
-8.004129	-3.754307
-8.202486	-3.857907
-8.405896	-3.919183
-8.598568	-4.021204
-8.796609	-4.022467
-9.006968	-4.089428
-9.189531	-4.126699
-9.252071	-4.170603
-9.253334	-4.185448
-9.268811	-4.192081
-9.289973	-4.178499
-9.309557	-4.150704
-9.290289	-4.143755
-9.269759	-4.152283
-9.188269	-4.142492
-8.994966	-4.077742
-8.804189	-4.038260
-8.593514	-3.957085
-8.406213	-3.934975
-8.201222	-3.887597
-7.997497	-3.846220
-7.794718	-3.746726
-7.602047	-3.696821
-7.387897	-3.581850
-7.209124	-3.551844
-6.997817	-3.524996
-6.803566	-3.451402
-6.601419	-3.385388
-6.406853	-3.293159
-6.194915	-3.207878
-6.002559	-3.178188
-5.795990	-3.145971
-5.597002	-3.058795
-5.408121	-2.993097
-5.197762	-2.894866
-5.006354	-2.854753
-4.793152	-2.799162
-4.607114	-2.759996
-4.397387	-2.696194
-4.204715	-2.619757
-3.990566	-2.539214
-3.796631	-2.468778
-3.598906	-2.416978
-3.409709	-2.340857
-3.199034	-2.301376
-3.006363	-2.198407
-2.801373	-2.143764
-2.598595	-2.060379
-2.401501	-2.025319
-2.199670	-1.934353
-2.010158	-1.887922
-1.790955	-1.787796
-1.613444	-1.727784
-1.392346	-1.639344
-1.203149	-1.609338
-0.992474	-1.508581
-0.804857	-1.425195
-0.609027	-1.359813
-0.403721	-1.252738
-0.197152	-1.141242
-0.009219	-0.951729
0.206220	-0.693992
0.397021	-0.371820
0.589085	-0.093236
0.804842	0.205273
0.991852	0.390703
1.200658	0.511691
1.400304	0.596351
1.592052	0.644999
1.789803	0.707546
2.003032	0.768830
2.189726	0.785888
2.403587	0.807369
2.599126	0.842117
2.797192	0.833272
3.000629	0.915089
3.186691	0.918880
3.403395	0.962473
3.594196	0.965000
3.797001	0.996590
3.999173	0.992167
4.199451	1.060717
4.386461	1.056926
4.600954	1.075564
4.791754	1.090727
5.004668	1.075248
5.194205	1.129266
5.394483	1.148220
5.590022	1.154222
5.798512	1.164646
5.997526	1.173807
6.194329	1.151063
6.402820	1.221191
6.598359	1.201290
6.805586	1.253097
6.985646	1.233195
7.202982	1.242041
7.391888	1.244252
7.598167	1.279316
7.792127	1.305220
7.990509	1.303008
8.194262	1.304588
8.400225	1.290688
8.592289	1.310906
8.796673	1.328596
8.998215	1.370294
9.187119	1.327648
9.397821	1.355447
9.590518	1.329228
9.799324	1.367451
9.994548	1.364292
9.800588	1.390827
9.586095	1.346918
9.401612	1.354499
9.183329	1.329228
9.001373	1.320067
8.804255	1.353236
8.592289	1.330175
8.392327	1.327648
8.194893	1.283107
7.992404	1.273630
7.796865	1.274262
7.598483	1.297638
7.395046	1.250886
7.201719	1.257203
6.990701	1.225614
6.798636	1.194340
6.592988	1.228773
6.401872	1.215821
6.194013	1.199711
6.002264	1.175071
5.793458	1.147588
5.596971	1.124843
5.404591	1.166857
5.188835	1.110628
5.003720	1.128634
4.793334	1.069878
4.597795	1.056926
4.391515	1.027232
4.196924	1.043658
3.995699	1.003856
3.805530	0.992799
3.588510	0.948574
3.404027	0.936886
3.186059	0.905928
3.001261	0.902137
2.804142	0.872443
2.594072	0.844644
2.400112	0.808316
2.193833	0.761564
1.995766	0.758089
1.793909	0.709441
1.594580	0.676904
1.393670	0.582136
1.201922	0.511375
0.993431	0.359745
0.797260	0.178106
0.595087	-0.070179
0.390703	-0.403090
0.202430	-0.687359
0.003100	-0.962152
-0.206628	-1.135241
-0.396457	-1.260319
-0.609343	-1.335492
-0.805804	-1.468151
-0.981735	-1.505106
-1.204728	-1.582491
-1.394873	-1.639344
-1.608075	-1.729363
-1.801062	-1.792534
-2.007947	-1.888238
-2.200302	-1.936248
-2.408766	-2.020897
-2.592593	-2.073960
-2.796635	-2.143132
-3.000993	-2.258735
-3.200929	-2.291268
-3.404655	-2.369284
-3.599854	-2.408134
-3.797894	-2.470042
-4.002884	-2.535740
-4.204399	-2.625442
-4.396123	-2.674716
-4.608693	-2.743888
-4.791889	-2.765050
-5.010776	-2.832643
-5.195551	-2.916976
-5.403699	-2.989938
-5.602687	-3.076483
-5.803887	-3.121966
-5.998453	-3.188927
-6.197125	-3.224618
-6.406853	-3.334852
-6.596050	-3.365489
-6.799776	-3.466247
-6.997501	-3.459298
-7.208492	-3.537314
-7.390108	-3.558793
-7.603942	-3.668078
-7.798508	-3.741356
-8.004445	-3.804527
-8.199012	-3.846536
-8.410951	-3.895809
-8.588461	-3.958664
-8.807032	-4.048683
-8.995913	-4.138386
-9.177214	-4.176288
-9.247017	-4.180710
-9.270075	-4.175656
-9.271654	-4.187975
-9.268811	-4.198398
-9.262178	-4.202820
-9.259651	-4.184816
-9.262494	-4.157653
-9.189531	-4.122909
-9.003809	-4.076162
-8.799452	-4.065107
-8.596673	-3.972562
-8.406213	-3.930238
-8.202486	-3.825058
-7.995917	-3.766625
-7.801351	-3.732512
-7.600783	-3.702822
-7.386950	-3.618489
-7.216388	-3.573322
-6.991816	-3.473512
-6.810199	-3.432767
-6.591312	-3.368332
-6.410012	-3.327271
-6.199968	-3.250203
-6.002559	-3.171239
-5.799149	-3.086906
-5.607741	-3.032895
-5.400856	-3.011417
-5.193656	-2.935296
-5.002248	-2.886338
-4.799469	-2.784633
-4.604271	-2.733464
-4.398650	-2.657344
-4.203452	-2.614703
-3.999094	-2.546479
-3.804527	-2.484255
-3.590062	-2.404976
-3.412552	-2.337383
-3.196192	-2.276739
-3.008258	-2.238836
-2.795372	-2.164611
-2.597963	-2.058799
-2.408450	-2.011421
-2.200302	-1.912243
-2.007315	-1.870234
-1.802957	-1.791586
-1.603337	-1.746735
-1.397716	-1.639029
-1.201886	-1.597652
-0.989316	-1.486155
-0.814016	-1.453938
-0.601446	-1.375290
-0.402458	-1.256213
-0.201574	-1.146295
-0.003849	-0.952677
0.204009	-0.679147
0.390387	-0.397720
0.603932	-0.070179
0.794417	0.192637
0.994695	0.362904
1.200974	0.532856
1.400620	0.593824
1.603109	0.662057
1.791066	0.705335
1.998294	0.736608
2.195412	0.766302
2.402639	0.823795
2.595967	0.838958
2.802879	0.851910
2.995574	0.896451
3.186059	0.883184
3.405922	0.952049
3.596723	0.962157
3.799844	1.015228
3.998542	1.007015
4.196924	1.021546
4.389304	1.026284
4.601585	1.086620
4.786700	1.090727
5.007827	1.128950
5.189782	1.117578
5.401748	1.141902
5.586546	1.138111
5.797881	1.158644
5.995315	1.194972
6.200963	1.191181
6.396818	1.202870
6.601518	1.181073
6.793582	1.230668
6.994175	1.240461
7.199507	1.281843
7.391256	1.255940
7.598799	1.271103
7.796233	1.272998
7.993352	1.292900
8.191102	1.309326
8.397382	1.334914
8.590710	1.309958
8.799832	1.306799
8.994424	1.312485
9.183645	1.326069
9.400664	1.378507
9.588939	1.351972
9.802799	1.363660
9.998022	1.360185
9.793323	1.353236
9.586095	1.358290
9.398454	1.382930
9.181749	1.335546
9.005795	1.336809
8.787512	1.315960
8.594185	1.290688
8.395802	1.342179
8.193945	1.310590
7.991457	1.302377
7.803499	1.273630
7.591533	1.246463
7.397573	1.231300
7.199823	1.268260
6.988489	1.225614
6.811272	1.227509
6.588882	1.199079
6.401872	1.196552
6.197488	1.185179
5.995631	1.199711
5.795353	1.179177
5.596655	1.165594
5.387217	1.133057
5.204945	1.091990
4.997086	1.136847
4.796493	1.076512
4.596215	1.094202
4.389620	1.022809
4.198187	1.016807
3.993487	0.993115
3.801423	0.993115
3.587878	0.983638
3.403079	0.971002
3.185743	0.904033
3.005683	0.897083
2.789611	0.858860
2.600706	0.848119
2.397901	0.840854
2.194464	0.774832
1.994187	0.749244
1.801175	0.679115
1.594895	0.657003
1.404411	0.603932
1.194972	0.521484
0.994379	0.357218
0.804842	0.193269
0.586874	-0.088498
0.397337	-0.401195
0.203693	-0.698730
-0.001007	-0.947623
-0.202206	-1.132082
-0.398984	-1.266004
-0.608395	-1.351601
-0.800119	-1.433407
-0.996580	-1.491209
-1.205360	-1.607127
-1.390767	-1.659875
-1.609654	-1.754000
-1.795061	-1.790639
-2.005104	-1.878130
-2.197459	-1.947934
-2.396132	-2.020897
-2.593541	-2.082172
-2.808638	-2.147870
-2.998151	-2.216727
-3.205983	-2.255893
-3.401497	-2.366126
-3.603644	-2.422032
-3.799790	-2.500364
-4.000041	-2.538266
-4.205978	-2.603648
-4.398018	-2.641867
-4.610904	-2.761576
-4.794100	-2.815271
-5.008881	-2.910027
-5.194603	-2.930558
-5.410332	-3.004152
-5.596055	-3.061321
-5.805150	-3.136495
-6.000348	-3.218301
-6.199968	-3.268838
-6.394535	-3.317164
-6.603946	-3.338326
-6.800724	-3.434030
-7.000659	-3.500360
-7.205965	-3.597011
-7.390424	-3.609961
-7.611207	-3.678817
-7.796929	-3.728722
-8.003498	-3.795052
-8.199012	-3.879701
-8.407160	-3.942556
-8.588777	-3.986775
-8.809243	-4.045840
-8.987700	-4.082479
-9.185110	-4.167444
-9.235646	-4.188922
-9.248913	-4.192397
-9.282077	-4.182290
-9.307661	-4.161759
-9.297554	-4.161127
-9.266601	-4.177552
-9.235646	-4.182921
-9.175950	-4.174709
-9.005073	-4.110906
-8.796293	-4.017729
-8.602990	-3.963718
-8.399263	-3.945083
-8.203750	-3.870541
-8.000024	-3.819688
-7.799456	-3.740725
-7.597625	-3.660814
-7.398321	-3.598906
-7.205018	-3.578691
-7.000028	-3.495622
-6.802935	-3.453613
-6.589733	-3.326639
-6.413170	-3.299160
-6.190809	-3.232515
-6.002244	-3.203772
-5.801991	-3.140601
-5.604267	-3.049635
-5.395802	-2.984885
-5.204079	-2.904974
-4.993088	-2.875283
-4.803576	-2.815587
-4.595743	-2.772315
-4.397702	-2.660186
-4.206610	-2.626390
-3.993093	-2.550901
-3.804527	-2.502575
-3.592905	-2.426138
-3.411288	-2.368337
-3.203140	-2.257788
-3.006047	-2.220517
-2.792213	-2.136184
-2.608386	-2.092280
-2.395184	-2.036690
-2.201566	-1.945407
-2.006999	-1.883816
-1.797903	-1.801694
-1.601442	-1.743576
-1.398663	-1.676299
-1.195885	-1.614076
-0.997212	-1.504475
-0.813069	-1.449516
-0.595445	-1.348758
-0.410986	-1.265373
-0.201890	-1.160509
-0.002586	-0.946359
0.198955	-0.688306
0.393546	-0.386981
0.606144	-0.073022
0.793154	0.200218
0.999117	0.382490
1.203501	0.533172
1.391143	0.575186
1.602161	0.677852
1.790434	0.692067
1.997662	0.764091
2.192253	0.766934
2.403903	0.798840
2.590281	0.837695
2.806037	0.879077
2.989573	0.898978
3.203749	0.925514
3.390759	0.945099
3.601777	0.951733
3.793842	0.992483
3.998226	1.019019
4.193133	1.049976
4.397517	1.056294
4.593056	1.077775
4.794913	1.060717
4.999613	1.100835
5.194205	1.121684
5.399853	1.168437
5.586231	1.140638
5.805462	1.139059
5.998790	1.187075
6.189590	1.170016
6.399029	1.218980
6.599622	1.211715
6.793898	1.234143
6.997966	1.217717
7.193821	1.246147
7.389360	1.248990
7.614278	1.299533
7.790547	1.285634
7.999038	1.299218
8.188891	1.286266
8.396118	1.300165
8.592289	1.328596
8.798569	1.349445
8.989685	1.323542
9.204810	1.315328
9.389293	1.338389
9.589886	1.336177
9.799641	1.390827
9.992969	1.378507
9.799324	1.387352
9.590518	1.349445
9.393084	1.337125
9.189331	1.334282
8.996951	1.379771
8.790039	1.339968
8.601450	1.317539
8.394223	1.294163
8.202790	1.270471
7.985770	1.297638
7.800024	1.281211
7.599431	1.287214
7.391256	1.242672
7.196664	1.246463
6.995755	1.208556
6.798636	1.247727
6.593620	1.215821
6.406295	1.225614
6.188643	1.171280
6.005740	1.171596
5.792826	1.145061
5.600130	1.150431
5.390376	1.151063
5.203682	1.131793
4.989820	1.096729
4.802811	1.077459
4.586422	1.054399
4.401308	1.052503
4.202294	1.055031
3.992224	0.999749
3.801739	0.978900
3.594196	0.950785
3.392339	0.946994
3.204065	0.961210
2.993995	0.912246
2.799720	0.865809
2.606076	0.846224
2.392215	0.809580
2.196044	0.768830
1.997662	0.767566
1.790434	0.698069
1.598054	0.661109
1.393986	0.585610
1.200027	0.505689
1.005119	0.360061
0.800419	0.210959
0.586874	-0.095763
0.404287	-0.383507
0.192953	-0.700940
0.008154	-0.950781
-0.206312	-1.151665
-0.398352	-1.268215
-0.606184	-1.369605
-0.805804	-1.438145
-1.006056	-1.507317
-1.194937	-1.570172
-1.403717	-1.619130
-1.602074	-1.744208
-1.802325	-1.799798
-2.008894	-1.903399
-2.199354	-1.952672
-2.400554	-2.028793
-2.604912	-2.107125
-2.803900	-2.181035
-2.998151	-2.250523
-3.211668	-2.318432
-3.393285	-2.372127
-3.602696	-2.443510
-3.793473	-2.519947
-4.001305	-2.555954
-4.203452	-2.663977
-4.399913	-2.685455
-4.607430	-2.748310
-4.801364	-2.785581
-5.001300	-2.882864
-5.197130	-2.946035
-5.404646	-3.048056
-5.595738	-3.057531
-5.815258	-3.132389
-5.992136	-3.198402
-6.208497	-3.235042
-6.397062	-3.321902
-6.602683	-3.389494
-6.802303	-3.441611
-7.005713	-3.492779
-7.196489	-3.544895
-7.403059	-3.607750
-7.602678	-3.694610
-7.795981	-3.727459
-8.008236	-3.774521
-8.193327	-3.824742
-8.409687	-3.905917
-8.589408	-3.962770
-8.798504	-4.032574
-8.998440	-4.089744
-9.199324	-4.134595
-9.266284	-4.148177
-9.273549	-4.163970
-9.281761	-4.181973
-9.272601	-4.193344
-9.275128	-4.185764
-9.284920	-4.157337
-9.266284	-4.146598
-9.187321	-4.147861
-9.002862	-4.129858
-8.791871	-4.047420
-8.608675	-3.995304
-8.392315	-3.864540
-8.215436	-3.822215
-7.992443	-3.777048
-7.805773	-3.747358
-7.598257	-3.693978
-7.399268	-3.601433
-7.201543	-3.531629
-7.003187	-3.471933
-6.791564	-3.439715
-6.601419	-3.355066
-6.400852	-3.318427
-6.196178	-3.202824
-6.003191	-3.162711
-5.801676	-3.090380
-5.603951	-3.044266
-5.404331	-3.004468
-5.194603	-2.936875
-4.998142	-2.852226
-4.803891	-2.787160
-4.594796	-2.739150
-4.408757	-2.679453
-4.201557	-2.638077
-3.991197	-2.531634
-3.809581	-2.473516
-3.591326	-2.387604
-3.407814	-2.344016
-3.186400	-2.283056
-3.002257	-2.226202
-2.797899	-2.125760
-2.609650	-2.074908
-2.389183	-1.994997
-2.208514	-1.928983
-2.005420	-1.892028
-1.801378	-1.785269
-1.598599	-1.732206
-1.399295	-1.636186
-1.198411	-1.566698
-1.001318	-1.509212
-0.801066	-1.455517
-0.600499	-1.341493
-0.410038	-1.267268
-0.190520	-1.131766
-0.007324	-0.961520
0.206852	-0.681042
0.392283	-0.387297
0.597299	-0.077128
0.801999	0.183792
1.000065	0.393546
1.197183	0.527486
1.402831	0.594455
1.592368	0.670270
1.794857	0.676272
1.996082	0.757457
2.196360	0.760616
2.404219	0.837695
2.590913	0.838958
2.801615	0.854753
2.987677	0.882868
3.205013	0.925514
3.380967	0.946047
3.607464	0.989008
3.788471	0.982375
4.008650	0.999117
4.190606	1.051240
4.391831	1.041447
4.597163	1.097992
4.797125	1.095149
4.993296	1.121369
5.200207	1.102415
5.400168	1.128634
5.592233	1.157065
5.803251	1.192129
5.988681	1.180125
6.199699	1.170332
6.394607	1.182020
6.597411	1.200658
6.798636	1.238250
6.993544	1.250254
7.193505	1.264153
7.400101	1.238882
7.600062	1.266996
7.790863	1.259731
8.007567	1.315644
8.184153	1.304272
8.402752	1.330491
8.589762	1.288161
8.802991	1.297638
8.990633	1.329859
9.195649	1.368399
9.391504	1.352288
9.599995	1.362713
9.795850	1.361765
9.992021	1.345022
9.792059	1.381666
9.596204	1.367767
9.392451	1.375980
9.190910	1.326700
8.998215	1.314696
8.793514	1.303324
8.602398	1.339020
8.387273	1.306167
8.199315	1.322278
7.983243	1.266049
7.805079	1.254360
7.592481	1.275210
7.396942	1.263206
7.203614	1.262574
6.994175	1.237934
6.792003	1.210135
6.602466	1.187707
6.395554	1.206344
6.194329	1.187707
6.007951	1.199079
5.783350	1.160224
5.599498	1.128950
5.392903	1.129582
5.200207	1.121684
4.995507	1.118841
4.798704	1.106837
4.588318	1.059453
4.404467	1.031970
4.188711	1.025968
3.995383	0.992167
3.811216	1.005435
3.591353	0.953312
3.403395	0.956155
3.192693	0.895504
2.994627	0.884131
2.800351	0.874654
2.600390	0.856648
2.391899	0.810212
2.203625	0.768830
1.991660	0.743558
1.801807	0.692067
1.599318	0.676272
1.398725	0.592244
1.199079	0.512955
0.995642	0.361325
0.797892	0.182528
0.595403	-0.094500
0.400180	-0.384138
0.195796	-0.702520
0.005627	-0.944148
-0.210734	-1.147243
-0.392666	-1.229365
-0.611238	-1.333597
-0.800751	-1.430880
-0.999423	-1.511739
-1.198727	-1.591334
-1.399927	-1.652294
-1.597336	-1.740102
