# Configuration automatically generated by WRITE_CONFIG()
connection eth
ip 192.168.0.10
samplehz 1000.000000
settleus 10.000000
nsample 128

# Analog Inputs
aichannel 0
ainegative 199
airange 10.000000
airesolution 0

aichannel 1
ainegative 199
airange 10.000000
airesolution 0

# Analog Outputs
aochannel 0
aosignal triangle
aofrequency 5.000000
aoamplitude 2.000000
aooffset 2.500000
aoduty 0.500000

# Meta Parameters
int:periods 10
flt:tip_T_C 354.239666
flt:plate_T_C 308.776589
flt:plate_Q_kW 1.350767
flt:cool_Thigh_C 50.744731
flt:cool_Tlow_C 9.106766
flt:air_psig 20.000000
flt:water_gph 7.000000
flt:standoff_in 0.228000
flt:oxygen_scfh 12.519531
flt:fuel_scfh 7.499656
flt:flow_scfh 20.019187
flt:ratio_fto 0.599037

## End Configuration ##
#: Wed Mar 22 17:58:23 2017
-7.401479	-3.448243
-9.432424	-4.028784
-9.436214	-4.016466
-9.403049	-4.015834
-9.366095	-4.020256
-9.191743	-3.974457
-9.009495	-3.909707
-8.794714	-3.854748
-8.588777	-3.755886
-8.402422	-3.727775
-8.200275	-3.664288
-8.004129	-3.642810
-7.799772	-3.565110
-7.598888	-3.527207
-7.404638	-3.433398
-7.206913	-3.385388
-6.996553	-3.278314
-6.811779	-3.234410
-6.591628	-3.166817
-6.406537	-3.107752
-6.193967	-3.049951
-6.000664	-2.977620
-5.795990	-2.926768
-5.603003	-2.882864
-5.399909	-2.825694
-5.204079	-2.774210
-5.000985	-2.721778
-4.800101	-2.628285
-4.605535	-2.597647
-4.404967	-2.527527
-4.200293	-2.498469
-3.997514	-2.410029
-3.805159	-2.335488
-3.594800	-2.262841
-3.405287	-2.206935
-3.201245	-2.159557
-3.004468	-2.097965
-2.799162	-2.019001
-2.606807	-1.946671
-2.393605	-1.869287
-2.213884	-1.838964
-1.996892	-1.782426
-1.796640	-1.690829
-1.600494	-1.633027
-1.394241	-1.509212
-1.201570	-1.475416
-0.995001	-1.392978
-0.805488	-1.338967
-0.606816	-1.221785
-0.402774	-1.096075
-0.196837	-0.884768
-0.012062	-0.692728
0.208432	-0.427410
0.384385	-0.236318
0.606459	-0.001638
0.790942	0.139566
1.011437	0.272242
1.191181	0.316468
1.402831	0.355639
1.591736	0.392914
1.794541	0.423240
1.993555	0.465570
2.199203	0.460832
2.393162	0.453566
2.606076	0.475363
2.796245	0.519588
2.992100	0.530645
3.201222	0.584979
3.392023	0.555600
3.600198	0.548335
3.799528	0.539490
4.001069	0.598878
4.193765	0.617200
4.395306	0.641208
4.586739	0.601405
4.804706	0.587190
4.990452	0.602985
5.202734	0.630783
5.393851	0.691119
5.600762	0.663321
5.794090	0.676904
5.997842	0.610566
6.198120	0.651317
6.399345	0.693962
6.601518	0.734081
6.786001	0.717970
6.997334	0.686065
7.196980	0.628572
7.396310	0.711337
7.590901	0.715443
7.806658	0.776095
7.984823	0.742610
8.199947	0.682906
8.390748	0.675641
8.594816	0.714496
8.796041	0.763775
9.000110	0.789047
9.183645	0.756826
9.400664	0.721129
9.585779	0.704071
9.787952	0.734081
10.002761	0.823795
9.786057	0.788731
9.602522	0.765671
9.388660	0.692383
9.196596	0.705019
8.995687	0.742926
8.796989	0.774516
8.590077	0.748928
8.405279	0.738504
8.185732	0.677852
8.003461	0.681011
7.786757	0.718918
7.605749	0.763143
7.389360	0.714812
7.201719	0.702176
6.987542	0.667111
6.795162	0.675641
6.598990	0.709125
6.399029	0.703123
6.194645	0.681011
6.003528	0.651948
5.790299	0.635206
5.598235	0.623518
5.399221	0.674061
5.196732	0.649421
5.001193	0.638365
4.790807	0.618148
4.599690	0.592560
4.394042	0.587506
4.199767	0.606459
3.996015	0.583083
3.794158	0.599510
3.591353	0.560971
3.400552	0.531908
3.191430	0.553705
2.992732	0.519904
2.800035	0.526854
2.594704	0.492105
2.398849	0.491790
2.198255	0.419765
2.000189	0.442826
1.786960	0.419134
1.597739	0.407761
1.390511	0.360693
1.201922	0.338896
0.982691	0.225490
0.806421	0.163259
0.588453	-0.028486
0.407130	-0.208207
0.193269	-0.444151
0.000573	-0.692097
-0.200311	-0.890769
-0.404353	-1.081861
-0.608079	-1.211361
-0.796329	-1.299485
-1.009215	-1.380344
-1.188620	-1.472573
-1.403085	-1.529427
-1.605232	-1.651347
-1.800746	-1.676615
-2.013316	-1.760633
-2.198407	-1.813380
-2.405292	-1.931194
-2.600174	-1.997839
-2.801689	-2.078066
-3.002573	-2.118180
-3.207562	-2.185141
-3.401813	-2.223044
-3.602381	-2.319063
-3.793473	-2.373390
-4.010465	-2.399922
-4.195871	-2.443194
-4.408757	-2.499100
-4.602376	-2.597647
-4.794732	-2.661766
-5.005091	-2.748626
-5.200921	-2.780211
-5.405910	-2.823483
-5.605530	-2.865492
-5.802308	-2.953299
-6.001296	-3.015207
-6.206601	-3.114385
-6.392008	-3.135231
-6.609316	-3.176924
-6.797881	-3.244517
-7.006977	-3.323165
-7.200595	-3.428029
-7.401795	-3.490884
-7.600152	-3.536683
-7.802614	-3.583745
-8.002866	-3.631123
-8.204698	-3.677238
-8.410003	-3.766625
-8.593830	-3.778311
-8.790607	-3.866751
-8.994018	-3.866119
-9.198060	-3.947609
-9.377465	-3.978247
-9.413157	-4.011412
-9.416631	-4.025310
-9.434003	-4.034785
-9.422948	-4.020572
-9.416947	-4.010149
-9.366410	-3.997830
-9.204693	-3.984880
-8.994018	-3.887281
-8.808295	-3.850642
-8.593199	-3.787471
-8.407475	-3.685134
-8.202802	-3.656076
-8.004445	-3.580586
-7.802299	-3.528155
-7.590044	-3.475091
-7.396110	-3.416026
-7.207544	-3.330745
-7.000028	-3.296633
-6.800092	-3.233146
-6.606789	-3.218933
-6.394535	-3.142180
-6.208812	-3.085326
-5.994979	-3.002257
-5.810204	-2.962775
-5.597950	-2.918871
-5.403067	-2.862017
-5.195867	-2.817482
-5.000353	-2.717040
-4.800417	-2.649447
-4.603008	-2.579328
-4.398650	-2.540162
-4.205978	-2.473200
-3.995935	-2.419189
-3.797579	-2.299165
-3.605539	-2.261578
-3.401497	-2.188931
-3.209141	-2.163031
-2.999414	-2.106809
-2.803584	-2.031952
-2.597647	-1.939406
-2.404660	-1.882552
-2.199354	-1.797588
-2.012053	-1.775794
-1.797903	-1.693671
-1.605864	-1.597020
-1.396136	-1.542061
-1.203465	-1.440672
-0.994369	-1.398979
-0.809279	-1.314962
-0.600183	-1.218626
-0.402458	-1.081545
-0.193994	-0.905614
0.000573	-0.672829
0.198323	-0.454258
0.398916	-0.198732
0.593508	-0.029750
0.797576	0.175894
0.995642	0.253605
1.208240	0.325629
1.395250	0.347741
1.599002	0.370170
1.792330	0.423240
1.996398	0.466518
2.194149	0.469045
2.401376	0.485472
2.591861	0.453566
2.804142	0.506637
2.988941	0.550546
3.202486	0.552757
3.399605	0.599510
3.592616	0.538226
3.799844	0.544544
3.997594	0.570447
4.195344	0.615305
4.393411	0.631099
4.595583	0.640576
4.796177	0.569816
5.001825	0.595087
5.192941	0.640576
5.401116	0.678799
5.585915	0.686697
5.802935	0.677220
5.991524	0.623518
6.197172	0.626677
6.399345	0.696805
6.598043	0.710389
6.797688	0.739135
6.994175	0.701544
7.196980	0.663637
7.397573	0.652264
7.594376	0.744190
7.793074	0.724604
8.005356	0.765039
8.189207	0.697121
8.400540	0.687960
8.588182	0.700912
8.798884	0.753351
8.993792	0.772936
9.194069	0.775147
9.386765	0.719866
9.600310	0.722393
9.785741	0.738820
10.005919	0.768514
9.795534	0.815582
9.593045	0.749876
9.392767	0.746401
9.191226	0.696174
9.001058	0.730922
8.793514	0.765671
8.597343	0.754614
8.393275	0.730290
8.199947	0.722709
7.989877	0.666480
7.803183	0.727131
7.593429	0.724920
7.401049	0.737556
7.182765	0.700912
7.000809	0.682590
6.794846	0.681011
6.596464	0.678799
6.400292	0.705966
6.194961	0.678799
5.993735	0.673429
5.795353	0.650053
5.588442	0.630468
5.397009	0.619411
5.206525	0.665848
4.989820	0.615305
4.806917	0.630468
4.588950	0.594455
4.395306	0.592244
4.185552	0.588769
4.003596	0.603932
3.798896	0.577397
3.602725	0.597299
3.383810	0.540753
3.201222	0.522115
2.988625	0.527486
2.805722	0.518325
2.588386	0.508532
2.404851	0.485788
2.189410	0.451039
1.991660	0.412184
1.797384	0.421345
1.593000	0.386596
1.400620	0.392914
1.197183	0.323417
0.995958	0.248550
0.796628	0.124719
0.601405	0.006890
0.390387	-0.240425
0.205904	-0.439413
-0.007008	-0.688622
-0.196521	-0.895823
-0.406880	-1.077439
-0.600815	-1.216099
-0.805173	-1.310224
-0.999423	-1.379712
-1.204728	-1.467835
-1.401822	-1.546483
-1.604600	-1.608706
-1.804852	-1.684827
-2.003525	-1.718624
-2.211041	-1.822540
-2.395816	-1.881289
-2.609965	-1.975414
-2.796951	-2.016791
-3.006995	-2.077435
-3.200298	-2.119443
-3.404340	-2.197144
-3.599854	-2.244206
-3.804843	-2.334856
-3.995304	-2.392342
-4.209769	-2.448564
-4.393912	-2.506049
-4.606798	-2.579328
-4.799785	-2.682296
-4.994983	-2.719567
-5.204079	-2.801057
-5.397698	-2.821904
-5.606793	-2.873072
-5.800097	-2.944455
-6.005718	-3.023735
-6.204391	-3.085642
-6.405906	-3.176609
-6.597313	-3.213248
-6.816516	-3.280525
-6.993711	-3.314953
-7.214809	-3.373070
-7.388845	-3.399286
-7.602994	-3.474459
-7.788085	-3.523733
-8.005077	-3.577428
-8.198696	-3.652286
-8.408108	-3.732828
-8.594778	-3.829480
-8.803557	-3.881596
-8.992754	-3.951400
-9.208483	-3.972246
-9.364515	-4.005727
-9.406208	-4.015203
-9.423265	-4.027836
-9.414104	-4.046156
-9.407156	-4.047420
-9.406839	-4.020256
-9.380939	-3.982669
-9.196481	-3.947609
-9.003178	-3.911918
-8.792502	-3.848115
-8.607728	-3.831375
-8.397368	-3.732512
-8.204065	-3.627333
-8.009815	-3.617542
-7.802930	-3.552791
-7.597940	-3.523101
-7.402111	-3.444769
-7.206281	-3.364542
-7.001923	-3.300108
-6.807041	-3.277366
-6.599208	-3.208194
-6.402431	-3.174082
-6.197757	-3.082168
-6.006350	-3.035106
-5.798833	-2.947298
-5.611847	-2.940981
-5.397698	-2.869282
-5.205342	-2.792845
-4.998774	-2.709460
-4.797890	-2.615967
-4.601112	-2.576485
-4.405914	-2.536371
-4.191449	-2.493415
-4.008254	-2.422980
-3.795368	-2.343384
-3.598274	-2.242627
-3.411604	-2.232835
-3.199034	-2.138079
-3.009206	-2.107125
-2.796635	-2.006683
-2.604912	-1.939406
-2.399606	-1.849072
-2.200618	-1.832332
-2.000682	-1.729995
-1.812117	-1.697462
-1.591966	-1.611233
-1.411929	-1.527532
-1.189567	-1.453938
-1.012373	-1.389819
-0.799487	-1.319384
-0.606500	-1.221785
-0.399615	-1.099233
-0.195257	-0.899613
0.000573	-0.694939
0.198323	-0.434043
0.397021	-0.221157
0.592560	-0.010798
0.798524	0.151570
0.998801	0.278876
1.192761	0.312677
1.408201	0.349637
1.587630	0.370170
1.796437	0.418186
1.995766	0.466834
2.196044	0.486735
2.395058	0.488315
2.596915	0.463675
2.795613	0.498107
3.000945	0.529065
3.193957	0.587506
3.387600	0.574554
3.602093	0.586242
3.790367	0.520220
4.002332	0.584347
4.192185	0.595087
4.405415	0.657003
4.591477	0.623518
4.801547	0.613409
4.991716	0.583083
5.207472	0.614673
5.385005	0.659530
5.605816	0.703755
5.783665	0.658898
6.007003	0.664584
6.190854	0.616568
6.406295	0.669007
6.598675	0.736608
6.798636	0.716707
6.992912	0.708178
7.197612	0.676588
7.387781	0.660162
7.600694	0.716075
7.794338	0.748296
7.991140	0.738820
8.198051	0.741663
8.386642	0.683854
8.606504	0.706914
8.793830	0.734397
9.004216	0.776411
9.187119	0.757457
9.395611	0.752719
9.589254	0.723341
9.797745	0.736292
9.986335	0.772304
9.795218	0.785572
9.596204	0.764407
9.400981	0.743558
9.187752	0.723341
8.997898	0.701860
8.794462	0.753667
8.589446	0.735029
8.395802	0.732502
8.192050	0.718918
7.993352	0.706282
7.787704	0.689540
7.594692	0.728711
7.395362	0.707546
7.202666	0.721445
6.984383	0.699017
6.805270	0.646578
6.598043	0.698069
6.396818	0.656371
6.197804	0.689856
5.997526	0.673429
5.795669	0.669639
5.595707	0.626361
5.393219	0.629836
5.198311	0.624150
5.007195	0.655107
4.790491	0.629836
4.603165	0.632363
4.388988	0.558128
4.201346	0.601721
3.989697	0.566657
3.805214	0.597614
3.587562	0.582136
3.398341	0.562234
3.198379	0.512639
2.993679	0.521484
2.792770	0.510427
2.605760	0.527486
2.387792	0.492105
2.204573	0.460516
1.992292	0.427031
1.792330	0.387228
1.597423	0.414079
1.391775	0.378699
1.205397	0.332578
1.002908	0.240337
0.798524	0.136407
0.597299	-0.007324
0.396073	-0.209787
0.197059	-0.465629
0.002468	-0.684832
-0.208523	-0.890769
-0.397720	-1.079966
-0.612185	-1.213257
-0.796329	-1.314962
-0.999739	-1.369920
-1.200307	-1.465940
-1.397400	-1.535744
-1.603021	-1.622604
-1.797903	-1.677247
-2.005736	-1.751157
-2.205040	-1.808958
-2.405607	-1.905610
-2.594489	-1.957410
-2.805164	-2.055957
-2.994360	-2.073328
-3.210405	-2.148186
-3.403076	-2.215147
-3.601433	-2.265368
-3.799474	-2.339278
-4.004779	-2.400554
-4.198398	-2.462146
-4.410968	-2.525632
-4.594796	-2.573010
-4.805155	-2.630812
-4.994351	-2.732201
-5.197762	-2.754943
-5.405910	-2.862965
-5.598897	-2.890128
-5.803887	-2.985517
-5.997506	-3.000993
-6.199653	-3.091959
-6.398957	-3.123229
-6.605525	-3.198087
-6.798829	-3.227461
-7.010767	-3.310215
-7.196489	-3.325376
-7.406217	-3.428029
-7.595098	-3.488989
-7.809247	-3.593852
-7.994654	-3.656392
-8.202802	-3.668394
-8.408739	-3.720826
-8.596041	-3.786524
-8.796609	-3.864224
-9.011390	-3.915392
-9.197112	-3.964666
-9.380939	-3.994988
-9.424527	-3.998778
-9.423265	-4.019940
-9.436214	-4.036681
-9.412841	-4.027836
-9.419158	-4.011412
-9.375255	-3.979511
-9.208798	-3.948873
-8.996229	-3.929606
-8.801031	-3.898020
-8.594461	-3.835481
-8.405896	-3.749885
-8.201855	-3.671237
-8.006972	-3.598274
-7.799140	-3.574901
-7.603626	-3.522785
-7.392951	-3.480145
-7.202491	-3.367069
-7.008872	-3.323481
-6.795986	-3.271365
-6.609632	-3.263784
-6.395483	-3.206931
-6.205338	-3.157026
-5.999401	-3.024367
-5.807677	-2.989307
-5.598266	-2.913186
-5.404646	-2.911607
-5.191129	-2.817166
-5.004775	-2.717356
-4.798838	-2.645973
-4.610272	-2.561008
-4.399913	-2.546479
-4.207242	-2.504470
-4.001936	-2.425822
-3.803896	-2.340542
-3.598906	-2.262210
-3.403708	-2.187352
-3.199982	-2.191774
-2.998151	-2.079014
-2.805480	-2.045218
-2.598279	-1.938774
-2.402449	-1.888554
-2.199986	-1.812433
-2.010789	-1.768213
-1.801062	-1.694303
-1.599547	-1.623236
-1.391083	-1.536060
-1.209782	-1.465309
-0.995633	-1.388240
-0.814964	-1.325385
-0.597656	-1.216099
-0.404353	-1.077755
-0.202522	-0.940674
0.003100	-0.678515
0.193585	-0.451731
0.400496	-0.215472
0.593824	-0.008587
0.791574	0.161995
0.997222	0.269715
1.199711	0.350584
1.395250	0.339844
1.601845	0.376804
1.784748	0.416922
2.004927	0.451355
2.193833	0.489894
2.403903	0.490210
2.592176	0.477574
2.804774	0.480733
2.993679	0.534751
3.196800	0.566025
3.395814	0.599510
3.601461	0.554969
3.798264	0.577713
4.002332	0.536963
4.189026	0.617200
4.392779	0.612146
4.602217	0.649105
4.786068	0.607723
5.004036	0.598878
5.196100	0.603301
5.397957	0.656687
5.599183	0.668691
5.796933	0.689224
5.991209	0.646894
6.206333	0.664900
6.390500	0.669007
6.601834	0.700912
6.797057	0.732502
6.995755	0.694278
7.193821	0.718602
7.401049	0.677220
7.596272	0.699017
7.800340	0.727131
7.989245	0.741979
8.193314	0.715443
8.400225	0.734713
8.585971	0.693647
8.807097	0.723657
8.990001	0.740399
9.196596	0.771041
9.386450	0.761880
9.598415	0.748928
9.791427	0.742926
9.991705	0.752719
9.804695	0.758089
9.591782	0.773884
9.389924	0.765039
9.195333	0.748612
8.989054	0.713232
8.797621	0.710705
8.595764	0.753035
8.383482	0.719550
8.207845	0.745769
7.985770	0.715759
7.798129	0.694278
7.596903	0.682906
7.401049	0.712284
7.190662	0.713548
6.997966	0.734081
6.786316	0.677852
6.609731	0.637733
6.393027	0.676904
6.202858	0.672482
5.986786	0.699017
5.800724	0.679115
5.590969	0.643103
5.400168	0.590033
5.199259	0.632047
4.991084	0.630152
4.797757	0.657634
4.598427	0.614673
4.394358	0.610250
4.198187	0.536963
3.997910	0.602985
3.792262	0.587822
3.609675	0.601089
3.393918	0.576765
3.195536	0.515166
2.992732	0.500319
2.800035	0.512323
2.597547	0.517061
2.396322	0.508532
2.192569	0.461148
1.998294	0.412184
1.796752	0.399232
1.588893	0.391019
1.404095	0.394178
1.194656	0.328472
1.001328	0.264029
0.792206	0.120297
0.598562	-0.012062
0.392283	-0.223053
0.204325	-0.459943
-0.005745	-0.701256
-0.191783	-0.898350
-0.407196	-1.079334
-0.598604	-1.195885
-0.816227	-1.301696
-0.990579	-1.369605
-1.206624	-1.453938
-1.398031	-1.561013
-1.597652	-1.600494
-1.809590	-1.700936
-1.999734	-1.748946
-2.210093	-1.830752
-2.400554	-1.886974
-2.597015	-1.956462
-2.804848	-2.001314
-3.001941	-2.105862
-3.194928	-2.119128
-3.415710	-2.213884
-3.590694	-2.273896
-3.807054	-2.354755
-3.995619	-2.410977
-4.205978	-2.487098
-4.398966	-2.530054
-4.606482	-2.602701
-4.796311	-2.644078
-5.006986	-2.692719
-5.196498	-2.789055
-5.408437	-2.838012
-5.602372	-2.919187
-5.803255	-2.948246
-6.002875	-3.010153
-6.195862	-3.049003
-6.400852	-3.147866
-6.599208	-3.187032
-6.802935	-3.265680
-7.000028	-3.301687
-7.206597	-3.349381
-7.395478	-3.398338
-7.605837	-3.500044
-7.795981	-3.556266
-8.010762	-3.619752
-8.199643	-3.677238
-8.407160	-3.698716
-8.603937	-3.788419
-8.800399	-3.837060
-8.998124	-3.919814
-9.196481	-3.957085
-9.374938	-3.988039
-9.427686	-3.993408
-9.411893	-4.037312
-9.397364	-4.061317
-9.387257	-4.068582
-9.381572	-4.044261
-9.380308	-4.003200
-9.193954	-3.936239
-9.007915	-3.944451
-8.793450	-3.896441
-8.602674	-3.844009
-8.397684	-3.769468
-8.203750	-3.661445
-7.998760	-3.608382
-7.811142	-3.586588
-7.585938	-3.553423
-7.407480	-3.479829
-7.195858	-3.394232
-7.003502	-3.284315
-6.807988	-3.259678
-6.590996	-3.200929
-6.404642	-3.161763
-6.197442	-3.062269
-5.995610	-2.995308
-5.807361	-2.927083
-5.601740	-2.917292
-5.397698	-2.857911
-5.207869	-2.818745
-4.989298	-2.717988
-4.805470	-2.638077
-4.597954	-2.584065
-4.400861	-2.544584
-4.199977	-2.502575
-4.002252	-2.418242
-3.802316	-2.339594
-3.599538	-2.257472
-3.402445	-2.206619
-3.207878	-2.160504
-3.005100	-2.110915
-2.799162	-2.026898
-2.607754	-1.960884
-2.395184	-1.862654
-2.210725	-1.833911
-1.997839	-1.744208
-1.805800	-1.681037
-1.600494	-1.615024
-1.399611	-1.526900
-1.197780	-1.461202
-1.003529	-1.389188
-0.797908	-1.315909
-0.612817	-1.228102
-0.396773	-1.092600
-0.201890	-0.908457
-0.007008	-0.715154
0.210327	-0.427726
0.391967	-0.233792
0.601089	0.000573
0.793154	0.141778
0.998801	0.280772
1.194972	0.325629
1.398725	0.370170
1.585734	0.359429
1.804334	0.419134
1.984710	0.433349
2.210575	0.489262
2.391583	0.485156
2.607971	0.504109
2.790559	0.485472
2.999681	0.513270
3.195536	0.566973
3.395814	0.574554
3.595144	0.572343
3.801423	0.563498
4.002648	0.550230
4.198187	0.603616
4.389620	0.644051
4.596531	0.604564
4.801547	0.643419
4.992348	0.653528
5.196416	0.615936
5.386269	0.639628
5.600762	0.668059
5.794722	0.674693
5.997211	0.679747
6.193697	0.664268
6.402188	0.668375
6.593305	0.692383
6.796741	0.705019
6.995439	0.719866
7.191926	0.698701
7.399469	0.704071
7.598167	0.675641
7.800972	0.723341
7.989561	0.713864
8.198368	0.737872
8.391064	0.733133
8.595448	0.728711
8.791935	0.697437
9.003268	0.740715
9.189015	0.744190
9.400349	0.792838
9.582305	0.767882
9.802168	0.735345
9.993600	0.749244
9.792375	0.730290
9.593045	0.772620
9.394979	0.764091
9.190279	0.761248
8.995371	0.724920
8.790039	0.699017
8.597975	0.706914
8.398013	0.762196
8.185101	0.723972
8.000934	0.753982
7.794970	0.673429
7.603853	0.682274
7.391256	0.690172
7.199192	0.735661
6.991016	0.724288
6.799584	0.711021
6.597727	0.639944
6.405663	0.656371
6.189907	0.669323
6.006055	0.712916
5.786508	0.688276
5.601710	0.646894
5.389744	0.608355
5.203050	0.586242
5.000561	0.650369
4.796809	0.649105
4.595900	0.646578
4.395306	0.594455
4.193133	0.553073
4.002332	0.552757
3.806478	0.593824
3.590721	0.586558
3.404343	0.589401
3.189534	0.533172
2.997470	0.478206
2.798140	0.503478
2.602917	0.510427
2.396637	0.511691
2.195412	0.472836
2.002084	0.418818
1.794541	0.391967
1.593632	0.400812
1.397461	0.360693
1.200658	0.358798
0.998169	0.245075
0.798208	0.157572
0.591612	-0.036067
0.401759	-0.211682
0.192637	-0.462154
0.008470	-0.703151
-0.206628	-0.896139
-0.399299	-1.068279
-0.610922	-1.218310
-0.799487	-1.304539
-1.010794	-1.411613
-1.187988	-1.469415
-1.412877	-1.543640
-1.600810	-1.632396
-1.804852	-1.667771
-1.999419	-1.773898
-2.199670	-1.805800
-2.398975	-1.870866
-2.605228	-1.926456
-2.797899	-2.005736
-3.005100	-2.067011
-3.205983	-2.162400
-3.395812	-2.200302
-3.608698	-2.277686
-3.790946	-2.310220
-4.009833	-2.408134
-4.196503	-2.458039
-4.410020	-2.547110
-4.597638	-2.603964
-4.799153	-2.632391
-4.998457	-2.698720
-5.202184	-2.773578
-5.395487	-2.852858
-5.605530	-2.927083
-5.795990	-2.974777
-6.009192	-3.004784
-6.197442	-3.058795
-6.396746	-3.110595
-6.611527	-3.219881
-6.795038	-3.281472
-7.003818	-3.324744
-7.196489	-3.352540
-7.403059	-3.416342
-7.596361	-3.509203
-7.807984	-3.606171
-7.995286	-3.660498
-8.211330	-3.689556
-8.398948	-3.715141
-8.600779	-3.757465
-8.799767	-3.873068
-9.003809	-3.937502
-9.194269	-4.011096
-9.366095	-4.021835
-9.412525	-4.013623
-9.421053	-4.023730
-9.416315	-4.044577
-9.397680	-4.050262
-9.399260	-4.035101
-9.372727	-3.992461
-9.206272	-3.951400
-9.001914	-3.894546
-8.807980	-3.916972
-8.589724	-3.825058
-8.407475	-3.761887
-8.201539	-3.679449
-8.003182	-3.615015
-7.795350	-3.577112
-7.598888	-3.538578
-7.394530	-3.425818
-7.214493	-3.350328
-6.996238	-3.272944
-6.803882	-3.213248
-6.605842	-3.224934
-6.393587	-3.155130
-6.203443	-3.105541
-5.996558	-3.004468
-5.808309	-2.953299
-5.602372	-2.905605
-5.408437	-2.870545
-5.200289	-2.799794
-4.995299	-2.743572
-4.790625	-2.643762
-4.609957	-2.588171
-4.398650	-2.539214
-4.205347	-2.485203
-3.995619	-2.410029
-3.807686	-2.325696
-3.601433	-2.263473
-3.399602	-2.179456
-3.212300	-2.139026
-3.000362	-2.076171
-2.800742	-2.023423
-2.601121	-1.936879
-2.388867	-1.886974
-2.199986	-1.789059
-2.009526	-1.761896
-1.791586	-1.680405
-1.610917	-1.618182
-1.393925	-1.548694
-1.202833	-1.458676
-0.991527	-1.382239
-0.806436	-1.310856
-0.599235	-1.195885
-0.405932	-1.093232
-0.186729	-0.910352
-0.005429	-0.684516
0.204009	-0.469419
0.394178	-0.188624
0.594455	-0.035751
0.795049	0.164522
0.998169	0.281087
1.199079	0.348057
1.403779	0.356902
1.592684	0.388492
1.791066	0.397969
1.999873	0.463043
2.192569	0.475679
2.396322	0.524959
2.595967	0.495896
2.805090	0.541069
2.986414	0.520220
3.200907	0.551178
3.397709	0.596983
3.598934	0.600457
3.793526	0.584979
4.009598	0.578661
4.190290	0.579924
4.398781	0.625097
4.592424	0.633311
4.794913	0.646578
5.004352	0.675956
5.192941	0.613725
5.400800	0.648789
5.592549	0.659530
5.802619	0.686697
5.989945	0.679747
6.206017	0.699964
6.394607	0.656371
6.601518	0.674377
6.791371	0.705966
6.995123	0.783677
7.189083	0.743558
7.403575	0.715127
7.590586	0.702176
7.798760	0.691751
7.995563	0.735029
8.187943	0.721445
8.394855	0.786520
8.590077	0.734081
8.795094	0.738820
8.994108	0.709125
9.193438	0.767882
9.389608	0.773884
9.598731	0.809580
9.784793	0.759353
10.004340	0.752403
9.787637	0.739767
9.596519	0.782097
9.383290	0.793785
9.200704	0.783045
8.988737	0.739767
8.799832	0.686065
8.590710	0.708178
8.398330	0.740399
8.191734	0.782097
7.984823	0.733133
7.803499	0.712284
7.596588	0.644999
7.398521	0.708178
7.192242	0.719550
6.995123	0.744190
6.789791	0.803262
6.602149	0.669007
6.394922	0.696490
6.201279	0.726184
5.993735	0.699649
5.800408	0.723657
5.586231	0.659530
5.399221	0.625097
5.199891	0.601405
4.990137	0.619727
4.801231	0.659530
4.596847	0.625097
4.396254	0.651001
4.195028	0.556232
3.999173	0.547387
3.796369	0.584031
3.600830	0.611830
3.389496	0.576765
3.206593	0.550862
2.988309	0.486419
2.810776	0.489262
2.588070	0.511691
2.405482	0.516745
2.190358	0.466834
1.997030	0.427663
1.794857	0.397337
1.604688	0.368590
1.403147	0.385017
1.207608	0.346794
0.984902	0.258343
0.804210	0.142094
0.590981	0.001204
0.391335	-0.237898
0.205589	-0.434991
-0.008271	-0.711680
-0.199048	-0.897086
-0.399931	-1.084704
-0.598604	-1.195253
-0.804541	-1.311487
-0.998791	-1.386977
-1.205044	-1.491524
-1.392346	-1.518688
-1.613444	-1.596072
-1.797272	-1.675352
-2.009842	-1.738839
-2.198723	-1.838017
-2.402449	-1.892028
-2.593225	-1.958357
-2.802321	-2.004788
-2.999730	-2.074276
-3.205035	-2.154819
-3.404971	-2.226834
-3.595432	-2.260314
-3.806107	-2.333593
-3.998778	-2.405923
-4.204715	-2.498153
-4.399282	-2.560692
-4.609641	-2.650711
-4.796311	-2.685455
-4.994351	-2.717672
-5.198393	-2.802321
-5.405594	-2.885075
-5.602372	-2.937191
-5.807677	-2.996887
-5.992768	-3.020261
-6.206601	-3.061321
-6.398957	-3.159868
-6.602367	-3.213248
-6.809252	-3.311478
-6.994027	-3.327271
-7.210071	-3.387915
-7.395794	-3.410341
-7.598572	-3.525944
-7.792191	-3.596063
-8.004445	-3.673448
-8.196801	-3.658918
-8.411582	-3.713877
-8.596673	-3.765677
-8.809559	-3.901495
-8.994650	-3.980458
-9.212905	-4.039839
-9.345564	-4.035417
-9.400522	-4.031311
-9.408419	-4.040787
-9.396732	-4.070477
-9.387257	-4.068266
-9.396417	-4.039207
-9.371464	-3.998146
-9.200903	-3.936239
-8.988016	-3.901495
-8.798504	-3.856643
-8.604885	-3.841166
-8.394526	-3.759360
-8.207224	-3.686714
-7.997497	-3.618805
-7.804825	-3.585008
-7.598257	-3.536051
-7.397689	-3.476039
-7.202491	-3.391074
-7.007293	-3.319691
-6.793459	-3.253361
-6.601419	-3.191454
-6.399904	-3.156078
-6.195862	-3.080904
-6.001296	-3.030368
-5.798517	-2.947298
-5.606162	-2.920450
-5.399909	-2.853489
-5.205342	-2.805795
-4.995299	-2.730622
-4.802628	-2.661766
-4.599217	-2.574274
-4.410968	-2.537003
-4.195555	-2.446669
-4.005411	-2.434350
-3.784629	-2.329171
-3.604907	-2.255893
-3.405287	-2.210725
-3.201561	-2.124497
-3.002573	-2.085331
-2.806427	-2.009842
-2.595436	-1.965306
-2.399922	-1.910348
-2.200302	-1.837701
-2.005736	-1.751789
-1.807063	-1.711359
-1.591650	-1.602705
-1.410350	-1.568593
-1.187672	-1.458044
-1.000686	-1.400242
-0.802014	-1.289693
-0.607448	-1.202833
-0.389508	-1.072070
-0.209155	-0.909720
0.008154	-0.682621
0.193585	-0.451100
0.403023	-0.214524
0.588138	-0.024696
0.804210	0.154414
0.996906	0.259922
1.201606	0.315836
1.401252	0.395126
1.593948	0.384701
1.794857	0.411868
1.992292	0.423240
2.194149	0.479154
2.402955	0.479470
2.593756	0.511059
2.796876	0.507584
3.009790	0.514218
3.187955	0.546439
3.400552	0.558759
3.591985	0.587190
3.801107	0.582451
3.999805	0.596667
4.190606	0.571711
4.392147	0.590033
4.606008	0.596983
4.789227	0.651317
4.996770	0.640260
5.204313	0.652264
5.391639	0.604880
5.596655	0.659214
5.793774	0.635838
5.998790	0.710073
6.190538	0.688592
6.409770	0.670586
6.594884	0.662373
6.799584	0.682274
6.985014	0.713548
7.202034	0.750508
7.391256	0.713864
7.601642	0.709125
7.787388	0.663005
8.001565	0.693331
8.194577	0.759984
8.394223	0.742926
8.596711	0.762512
8.795094	0.706914
8.992212	0.683538
9.199123	0.733449
9.388029	0.782413
9.599047	0.777359
9.795850	0.797260
9.987598	0.709125
9.800904	0.715759
9.588306	0.740399
9.400033	0.807685
9.183645	0.788099
8.999162	0.753667
8.792566	0.674061
8.596395	0.685433
8.395170	0.713232
8.197736	0.762512
7.988929	0.770725
7.794970	0.711968
7.590901	0.658266
7.402312	0.669639
7.194453	0.733765
6.984067	0.722709
6.805586	0.729975
6.598675	0.682274
6.399661	0.634258
6.194329	0.650053
5.994367	0.702492
5.793458	0.687329
5.598235	0.678484
5.387217	0.612146
5.204945	0.596035
4.998981	0.619095
4.796809	0.623518
4.595268	0.660162
4.398781	0.602985
4.190606	0.583083
4.000753	0.543912
3.795421	0.579924
3.599250	0.580556
3.395498	0.596983
3.195852	0.521484
3.000945	0.537910
2.793086	0.469045
2.603865	0.522747
2.393794	0.479470
2.203941	0.486103
1.983131	0.432085
1.798648	0.415027
1.588262	0.375856
1.400620	0.368906
1.194656	0.332262
1.002592	0.268768
0.788099	0.137987
0.603301	-0.000375
0.381858	-0.223684
0.208432	-0.471946
0.001836	-0.668407
-0.206628	-0.920459
-0.399615	-1.078387
-0.608395	-1.219258
-0.804225	-1.315593
-0.998791	-1.406875
-1.200622	-1.472573
-1.401822	-1.548062
-1.598283	-1.587544
-1.809590	-1.685459
-1.990259	-1.764423
-2.212936	-1.855705
-2.389183	-1.906242
-2.604596	-1.971308
-2.799162	-2.035742
-3.002257	-2.104282
-3.206931	-2.202197
-3.405919	-2.252734
-3.599222	-2.304218
-3.805475	-2.321906
-4.000357	-2.381603
-4.202188	-2.448564
-4.399597	-2.547110
-4.598586	-2.570800
-4.807365	-2.635550
-4.994668	-2.666503
-5.203131	-2.742624
-5.402120	-2.831064
-5.608373	-2.904658
-5.795674	-2.933400
-5.999401	-3.001941
-6.185439	-3.017734
-6.405590	-3.127335
-6.594787	-3.238832
-6.804198	-3.287473
-7.001291	-3.363595
-7.208808	-3.364542
-7.396741	-3.431503
-7.600152	-3.497517
-7.801351	-3.589115
-8.001919	-3.649759
-8.202802	-3.690188
-8.399896	-3.689872
-8.601727	-3.769152
-8.795030	-3.816214
-9.002546	-3.939397
-9.199007	-3.951400
-9.374622	-4.001621
-9.417579	-4.000357
-9.438109	-4.012360
-9.422632	-4.035417
-9.418210	-4.034153
-9.423265	-4.002884
-9.380939	-3.979195
-9.188269	-3.930869
-9.002230	-3.913181
-8.791555	-3.883491
-8.598252	-3.800421
-8.405581	-3.750201
-8.198696	-3.634282
-8.007288	-3.586272
-7.796929	-3.533208
-7.602047	-3.500991
-7.395478	-3.438136
-7.198385	-3.383178
-6.996870	-3.293159
-6.806409	-3.242622
-6.595102	-3.180715
-6.407169	-3.121334
-6.193336	-3.058479
-6.006033	-2.984569
-5.794095	-2.925188
-5.609636	-2.870229
-5.399909	-2.835801
-5.195867	-2.778948
-5.000353	-2.734412
-4.795363	-2.669030
-4.599533	-2.627337
-4.401176	-2.522474
-4.204399	-2.478886
-4.003200	-2.384761
-3.808318	-2.365178
-3.590062	-2.255261
-3.412552	-2.214831
-3.198718	-2.138395
-3.009521	-2.063853
-2.796951	-2.010789
-2.603964	-1.952988
-2.393921	-1.886974
-2.207251	-1.846229
-1.990575	-1.743576
-1.813064	-1.680090
-1.597652	-1.631132
-1.402769	-1.537639
-1.198727	-1.492156
-1.000371	-1.394241
-0.806436	-1.314014
-0.603973	-1.203465
-0.403405	-1.084704
-0.201574	-0.902456
-0.000059	-0.702520
0.204325	-0.424884
0.392283	-0.240109
0.599826	0.001520
0.792522	0.132933
0.999433	0.267504
1.191181	0.317415
1.405042	0.362588
1.592368	0.412184
1.801807	0.397337
1.993871	0.425136
2.199519	0.462095
2.396006	0.479154
2.603233	0.513586
2.794349	0.534119
2.996838	0.554021
3.201538	0.550546
3.390444	0.536647
3.603357	0.586242
3.791314	0.588453
4.000753	0.612146
4.188711	0.561286
4.398781	0.583399
4.594636	0.595403
4.802179	0.659530
4.990452	0.657003
5.202734	0.646262
5.387217	0.617832
5.600446	0.622570
5.788088	0.667743
6.005108	0.685117
6.196856	0.719550
6.396818	0.685433
6.596464	0.651001
6.790107	0.650369
6.996387	0.712600
7.191926	0.730606
7.391888	0.755562
7.599115	0.688592
7.804131	0.665216
7.983875	0.667743
8.203106	0.750508
8.386957	0.769777
8.600502	0.771041
8.790356	0.723972
8.997898	0.681958
9.185856	0.706282
9.395294	0.789995
9.583568	0.783045
9.802799	0.795997
9.989809	0.739135
9.792375	0.678799
9.594309	0.747349
9.389924	0.771673
9.191858	0.794101
8.994740	0.747033
8.805834	0.692383
8.590077	0.677852
8.394539	0.720814
8.193629	0.752403
7.993668	0.760300
7.794970	0.710073
7.603537	0.668375
7.383358	0.650685
7.210564	0.719866
6.985014	0.743874
6.793898	0.714496
6.602149	0.694910
6.394290	0.634258
6.196540	0.646262
5.997526	0.667743
5.792194	0.697121
5.602657	0.659846
5.397009	0.647526
5.189150	0.597299
5.007511	0.620359
4.786068	0.621622
4.606324	0.646262
4.389304	0.598246
4.200715	0.603932
3.995383	0.553389
3.801739	0.576134
3.594196	0.569816
3.406238	0.585926
3.187323	0.543912
2.999681	0.525590
2.792138	0.493369
2.611130	0.486103
2.384001	0.494001
2.202046	0.468729
1.997030	0.461780
1.791698	0.407761
1.594580	0.388492
1.400304	0.348689
1.196552	0.334158
0.994379	0.251077
0.786204	0.161363
0.596983	-0.020590
0.403023	-0.205996
0.191689	-0.448573
0.004363	-0.688622
-0.205681	-0.901192
-0.401510	-1.091968
-0.604605	-1.206939
-0.801382	-1.320331
-1.003213	-1.411297
-1.196516	-1.479838
-1.404980	-1.537639
-1.600810	-1.609654
-1.794745	-1.662718
-2.005104	-1.763159
-2.198407	-1.795692
-2.401501	-1.892028
-2.598911	-1.898345
-2.808006	-1.987100
-2.996256	-2.058483
-3.205667	-2.151345
-3.403392	-2.211989
-3.603328	-2.258103
-3.792209	-2.293795
-4.010465	-2.373075
-4.194292	-2.445405
-4.418865	-2.567957
-4.594480	-2.615651
-4.800733	-2.631128
-5.000037	-2.706933
-5.194603	-2.754311
-5.402751	-2.869282
-5.603319	-2.938454
-5.796938	-2.994045
-6.000348	-3.019629
-6.198073	-3.045529
-6.398009	-3.086274
-6.608684	-3.229988
-6.792196	-3.259678
-7.016137	-3.336115
-7.196174	-3.362963
-7.401795	-3.434978
-7.596993	-3.486462
-7.804510	-3.580586
-7.996549	-3.645968
-8.206593	-3.705665
-8.398000	-3.751464
-8.601411	-3.786524
-8.790292	-3.862961
-9.003809	-3.938766
-9.196481	-3.982985
-9.372096	-4.002568
-9.413789	-4.011096
-9.420106	-4.023099
-9.416947	-4.052157
-9.384730	-4.067950
-9.372727	-4.061001
-9.355671	-4.032890
-9.192059	-3.969719
-8.996229	-3.884439
-8.807980	-3.853485
-8.590672	-3.786524
-8.408108	-3.720826
-8.200591	-3.667447
-8.003814	-3.564162
-7.806721	-3.533208
-7.604258	-3.461509
-7.388529	-3.427081
-7.205649	-3.360752
-7.003187	-3.323481
-6.801040	-3.242938
-6.605525	-3.190822
-6.397693	-3.091012
-6.207233	-3.078062
-5.993083	-2.991834
-5.811467	-2.991834
-5.598266	-2.900236
-5.407489	-2.864544
-5.197130	-2.792213
-5.000985	-2.742309
-4.791257	-2.673768
-4.613747	-2.603017
-4.395491	-2.512366
-4.207242	-2.464988
-3.993408	-2.376233
-3.811476	-2.341489
-3.593852	-2.300744
-3.408130	-2.221148
-3.211037	-2.160188
-2.997519	-2.058799
-2.804848	-2.006999
-2.605228	-1.955199
-2.395500	-1.897082
-2.207883	-1.828225
-2.002893	-1.764107
-1.797588	-1.668087
-1.610602	-1.628921
-1.393610	-1.552800
-1.204728	-1.489629
-0.987421	-1.407823
-0.812753	-1.315593
-0.599551	-1.217363
-0.404037	-1.082493
-0.201890	-0.905614
-0.000059	-0.693044
0.201798	-0.454258
0.397653	-0.216420
0.602669	-0.007324
0.795049	0.153782
1.000697	0.231808
1.200658	0.342687
1.392091	0.361957
1.602161	0.413763
1.790434	0.426083
1.996398	0.423556
2.192569	0.445353
2.405482	0.482313
2.598494	0.504109
2.808565	0.562866
2.983571	0.518957
3.199959	0.507268
3.399289	0.557496
3.592932	0.562550
3.799844	0.623834
4.003596	0.591612
4.190606	0.606459
4.395622	0.547387
4.597479	0.602669
4.795229	0.623834
5.001193	0.673429
5.188203	0.642156
5.406170	0.634258
5.585599	0.586242
5.802619	0.665848
5.991524	0.673429
6.204438	0.732502
6.393659	0.703123
6.601202	0.648158
6.792003	0.651948
6.998598	0.692383
7.185924	0.737872
7.401996	0.756826
7.596903	0.706914
7.808553	0.657319
7.992404	0.683538
8.190786	0.707862
8.399909	0.779570
8.589446	0.757773
8.799517	0.744822
8.997267	0.682590
9.199123	0.698069
9.394031	0.758721
9.594309	0.802946
9.787952	0.777675
9.999602	0.756826
9.786689	0.707546
9.602838	0.717655
9.382343	0.782097
9.197544	0.787783
8.988106	0.765987
8.798569	0.706282
8.597975	0.690488
8.393591	0.688592
8.190786	0.771357
7.992720	0.745137
7.804131	0.713864
7.599431	0.692067
7.391888	0.685117
7.192558	0.666480
7.002073	0.751139
6.784105	0.712284
6.605940	0.687645
6.391763	0.672482
6.202226	0.640260
5.991524	0.648474
5.799144	0.704387
5.584967	0.660162
5.401432	0.655107
5.193257	0.618779
4.998666	0.590665
4.797757	0.638049
4.593372	0.607091
4.398465	0.617200
4.195660	0.579292
3.999805	0.580872
3.798264	0.556864
3.597671	0.580240
3.393918	0.557812
3.199011	0.561918
2.993047	0.512955
2.806985	0.515482
2.592808	0.473783
2.402955	0.494633
2.188778	0.454830
1.994503	0.444721
1.794541	0.436508
1.590157	0.379015
1.403147	0.357218
1.192129	0.324049
0.998169	0.260870
0.802314	0.143989
0.595087	-0.010167
0.393546	-0.224000
0.203377	-0.421725
-0.008903	-0.699993
-0.199048	-0.908141
-0.410038	-1.094811
-0.598604	-1.218310
-0.811805	-1.329175
-0.992158	-1.406244
-1.203149	-1.482365
-1.399611	-1.541114
-1.606811	-1.611233
-1.796640	-1.692408
-2.010789	-1.758737
-2.200302	-1.853810
-2.411925	-1.899293
-2.591962	-1.952356
-2.806427	-1.998787
-3.008258	-2.094175
-3.193665	-2.166821
-3.400549	-2.257788
-3.596695	-2.267579
-3.800105	-2.334540
-4.006359	-2.372443
-4.199346	-2.478570
-4.400229	-2.528475
-4.615642	-2.637445
-4.788730	-2.639024
-5.004459	-2.692088
-5.199657	-2.757785
-5.409384	-2.829484
-5.609004	-2.912554
-5.807677	-2.962143
-5.997821	-2.986464
-6.205970	-3.059427
-6.395483	-3.129862
-6.609316	-3.205351
-6.805146	-3.302319
-7.003502	-3.330745
-7.207229	-3.403708
-7.392635	-3.417606
-7.604889	-3.514889
-7.796613	-3.571427
-8.004129	-3.656392
-8.202802	-3.698084
-8.404949	-3.747989
-8.595094	-3.767572
-8.806400	-3.809265
-8.991807	-3.875279
-9.208483	-3.964350
-9.358198	-4.010149
-9.399891	-4.032574
-9.427686	-4.028468
-9.443794	-4.015203
-9.445374	-4.006359
-9.417579	-4.001936
-9.371779	-3.997199
-9.202166	-3.961191
-8.998124	-3.923920
-8.798504	-3.832639
-8.602990	-3.826005
-8.398632	-3.741356
-8.215436	-3.704401
-7.991811	-3.645021
-7.809247	-3.576164
-7.588781	-3.485514
-7.403374	-3.452981
-7.199332	-3.390442
-7.006661	-3.341800
-6.798197	-3.267575
-6.607421	-3.183873
-6.391376	-3.117860
-6.202811	-3.038580
-5.992768	-2.989307
-5.809572	-2.939086
-5.603319	-2.906869
-5.401804	-2.800110
-5.203447	-2.755259
-4.994668	-2.689877
-4.802312	-2.645973
-4.606482	-2.589435
-4.406546	-2.529738
-4.204715	-2.432771
-4.005095	-2.391078
-3.794104	-2.330118
-3.599222	-2.295058
-3.401813	-2.223675
-3.206615	-2.123865
-3.002573	-2.067327
-2.801689	-1.994365
-2.601437	-1.963095
-2.398343	-1.907505
-2.205040	-1.849704
-2.003209	-1.757790
-1.806747	-1.687038
-1.598283	-1.616603
-1.398663	-1.588176
-1.194305	-1.455517
-1.010794	-1.407191
-0.795065	-1.301696
-0.613765	-1.231260
-0.394562	-1.081545
-0.207576	-0.896454
0.000888	-0.689254
0.199271	-0.446046
0.403023	-0.225579
0.593192	-0.000375
0.805789	0.152202
0.985218	0.230228
1.205397	0.315204
1.399356	0.396705
1.588578	0.392598
1.798332	0.443773
1.992923	0.407130
2.199203	0.449775
2.396637	0.466202
2.601022	0.523063
2.800983	0.534119
2.997470	0.555284
3.186691	0.498107
3.405922	0.531276
3.589142	0.565709
3.805846	0.610250
3.990960	0.618464
4.200715	0.596035
4.396254	0.551494
4.595900	0.581820
4.794598	0.636154
4.999298	0.659846
5.195785	0.671218
5.394483	0.627624
5.588442	0.605828
5.795985	0.621622
5.996894	0.708178
6.192433	0.703123
6.408190	0.720182
6.594884	0.668691
6.797057	0.637101
6.995123	0.685433
7.195401	0.738504
7.396942	0.742926
7.600062	0.724920
7.792758	0.677852
8.007251	0.657634
8.189838	0.735029
8.390432	0.746085
8.599555	0.779886
8.790039	0.722077
9.007059	0.720814
9.190595	0.696805
9.397506	0.765671
9.591149	0.780518
9.795534	0.807053
9.989493	0.746717
9.799956	0.741663
9.584516	0.711653
9.405403	0.764407
9.184592	0.768198
9.005164	0.776095
8.786249	0.723341
8.601450	0.700596
8.392643	0.697121
8.186996	0.729659
7.990193	0.745769
7.811080	0.716391
7.589006	0.701860
7.403575	0.686697
7.187819	0.686065
6.996387	0.691751
6.799268	0.715127
6.594252	0.673113
6.403768	0.705651
6.191486	0.644683
6.000685	0.656055
5.795353	0.663321
5.597603	0.660162
5.393219	0.643103
5.201470	0.645630
4.997086	0.595087
4.799020	0.612146
4.587686	0.619095
4.400044	0.601721
4.184920	0.615936
4.001700	0.578661
3.794473	0.567288
3.590089	0.544544
3.407186	0.554021
3.193009	0.555600
2.996522	0.548651
2.794349	0.505373
2.600074	0.488315
2.395690	0.453882
2.202362	0.477258
1.991660	0.440299
1.803702	0.436192
1.588893	0.408077
1.399988	0.337633
1.192761	0.319311
1.000381	0.253920
0.792522	0.156625
0.599194	-0.000375
0.391019	-0.223053
0.211591	-0.451731
-0.001954	-0.657037
-0.208207	-0.929619
-0.398352	-1.065121
-0.609027	-1.223996
-0.806752	-1.295379
-1.004477	-1.415719
-1.203781	-1.475100
-1.408139	-1.546799
-1.599547	-1.613760
-1.809590	-1.671877
-1.993733	-1.751789
-2.212936	-1.850335
-2.393605	-1.886659
-2.608386	-1.946355
-2.788107	-1.987100
-3.003520	-2.058483
-3.200298	-2.156714
-3.403392	-2.206619
-3.602381	-2.278634
-3.799158	-2.325696
-4.001621	-2.391078
-4.200925	-2.461198
-4.399913	-2.545531
-4.608061	-2.587856
-4.803259	-2.657660
-4.990561	-2.698089
-5.208185	-2.787476
-5.395171	-2.864228
-5.608373	-2.916976
-5.802308	-2.969724
-6.001612	-3.027525
-6.196810	-3.077430
-6.404642	-3.116912
-6.594155	-3.196192
-6.798829	-3.254941
-7.003187	-3.331061
-7.205649	-3.369596
-7.395478	-3.470669
-7.601099	-3.496569
-7.803878	-3.583113
-7.994338	-3.608382
-8.206593	-3.689240
-8.398316	-3.740409
-8.603937	-3.802316
-8.795977	-3.838956
-9.005073	-3.902127
-9.195848	-3.956138
-9.358198	-4.030995
-9.374622	-4.046788
-9.413472	-4.049314
-9.428949	-4.032574
-9.422001	-4.022151
-9.385677	-4.044577
-9.334825	-4.057211
-9.202166	-4.039207
-9.002230	-3.952663
-8.796293	-3.860434
-8.600779	-3.793157
-8.402738	-3.776416
-8.203750	-3.707244
-8.000655	-3.660814
-7.789032	-3.550896
-7.603942	-3.483935
-7.382528	-3.393601
-7.209124	-3.374018
-6.998765	-3.317164
-6.802935	-3.254941
-6.600472	-3.169028
-6.408116	-3.101435
-6.196178	-3.068586
-6.002244	-3.040475
-5.800728	-2.982358
-5.606478	-2.934032
-5.396119	-2.861070
-5.195235	-2.732201
-5.003195	-2.734412
-4.791573	-2.674716
-4.608377	-2.633655
-4.398334	-2.547426
-4.204083	-2.460566
-4.000673	-2.366441
-3.805791	-2.326644
-3.591957	-2.257788
-3.414763	-2.226518
-3.198402	-2.137131
-3.010153	-2.064169
-2.796320	-2.032899
-2.608070	-1.975414
-2.392973	-1.925193
-2.207251	-1.847177
-2.008262	-1.778320
-1.800430	-1.667140
-1.602389	-1.616603
-1.402453	-1.541114
-1.203781	-1.494051
-0.993422	-1.384134
-0.800435	-1.327596
-0.603341	-1.181671
-0.409091	-1.095127
-0.193678	-0.869923
-0.005429	-0.681989
0.202745	-0.446678
0.394178	-0.228106
0.601089	0.003100
0.791574	0.147148
1.000697	0.241916
1.192129	0.306675
1.403147	0.382490
1.591736	0.431138
1.792962	0.417870
1.997030	0.445353
2.189410	0.410289
2.399796	0.476311
2.594072	0.508532
2.803195	0.559707
2.993995	0.541385
3.196800	0.524327
3.392023	0.510427
3.601461	0.565393
3.790367	0.599826
4.011493	0.621622
4.186183	0.587506
4.402572	0.578661
4.592424	0.578661
4.790175	0.610250
5.000877	0.680379
5.193573	0.662373
5.390376	0.657950
5.600130	0.603616
5.795985	0.625413
5.995631	0.675009
6.197172	0.729659
6.387025	0.684801
6.610679	0.699964
6.782842	0.650053
7.001757	0.680695
7.189399	0.719550
7.398837	0.749244
7.593429	0.715443
7.800972	0.709441
7.987666	0.671534
8.200263	0.703439
8.393591	0.761880
8.598923	0.756510
8.787196	0.750192
9.002321	0.723972
9.183645	0.719866
9.395611	0.725236
9.595888	0.788731
9.788900	0.774200
9.998970	0.766618
9.793323	0.753035
9.593677	0.726500
9.392136	0.735661
9.192174	0.772304
8.994740	0.737872
8.803307	0.754930
8.583128	0.728079
8.396434	0.702492
8.193314	0.732186
7.992404	0.723657
7.797813	0.733449
7.597535	0.713232
7.395046	0.704703
7.197296	0.674693
6.997334	0.700912
6.788528	0.680063
6.604361	0.713232
6.393659	0.685433
6.204438	0.680379
5.989629	0.628256
5.800408	0.669639
5.588758	0.644051
5.406170	0.657319
5.193573	0.657950
5.000561	0.610250
4.790807	0.590665
4.596531	0.600142
4.386461	0.606144
4.201662	0.618464
3.988433	0.593192
3.805846	0.566657
3.596407	0.556864
3.391391	0.526222
3.202170	0.567288
2.988941	0.547703
2.801931	0.530013
2.597547	0.471572
2.398217	0.456093
2.200466	0.444721
1.996082	0.467782
1.786328	0.422924
1.597423	0.407446
1.390827	0.345530
1.203185	0.295619
0.984586	0.252025
0.801051	0.158204
0.599194	-0.017115
0.395757	-0.209155
0.198007	-0.439729
-0.002270	-0.680726
-0.203154	-0.904983
-0.401195	-1.095759
-0.609343	-1.204097
-0.801382	-1.328228
-1.004161	-1.394873
-1.205992	-1.496578
-1.392346	-1.544904
-1.611233	-1.601126
-1.803589	-1.676299
-2.006052	-1.750841
-2.201881	-1.827278
-2.400238	-1.894239
-2.599858	-1.937511
-2.808322	-2.017107
-2.988675	-2.071749
-3.206931	-2.111863
-3.406867	-2.222728
-3.596379	-2.254945
-3.802948	-2.352228
-4.001305	-2.384761
-4.202188	-2.466568
-4.404335	-2.531949
-4.602692	-2.615335
-4.799153	-2.655764
-5.006354	-2.734728
-5.190813	-2.751784
-5.410648	-2.846225
-5.592264	-2.878758
-5.812731	-2.987412
-5.989294	-3.003520
-6.205970	-3.085011
-6.393903	-3.141233
-6.603314	-3.184821
-6.799776	-3.247992
-7.006345	-3.324113
-7.200280	-3.377492
-7.404953	-3.437189
-7.593203	-3.478250
-7.808616	-3.534156
-8.001287	-3.629860
-8.197748	-3.678501
-8.410634	-3.767572
-8.598568	-3.817793
-8.803557	-3.866751
-8.991491	-3.913497
-9.202166	-3.970351
-9.365147	-4.018992
-9.403365	-4.029732
-9.415051	-4.029416
-9.455482	-4.011728
-9.443479	-3.997514
-9.412525	-4.010780
-9.358198	-4.017097
-9.203429	-3.980143
-8.996861	-3.932448
-8.800399	-3.834533
-8.599832	-3.777364
-8.402422	-3.741672
-8.203750	-3.722721
-7.995602	-3.669657
-7.803562	-3.604591
-7.594782	-3.483935
-7.406848	-3.465616
-7.194594	-3.395180
-7.016768	-3.381598
-6.795038	-3.312742
-6.602051	-3.208194
-6.401799	-3.144075
-6.204074	-3.086590
-5.995295	-3.041739
-5.817153	-3.006047
-5.586895	-2.911922
-5.410016	-2.821904
-5.196814	-2.733149
-4.996878	-2.677558
-4.804839	-2.692088
-4.602376	-2.593225
-4.408757	-2.551848
-4.197766	-2.431508
-4.001305	-2.392342
-3.799158	-2.333277
-3.603328	-2.312114
-3.401813	-2.228097
-3.209141	-2.169033
-2.992149	-2.079014
-2.804532	-2.036690
-2.595436	-1.964043
-2.410029	-1.938459
-2.196512	-1.854757
-2.007315	-1.764107
-1.802641	-1.699988
-1.603021	-1.618182
-1.402453	-1.561960
-1.198411	-1.485207
-0.998160	-1.389188
-0.804857	-1.296958
-0.603973	-1.210098
-0.401195	-1.061646
-0.213577	-0.902772
0.013524	-0.670618
0.196743	-0.440360
0.396389	-0.217999
0.590033	-0.003849
0.801683	0.149043
0.994695	0.236230
1.203501	0.296566
1.394618	0.367959
1.597423	0.414079
1.795805	0.451355
1.990712	0.419450
2.202046	0.443773
2.400112	0.449144
2.590913	0.524327
2.796245	0.529381
3.003156	0.551178
3.185743	0.522747
3.401500	0.528433
3.595144	0.547071
3.797001	0.609618
4.002332	0.600773
4.199135	0.639313
4.382354	0.565393
4.606324	0.592560
4.788280	0.614041
5.001193	0.644051
5.198943	0.678168
5.394166	0.637101
5.593181	0.639313
5.797249	0.627940
5.996894	0.658266
6.202226	0.716391
6.396818	0.704387
6.596779	0.668059
6.799584	0.695542
6.987857	0.655739
7.201719	0.717970
7.392203	0.725868
7.602273	0.723657
7.795286	0.726500
7.995247	0.709125
8.194577	0.687013
8.399277	0.728395
8.594185	0.745453
8.800464	0.738820
8.990633	0.735977
9.205757	0.733133
9.383923	0.739451
9.595572	0.755878
9.798693	0.788415
9.986650	0.768830
9.804063	0.767566
9.589570	0.731554
9.389293	0.729659
9.190595	0.737240
8.998530	0.752087
8.791303	0.730290
8.602082	0.757457
8.384114	0.690803
8.198999	0.686697
7.990825	0.732818
7.804447	0.725552
7.590901	0.730922
7.400101	0.732818
7.191926	0.678168
6.997334	0.670270
6.797057	0.689856
6.602466	0.683538
6.397766	0.729027
6.196856	0.666795
5.995631	0.650369
5.795353	0.618464
5.596024	0.672797
5.383742	0.649105
5.203366	0.667743
4.997718	0.622570
4.801547	0.582136
4.591793	0.574870
4.393726	0.619727
4.190606	0.609303
4.003912	0.626993
3.791946	0.556548
3.602725	0.535067
3.396130	0.546439
3.195536	0.535067
2.996838	0.568236
2.797824	0.525590
2.597862	0.489578
2.392531	0.442826
2.195728	0.458936
1.995135	0.456093
1.796121	0.453882
1.589209	0.397653
1.402831	0.362588
1.190234	0.291512
1.006383	0.257711
0.789995	0.150307
0.604248	0.015104
0.388808	-0.221789
0.201798	-0.448257
-0.001638	-0.669039
-0.201890	-0.913511
-0.403721	-1.096075
-0.600815	-1.223048
-0.812753	-1.303907
-0.993106	-1.402453
-1.197780	-1.457728
-1.404664	-1.555643
-1.595441	-1.598283
-1.812433	-1.686723
-1.995628	-1.754315
-2.210725	-1.831384
-2.395184	-1.878446
-2.602069	-1.970044
-2.799794	-2.001945
-3.010153	-2.092911
-3.193665	-2.136815
-3.411288	-2.183878
-3.593852	-2.264736
-3.805159	-2.316537
-4.000357	-2.392026
-4.207242	-2.443510
-4.399282	-2.517420
-4.605535	-2.596699
-4.800417	-2.669978
-5.000037	-2.731570
-5.201552	-2.814955
-5.402436	-2.828853
-5.600161	-2.895498
-5.802623	-2.937823
-6.000980	-3.041107
-6.192072	-3.084063
-6.406853	-3.157026
-6.598577	-3.213879
-6.804830	-3.254941
-7.001923	-3.345275
-7.203123	-3.426134
-7.391687	-3.492147
-7.602678	-3.548369
-7.795666	-3.535104
-8.011079	-3.590378
-8.204065	-3.689872
-8.397684	-3.740725
-8.604885	-3.844009
-8.789976	-3.846852
-9.009495	-3.895494
-9.197112	-3.928342
-9.359462	-4.025626
-9.373675	-4.054052
-9.388836	-4.066687
-9.415051	-4.045525
-9.428949	-4.025310
-9.382834	-4.038576
-9.350617	-4.044577
-9.187636	-3.995619
-9.013600	-3.936239
-8.792502	-3.808949
-8.598884	-3.705349
-8.405896	-3.716404
-8.199960	-3.664288
-7.997497	-3.631123
-7.803878	-3.547106
-7.590676	-3.485830
-7.401795	-3.445717
-7.195542	-3.429924
-6.999396	-3.360436
-6.810515	-3.336431
-6.591628	-3.212300
-6.406853	-3.142496
-6.195230	-3.082484
-6.000980	-3.058795
-5.804203	-3.018365
-5.605530	-2.956458
-5.389170	-2.835801
-5.209133	-2.754627
-4.994983	-2.706933
-4.799785	-2.679769
-4.605850	-2.642498
-4.397387	-2.536056
-4.203136	-2.475727
-4.004779	-2.375601
-3.804212	-2.348754
-3.597643	-2.290637
-3.406867	-2.234414
-3.205667	-2.155451
-3.005415	-2.074592
-2.789371	-1.990259
-2.601753	-1.942249
-2.392973	-1.857284
-2.213568	-1.832016
-1.995312	-1.743261
-1.807379	-1.665876
-1.604285	-1.620393
-1.402769	-1.529427
-1.199043	-1.478890
-1.000055	-1.387292
-0.799803	-1.314330
-0.607763	-1.199675
-0.397720	-1.095759
-0.204733	-0.873081
-0.005429	-0.687990
0.207800	-0.427726
0.388808	-0.238529
0.598246	0.015736
0.791890	0.134828
1.004487	0.246023
1.199079	0.286774
1.405674	0.379647
1.587630	0.407130
1.803070	0.443142
1.989133	0.437456
2.204257	0.449144
2.391267	0.438719
2.608287	0.509480
2.793402	0.537910
2.997154	0.532856
3.201538	0.552126
3.395814	0.538858
3.596091	0.548335
3.797948	0.581504
3.999489	0.610250
4.195660	0.603616
4.391831	0.610250
4.587370	0.577081
4.801547	0.609934
4.997402	0.630468
5.203366	0.664584
5.390060	0.655423
5.600762	0.648789
5.791247	0.641208
6.002581	0.652264
6.190854	0.694594
6.399977	0.699333
6.601518	0.701544
6.792318	0.693015
6.995755	0.693647
7.196664	0.671534
7.393783	0.735345
7.596272	0.699964
7.801919	0.745453
7.984191	0.713232
8.202475	0.684170
8.387905	0.717655
8.600186	0.736608
8.792251	0.735029
9.001058	0.772936
9.186488	0.733449
9.401297	0.741031
9.582621	0.724288
9.802168	0.761880
9.995179	0.792206
9.791427	0.773568
9.592729	0.766618
9.390872	0.705651
9.189015	0.726184
9.007376	0.741663
8.798253	0.754930
8.595132	0.747349
8.399593	0.739135
8.185732	0.664268
7.997775	0.703755
7.788020	0.717339
7.606064	0.750192
7.392203	0.719550
7.201087	0.700596
6.990385	0.647210
6.796109	0.671534
6.594568	0.695542
6.400292	0.721129
6.192118	0.694594
6.002264	0.640892
5.790615	0.600457
5.603605	0.629836
5.390060	0.687645
5.192626	0.662057
4.999929	0.657950
4.791122	0.586558
4.596215	0.563498
4.392779	0.595719
4.196608	0.617516
3.997910	0.612777
3.804266	0.591928
3.586930	0.533172
3.404659	0.514850
3.196168	0.554969
2.993995	0.546439
2.797508	0.546439
2.606076	0.483892
2.389688	0.458936
2.196676	0.430506
2.001452	0.446932
1.797068	0.440299
1.596475	0.425767
1.394934	0.338896
1.203185	0.318363
0.998169	0.221699
0.797576	0.171472
0.590349	-0.020590
0.405550	-0.204101
0.192953	-0.441308
0.005627	-0.667144
-0.205365	-0.904667
-0.399931	-1.089126
-0.609027	-1.225575
-0.801698	-1.295063
-1.006372	-1.394241
-1.191147	-1.446989
-1.406244	-1.515529
-1.600494	-1.618182
