# Configuration automatically generated by WRITE_CONFIG()
connection eth
ip 192.168.0.10
samplehz 1000.000000
settleus 10.000000
nsample 128

# Analog Inputs
aichannel 0
ainegative 199
airange 10.000000
airesolution 0

aichannel 1
ainegative 199
airange 10.000000
airesolution 0

# Analog Outputs
aochannel 0
aosignal triangle
aofrequency 5.000000
aoamplitude 2.000000
aooffset 2.500000
aoduty 0.500000

# Meta Parameters
int:periods 10
flt:tip_T_C 421.858509
flt:plate_T_C 303.596372
flt:plate_Q_kW 0.727811
flt:cool_Thigh_C 50.073526
flt:cool_Tlow_C 12.384422
flt:air_psig 20.000000
flt:water_gph 4.000000
flt:standoff_in 0.228000
flt:oxygen_scfh 9.648438
flt:fuel_scfh 5.296531
flt:flow_scfh 14.944969
flt:ratio_fto 0.548952

## End Configuration ##
#: Wed Apr 12 18:06:49 2017
-7.410007	-3.663340
-9.296290	-4.173761
-9.217958	-4.240723
-9.135204	-4.310211
-9.128572	-4.316844
-9.150050	-4.244197
-9.024972	-4.113433
-8.813349	-4.072056
-8.615940	-4.127331
-8.419478	-4.126699
-8.217332	-4.001305
-8.013289	-3.834533
-7.827251	-3.768836
-7.608048	-3.769783
-7.416640	-3.808949
-7.219231	-3.707244
-7.024664	-3.602696
-6.809252	-3.435609
-6.621318	-3.417921
-6.417908	-3.458351
-6.216077	-3.405603
-6.011719	-3.301371
-5.825996	-3.168080
-5.615005	-3.085958
-5.419807	-3.111542
-5.205027	-3.078378
-5.021515	-3.001625
-4.809577	-2.902131
-4.621011	-2.745783
-4.406862	-2.759049
-4.223035	-2.724621
-4.012991	-2.696826
-3.819373	-2.561955
-3.613751	-2.462146
-3.412552	-2.375917
-3.220828	-2.375285
-3.015207	-2.332013
-2.819693	-2.257156
-2.617862	-2.120707
-2.408766	-2.043322
-2.221148	-1.987732
-2.016159	-1.987732
-1.808011	-1.880973
-1.628605	-1.807063
-1.408455	-1.682616
-1.218626	-1.598915
-1.013321	-1.536692
-0.822229	-1.455517
-0.615660	-1.279270
-0.418251	-1.062594
-0.211998	-0.800435
-0.020590	-0.616923
0.193900	-0.381296
0.375540	-0.177569
0.589401	-0.002270
0.773568	0.099132
0.995642	0.186951
1.175703	0.237494
1.391143	0.280456
1.580680	0.295619
1.780010	0.282351
1.984710	0.293723
2.186567	0.311413
2.383686	0.344898
2.590913	0.375224
2.778871	0.353427
2.990520	0.344267
3.182269	0.369854
3.380335	0.372381
3.597039	0.440615
3.773940	0.406498
3.992224	0.403023
4.176707	0.373961
4.380143	0.417554
4.582632	0.438719
4.786384	0.468097
4.979712	0.422293
5.194205	0.413763
5.371106	0.408709
5.588126	0.471256
5.776400	0.473152
5.992788	0.500635
6.178850	0.432085
6.401872	0.445669
6.578457	0.467466
6.786316	0.499055
6.982803	0.524327
7.186556	0.479154
7.381147	0.448828
7.590586	0.472204
7.776648	0.506637
7.990825	0.550546
8.174676	0.513270
8.384746	0.460832
8.585340	0.481049
8.785617	0.485156
8.991897	0.555284
9.183961	0.527486
9.378236	0.509164
9.579778	0.463675
9.786373	0.496212
9.985387	0.532540
9.780686	0.566657
9.577566	0.522431
9.382659	0.500951
9.183329	0.451671
8.977997	0.536963
8.784986	0.514850
8.589446	0.548967
8.374638	0.460516
8.187943	0.456725
7.977241	0.469993
7.790547	0.508532
7.580793	0.512955
7.395362	0.495264
7.181185	0.437140
6.986910	0.458305
6.772733	0.470940
6.595832	0.510111
6.384182	0.488946
6.193381	0.452303
5.976361	0.423556
5.794405	0.435244
5.576122	0.461148
5.387217	0.473468
5.184096	0.442194
4.989820	0.397337
4.781646	0.401128
4.582948	0.418502
4.380775	0.443142
4.185867	0.430506
3.977377	0.389755
3.796369	0.354691
3.580297	0.396073
3.382230	0.377435
3.191114	0.424188
2.974725	0.355007
2.795297	0.341423
2.583331	0.315836
2.385897	0.344582
2.185303	0.344898
1.982815	0.321838
1.780642	0.267188
1.588262	0.276665
1.376928	0.229912
1.195604	0.252341
0.972898	0.188530
0.793154	0.142725
0.575818	-0.032592
0.388492	-0.166515
0.180317	-0.391403
-0.003534	-0.627031
-0.221789	-0.860447
-0.413829	-1.054382
-0.624820	-1.224311
-0.813069	-1.410034
-1.019006	-1.579648
-1.203781	-1.636502
-1.425827	-1.716413
-1.610286	-1.761580
-1.814644	-1.821908
-2.022792	-1.981731
-2.216411	-2.037637
-2.411293	-2.120075
-2.619125	-2.125760
-2.814323	-2.184194
-3.019945	-2.287794
-3.218617	-2.408766
-3.421080	-2.463093
-3.616910	-2.500996
-3.808318	-2.483308
-4.012676	-2.632707
-4.210401	-2.715777
-4.417601	-2.854753
-4.613431	-2.837065
-4.821263	-2.862333
-5.008565	-2.898341
-5.221135	-3.048687
-5.415070	-3.164290
-5.624797	-3.211668
-5.806414	-3.186400
-6.015825	-3.220512
-6.213550	-3.294422
-6.419487	-3.481408
-6.605842	-3.524680
-6.830414	-3.548369
-7.013926	-3.528471
-7.225864	-3.567952
-7.414429	-3.723984
-7.622893	-3.842114
-7.812090	-3.902127
-8.025924	-3.874015
-8.217332	-3.857907
-8.423268	-3.995935
-8.615624	-4.163654
-8.817455	-4.223035
-9.007915	-4.215138
-9.201534	-4.175341
-9.235646	-4.181658
-9.181952	-4.266939
-9.132678	-4.332320
-9.172791	-4.305789
-9.250492	-4.224298
-9.278603	-4.163023
-9.198376	-4.221771
-9.099197	-4.301998
-9.008862	-4.289364
-8.817455	-4.133332
-8.615624	-4.005411
-8.413477	-3.937818
-8.226807	-4.019940
-8.009183	-3.976984
-7.826303	-3.898968
-7.604258	-3.730302
-7.423273	-3.644389
-7.215441	-3.635861
-7.016137	-3.671237
-6.814305	-3.591010
-6.621003	-3.461194
-6.412539	-3.324113
-6.217656	-3.297897
-6.008245	-3.308636
-5.825681	-3.282104
-5.612479	-3.170607
-5.428020	-3.058795
-5.206922	-2.950773
-5.014566	-2.955826
-4.817473	-2.969724
-4.616273	-2.873388
-4.420128	-2.771683
-4.212927	-2.635865
-4.013623	-2.603333
-3.821268	-2.597015
-3.611224	-2.549006
-3.422975	-2.434034
-3.212932	-2.345595
-3.012680	-2.226202
-2.820325	-2.245153
-2.615651	-2.175034
-2.416031	-2.129867
-2.217990	-1.999103
-2.026266	-1.909400
-1.811801	-1.839596
-1.617550	-1.802009
-1.416035	-1.733469
-1.220205	-1.638081
-1.011425	-1.497210
-0.823176	-1.396768
-0.615344	-1.249896
-0.419198	-1.112499
-0.207260	-0.845918
-0.023432	-0.603657
0.191689	-0.368977
0.379963	-0.161145
0.584031	-0.006376
0.785256	0.135460
0.988061	0.209379
1.181705	0.223279
1.392091	0.239705
1.580048	0.294039
1.787276	0.305727
1.982499	0.335421
2.184988	0.306359
2.382422	0.317731
2.587122	0.328156
2.784241	0.385965
2.983886	0.379963
3.185428	0.396389
3.379703	0.354059
3.585983	0.366379
3.784365	0.412500
3.984326	0.446617
4.182709	0.429558
4.381407	0.414395
4.584843	0.377751
4.787648	0.437140
4.984135	0.452934
5.194205	0.474415
5.373633	0.444089
5.592233	0.416606
5.775768	0.425136
5.992156	0.469677
6.185800	0.497476
6.386393	0.497792
6.587303	0.460832
6.790423	0.452619
6.983435	0.469993
7.185292	0.522115
7.379251	0.519904
7.595956	0.489578
7.777911	0.446932
7.987350	0.463043
8.183520	0.524959
8.378428	0.518641
8.588182	0.524959
8.783405	0.476311
8.990949	0.459884
9.181749	0.500319
9.380447	0.540753
9.585464	0.550862
9.782267	0.518957
9.989809	0.466518
9.790164	0.510743
9.573144	0.524959
9.389924	0.566973
9.176064	0.518641
8.989685	0.496844
8.779931	0.454830
8.591341	0.505689
8.379375	0.530013
8.184784	0.521800
7.979768	0.486103
7.793390	0.443458
7.579845	0.457041
7.389360	0.525590
7.182133	0.507900
6.988489	0.502530
6.776524	0.449460
6.590461	0.427031
6.393659	0.476627
6.182325	0.487367
5.984259	0.490210
5.781770	0.439351
5.587494	0.411868
5.379319	0.418818
5.182517	0.458621
4.987609	0.464307
4.784489	0.439035
4.582316	0.376172
4.384565	0.399864
4.179550	0.397337
3.983379	0.450091
3.782470	0.405550
3.593564	0.396073
3.380967	0.340476
3.188586	0.372697
2.980096	0.385333
2.783925	0.383122
2.583015	0.349005
2.385897	0.319311
2.183092	0.289617
1.982815	0.319627
1.780642	0.299093
1.588262	0.296566
1.381034	0.251709
1.185179	0.206536
0.980479	0.185687
0.786520	0.104186
0.585294	-0.019958
0.383753	-0.189572
0.186319	-0.379085
-0.014904	-0.600183
-0.216735	-0.850656
-0.415408	-1.099233
-0.620713	-1.285903
-0.817175	-1.408139
-1.015532	-1.502895
-1.206624	-1.637133
-1.416035	-1.731574
-1.619761	-1.835806
-1.809274	-1.867391
-2.025319	-1.912243
-2.211041	-1.988364
-2.409082	-2.118180
-2.615335	-2.198723
-2.814008	-2.251471
-3.008574	-2.266948
-3.219881	-2.315905
-3.413184	-2.415399
-3.621332	-2.553427
-3.812108	-2.609334
-4.018361	-2.636497
-4.210401	-2.629864
-4.421075	-2.750521
-4.617853	-2.876231
-4.817789	-2.962143
-5.012671	-2.993729
-5.222398	-2.988991
-5.412859	-3.028473
-5.621323	-3.169976
-5.818732	-3.285578
-6.020563	-3.343064
-6.207233	-3.319691
-6.430858	-3.332325
-6.613106	-3.445717
-6.814937	-3.562267
-7.026560	-3.695242
-7.217020	-3.665551
-7.417903	-3.658287
-7.616576	-3.688293
-7.814301	-3.864540
-8.020554	-3.984565
-8.220490	-4.034785
-8.420742	-3.984249
-8.619414	-4.006990
-8.807347	-4.101747
-9.019602	-4.284626
-9.084352	-4.323161
-9.168054	-4.275466
-9.250808	-4.196187
-9.288078	-4.180710
-9.199955	-4.263148
-9.138995	-4.328530
-9.151629	-4.305157
-9.208167	-4.231879
-9.201534	-4.143124
-9.021813	-4.176920
-8.810822	-4.192397
-8.623521	-4.183869
-8.407475	-4.037312
-8.226175	-3.880332
-8.017712	-3.831059
-7.817144	-3.854116
-7.612786	-3.877806
-7.419167	-3.762519
-7.215441	-3.621648
-7.020558	-3.502254
-6.811779	-3.504781
-6.619107	-3.506676
-6.415065	-3.470669
-6.217656	-3.334852
-6.014246	-3.225250
-5.823154	-3.151024
-5.610584	-3.199350
-5.419492	-3.147234
-5.217977	-3.083116
-5.011408	-2.910343
-4.819368	-2.840855
-4.612799	-2.818745
-4.426129	-2.823167
-4.217349	-2.747362
-4.011728	-2.646920
-3.817793	-2.503522
-3.615962	-2.468147
-3.410657	-2.433087
-3.231883	-2.427402
-3.007626	-2.300744
-2.824431	-2.194932
-2.607754	-2.104598
-2.423295	-2.087542
-2.211673	-2.034163
-2.026266	-1.978572
-1.812117	-1.856336
-1.618814	-1.750841
-1.412245	-1.690197
-1.218942	-1.643450
-1.005108	-1.563855
-0.822545	-1.442251
-0.609027	-1.238841
-0.426779	-1.043643
-0.208207	-0.859499
-0.014904	-0.615660
0.190110	-0.412249
0.386912	-0.167462
0.580240	-0.036698
0.783361	0.107977
0.988061	0.192953
1.177914	0.272242
1.389564	0.261502
1.581944	0.282983
1.773692	0.249814
1.994503	0.326892
2.178670	0.321522
2.395690	0.370486
2.578277	0.317731
2.796245	0.340160
2.984202	0.332578
3.187639	0.402707
3.376860	0.419134
3.594512	0.399232
3.786260	0.377435
3.989065	0.389439
4.176075	0.401444
4.389304	0.479470
4.569048	0.423556
4.796177	0.432085
4.975921	0.406182
5.183780	0.408077
5.378372	0.479154
5.584020	0.467782
5.781770	0.460516
5.987418	0.433981
6.181377	0.432717
6.394290	0.478206
6.584144	0.504741
6.783157	0.489262
6.983119	0.487367
7.184344	0.429242
7.383358	0.491474
7.591218	0.494948
7.788336	0.544228
7.981348	0.482944
8.184468	0.473152
8.375901	0.456725
8.591025	0.513586
8.781195	0.528117
8.990001	0.538542
9.185540	0.489262
9.379816	0.485156
9.584831	0.487999
9.790480	0.574870
9.981596	0.526222
9.790164	0.528749
9.574723	0.479154
9.391504	0.481997
9.174168	0.512323
8.993476	0.553389
8.778667	0.513270
8.587867	0.480417
8.376533	0.445037
8.192050	0.476311
7.977241	0.522431
7.798760	0.509164
7.580161	0.479470
7.392835	0.452934
7.174551	0.449775
6.990701	0.496212
6.786316	0.515798
6.586039	0.475047
6.390184	0.466202
6.179798	0.418818
5.984890	0.462727
5.785561	0.483260
5.577386	0.474099
5.387533	0.430190
5.183780	0.418502
4.974342	0.388176
4.794281	0.455777
4.576314	0.435244
4.395306	0.435560
4.177970	0.373961
3.990644	0.387228
3.780258	0.380594
3.588194	0.427663
3.379387	0.396389
3.186691	0.380910
2.975989	0.325945
2.794665	0.348057
2.578593	0.345530
2.391583	0.376172
2.173300	0.309834
1.992292	0.299093
1.773060	0.270979
1.587314	0.262134
1.384193	0.293723
1.191813	0.228965
0.983006	0.188846
0.786836	0.100080
0.577713	-0.018379
0.384069	-0.181360
0.178737	-0.388560
-0.007956	-0.611870
-0.215156	-0.803593
-0.422673	-1.059120
-0.616923	-1.260319
-0.817175	-1.468783
-1.015216	-1.543325
-1.211993	-1.622604
-1.416983	-1.669351
-1.619761	-1.793166
-1.811485	-1.892976
-2.020581	-1.987416
-2.214200	-2.009842
-2.412241	-2.055641
-2.616598	-2.112179
-2.817482	-2.257788
-3.012364	-2.316537
-3.226829	-2.416347
-3.411288	-2.394237
-3.620700	-2.442247
-3.809265	-2.557218
-4.021835	-2.680401
-4.211032	-2.731254
-4.420760	-2.767577
-4.616590	-2.768840
-4.813051	-2.864228
-5.008881	-2.995308
-5.223346	-3.103014
-5.410964	-3.135863
-5.626060	-3.116280
-5.811152	-3.157657
-6.017405	-3.293159
-6.209760	-3.419185
-6.421067	-3.456140
-6.617528	-3.458035
-6.816201	-3.442242
-7.022454	-3.549001
-7.218284	-3.688609
-7.410639	-3.805475
-7.623841	-3.805159
-7.815248	-3.789682
-8.022765	-3.804212
-8.221437	-3.988671
-8.413793	-4.097324
-8.623521	-4.171550
-8.806085	-4.121961
-9.017076	-4.119119
-9.169317	-4.198398
-9.140574	-4.291259
-9.122571	-4.334531
-9.187005	-4.285574
-9.268811	-4.209137
-9.290289	-4.175025
-9.187952	-4.249882
-9.132047	-4.309263
-9.092565	-4.303894
-9.024655	-4.178815
-8.807664	-4.023415
-8.621309	-4.058158
-8.412530	-4.099852
-8.220174	-4.034470
-8.017079	-3.931817
-7.817775	-3.770731
-7.615944	-3.706297
-7.418851	-3.732828
-7.217968	-3.728406
-7.025296	-3.654181
-6.810831	-3.515205
-6.618475	-3.370543
-6.417592	-3.394864
-6.209760	-3.382546
-6.018668	-3.350013
-5.817153	-3.212932
-5.621007	-3.113122
-5.415386	-3.026578
-5.217661	-3.053741
-5.008565	-3.039844
-4.815894	-2.952668
-4.616590	-2.801057
-4.421391	-2.723989
-4.216402	-2.679769
-4.016150	-2.684507
-3.813687	-2.585960
-3.620068	-2.513314
-3.404340	-2.372759
-3.222407	-2.322222
-3.017734	-2.309904
-2.815587	-2.263789
-2.617230	-2.180719
-2.414767	-2.063853
-2.218937	-1.963727
-2.021213	-1.928983
-1.812433	-1.890133
-1.620393	-1.820013
-1.414456	-1.720203
-1.218310	-1.590071
-1.010478	-1.522478
-0.820649	-1.427722
-0.618818	-1.309592
-0.419514	-1.075544
-0.216104	-0.837074
-0.014904	-0.586285
0.187582	-0.383823
0.385333	-0.176622
0.582136	0.000257
0.779886	0.115874
0.987113	0.180317
1.184548	0.227701
1.384193	0.260238
1.585103	0.321522
1.775903	0.284246
1.990396	0.296566
2.179933	0.295619
2.395058	0.327524
2.580804	0.362588
2.789927	0.391019
2.978200	0.359429
3.183216	0.352480
3.379703	0.361009
3.591669	0.412500
3.777731	0.432401
3.994751	0.416291
4.176707	0.388808
4.392779	0.397969
4.575366	0.415343
4.787332	0.453250
4.985398	0.463991
5.183780	0.424504
5.383426	0.405550
5.585283	0.432717
5.784929	0.476311
5.990261	0.495896
6.181061	0.469361
6.390816	0.438403
6.593936	0.446932
6.780946	0.464938
6.985962	0.529065
7.178658	0.499055
7.391256	0.479786
7.580793	0.436192
7.795918	0.482313
7.980084	0.514218
8.186364	0.533172
8.379375	0.494317
8.586603	0.473783
8.784986	0.446932
8.989054	0.513586
9.180801	0.540753
9.383923	0.545176
9.575987	0.498107
9.791111	0.475047
9.979069	0.509480
9.782898	0.537910
9.584516	0.562866
9.379184	0.508532
9.182065	0.472520
8.992212	0.464307
8.782774	0.503478
8.587551	0.539806
8.385694	0.515166
8.183205	0.461148
7.984191	0.459252
7.787072	0.462727
7.590901	0.525274
7.385570	0.504109
7.184660	0.506637
6.976485	0.433033
6.786948	0.456093
6.585407	0.494948
6.390500	0.509164
6.180429	0.478522
5.986154	0.447248
5.783033	0.413132
5.584020	0.453566
5.380583	0.458621
5.193573	0.476942
4.974658	0.427663
4.791439	0.397021
4.582000	0.411236
4.388356	0.422293
4.180497	0.445669
3.993171	0.423556
3.779626	0.381858
3.586614	0.378383
3.379703	0.369854
3.185428	0.403655
2.977569	0.394810
2.795297	0.352796
2.576066	0.321206
2.391899	0.316784
2.175827	0.329419
1.988501	0.315520
1.784748	0.317100
1.572783	0.249814
1.389248	0.243180
1.182336	0.229912
0.987429	0.193269
0.783677	0.110188
0.579608	-0.018695
0.391335	-0.192731
0.181896	-0.370241
-0.019326	-0.640296
-0.207260	-0.853498
-0.425831	-1.089757
-0.608711	-1.236314
-0.824755	-1.396452
-1.008899	-1.540798
-1.221785	-1.671562
-1.412877	-1.729047
-1.617235	-1.786217
-1.816855	-1.832016
-2.025003	-1.931194
-2.214831	-2.038584
-2.418874	-2.128603
-2.611229	-2.138710
-2.826642	-2.199670
-3.007626	-2.247049
-3.229672	-2.362651
-3.420132	-2.497205
-3.611856	-2.514893
-3.815898	-2.547742
-4.019624	-2.559429
-4.216402	-2.693035
-4.420128	-2.812428
-4.616273	-2.887918
-4.814314	-2.910027
-5.012039	-2.923925
-5.211975	-2.965618
-5.412543	-3.136811
-5.605214	-3.215459
-5.815258	-3.284631
-6.012351	-3.236937
-6.217972	-3.281788
-6.412222	-3.385072
-6.624793	-3.549949
-6.817148	-3.596695
-7.021506	-3.605539
-7.215756	-3.578691
-7.417588	-3.675027
-7.612470	-3.793157
-7.820618	-3.951084
-8.010762	-3.926131
-8.228703	-3.926447
-8.411898	-3.934344
-8.615940	-4.068266
-8.815560	-4.233458
-9.012653	-4.286837
-9.147839	-4.249567
-9.244491	-4.183869
-9.245122	-4.194608
-9.175634	-4.289996
-9.134257	-4.339269
-9.185741	-4.290627
-9.235015	-4.216086
-9.247649	-4.169971
-9.147523	-4.229352
-9.022760	-4.298840
-8.813033	-4.222719
-8.614045	-4.044893
-8.423584	-3.950768
-8.214805	-3.908443
-8.015817	-3.970983
-7.807668	-3.932448
-7.616260	-3.827269
-7.418220	-3.652286
-7.218284	-3.585324
-7.019611	-3.575533
-6.821886	-3.640915
-6.608052	-3.510467
-6.422014	-3.389810
-6.208497	-3.260942
-6.023090	-3.248307
-5.810204	-3.254941
-5.625745	-3.217670
-5.412859	-3.097961
-5.219872	-2.987727
-5.002564	-2.907816
-4.820947	-2.906553
-4.611852	-2.874336
-4.422971	-2.814955
-4.207558	-2.681349
-4.024678	-2.584381
-3.806738	-2.541109
-3.616910	-2.536371
-3.415710	-2.489625
-3.216090	-2.349385
-3.020892	-2.261578
-2.814323	-2.175034
-2.612808	-2.173455
-2.420453	-2.120707
-2.214515	-2.034478
-2.022160	-1.913506
-1.816539	-1.847177
-1.612497	-1.760633
-1.419194	-1.761896
-1.207887	-1.633343
-1.022480	-1.549010
-0.815912	-1.380028
-0.618818	-1.260951
-0.414460	-1.063857
-0.217999	-0.874029
-0.010482	-0.602710
0.180317	-0.371820
0.394494	-0.161145
0.576134	-0.016484
0.788415	0.143989
0.980795	0.195164
1.193393	0.260870
1.374085	0.223910
1.589841	0.276033
1.777167	0.307307
1.986290	0.312993
2.182776	0.339212
2.390003	0.318047
2.582700	0.315836
2.791822	0.382174
2.972830	0.383437
3.191114	0.404918
3.380967	0.391651
3.581876	0.349321
3.784681	0.403971
3.986854	0.403339
4.181445	0.450407
4.387093	0.421977
4.581368	0.419450
4.778171	0.381858
4.986978	0.445985
5.186307	0.456093
5.385322	0.473152
5.577070	0.434613
5.788404	0.430822
5.988681	0.425136
6.189275	0.496844
6.386393	0.487367
6.597095	0.507268
6.775576	0.442826
6.991016	0.451039
7.176763	0.479470
7.391888	0.525590
7.595324	0.499371
7.788020	0.490842
7.980400	0.443458
8.189523	0.489578
8.370531	0.499687
8.591341	0.535067
8.779299	0.524011
8.996003	0.475047
9.171009	0.468097
9.391504	0.532224
9.576303	0.553389
9.786689	0.537594
9.988230	0.517693
9.784793	0.462411
9.583568	0.499687
9.383290	0.522747
9.176695	0.549282
8.994424	0.515166
8.773929	0.475679
8.589446	0.455777
8.389484	0.517377
8.172780	0.500319
7.991140	0.525906
7.783282	0.457989
7.594692	0.462727
7.383674	0.452934
7.184976	0.517377
6.976801	0.500003
6.784421	0.485472
6.582880	0.436824
6.395238	0.451039
6.178850	0.452619
5.993735	0.505373
5.779243	0.457357
5.592549	0.452303
5.369843	0.388492
5.196732	0.435876
4.978133	0.448512
4.786700	0.452934
4.583580	0.426399
4.382986	0.384385
4.177338	0.385333
3.992224	0.421977
3.775204	0.414395
3.592932	0.412184
3.376544	0.373961
3.184796	0.328788
2.981675	0.376804
2.786452	0.361009
2.582068	0.381858
2.388740	0.322154
2.181829	0.305411
1.988501	0.268452
1.780010	0.305411
1.578785	0.283931
1.388616	0.272874
1.182652	0.204325
0.984902	0.196743
0.786520	0.089655
0.581820	0.010681
0.375856	-0.191151
0.192005	-0.357607
-0.022801	-0.607132
-0.207576	-0.832652
-0.424884	-1.086915
-0.607763	-1.305486
-0.821281	-1.435934
-1.014584	-1.510792
-1.215783	-1.609970
-1.411297	-1.702199
-1.628289	-1.835490
-1.809274	-1.897082
-2.022160	-1.940038
-2.210409	-1.987732
-2.421400	-2.067011
-2.605859	-2.184825
-2.824747	-2.274528
-3.015207	-2.308008
-3.214827	-2.325381
-3.419501	-2.396448
-3.615646	-2.501943
-3.814003	-2.621968
-4.016150	-2.679453
-4.213559	-2.701879
-4.427709	-2.708512
-4.612799	-2.815587
-4.808313	-2.935927
-5.016777	-3.056584
-5.209764	-3.016154
-5.424545	-3.059427
-5.612795	-3.090380
-5.819364	-3.246728
-6.015825	-3.340221
-6.215761	-3.398654
-6.417276	-3.380651
-6.615317	-3.400234
-6.811147	-3.491515
-7.025928	-3.671869
-7.214177	-3.717983
-7.422957	-3.735039
-7.609312	-3.694610
-7.828830	-3.780522
-8.010131	-3.914129
-8.223017	-4.060054
-8.416951	-4.076794
-8.614992	-4.044261
-8.811769	-4.055948
-9.024972	-4.189870
-9.099197	-4.301682
-9.125730	-4.320002
-9.196796	-4.257147
-9.277656	-4.191133
-9.267863	-4.196187
-9.175950	-4.285258
-9.137100	-4.322213
-9.143101	-4.295997
-9.183846	-4.200293
-9.020865	-4.096693
-8.819350	-4.132384
-8.615308	-4.162706
-8.414109	-4.105537
-8.219543	-3.940345
-8.018974	-3.834218
-7.811142	-3.771678
-7.611838	-3.844957
-7.413166	-3.784629
-7.222074	-3.701559
-7.010767	-3.544579
-6.828835	-3.458667
-6.607737	-3.463720
-6.415065	-3.471617
-6.214814	-3.405287
-6.018352	-3.267259
-5.820627	-3.137127
-5.619112	-3.122913
-5.413806	-3.132389
-5.221767	-3.106805
-5.006354	-2.981411
-4.813999	-2.866755
-4.613115	-2.792213
-4.419496	-2.753679
-4.210401	-2.768209
-4.018677	-2.667451
-3.812740	-2.549637
-3.614067	-2.430244
-3.423291	-2.411925
-3.218933	-2.393605
-3.014891	-2.344332
-2.817166	-2.235994
-2.615651	-2.128287
-2.418874	-2.040480
-2.215147	-2.031004
-2.019317	-1.964359
-1.819697	-1.904978
-1.604285	-1.768213
-1.425195	-1.683564
-1.212625	-1.601758
-1.022165	-1.556590
-0.821913	-1.444778
-0.618818	-1.261898
-0.415408	-1.034483
-0.210102	-0.829177
-0.010798	-0.599551
0.187898	-0.393930
0.389124	-0.161461
0.572975	-0.009535
0.790310	0.114295
0.979848	0.182212
1.195288	0.247603
1.381350	0.292460
1.584471	0.266556
1.785380	0.278876
1.987237	0.282035
2.182776	0.322154
2.390635	0.357534
2.582068	0.358482
2.790874	0.348689
2.974094	0.340792
3.188586	0.358166
3.388232	0.415027
3.578401	0.408709
3.791314	0.415975
3.982431	0.371749
4.180497	0.398916
4.380143	0.418818
4.584527	0.454830
4.782593	0.440615
4.984135	0.421345
5.184728	0.398285
5.382794	0.447248
5.578649	0.467466
5.793458	0.494001
5.980784	0.439667
6.192750	0.451671
6.387657	0.428611
6.593620	0.484840
6.778419	0.525590
6.979644	0.498423
7.184344	0.470309
7.383674	0.445353
7.591849	0.475679
7.793074	0.539806
7.978821	0.507584
8.188259	0.493369
8.381587	0.463359
8.591025	0.449144
8.786565	0.530329
8.985579	0.527802
9.181118	0.528117
9.378868	0.474731
9.585148	0.484524
9.782898	0.506321
9.984123	0.560339
9.783214	0.540753
9.582305	0.518641
9.383290	0.451039
9.180170	0.488315
8.983999	0.512323
8.784986	0.556864
8.579654	0.490210
8.395802	0.471572
8.172780	0.464307
7.987350	0.486735
7.782966	0.516113
7.588690	0.511059
7.394099	0.467150
7.185292	0.447880
6.982803	0.455462
6.787896	0.504741
6.579405	0.500635
6.391131	0.471888
6.185800	0.440930
5.988050	0.412184
5.776716	0.459252
5.589074	0.480417
5.380267	0.464307
5.185360	0.422608
4.987294	0.408393
4.785437	0.405234
4.584527	0.435876
4.386461	0.437140
4.185867	0.413763
3.987485	0.373961
3.779942	0.373329
3.585983	0.386281
3.387600	0.433349
3.171844	0.378699
2.989888	0.366063
2.782661	0.323102
2.594388	0.334158
2.379579	0.346162
2.187831	0.345846
1.980288	0.299093
1.781590	0.283615
1.577837	0.262134
1.392722	0.268136
1.172228	0.248550
0.996906	0.201166
0.780834	0.088391
0.586558	-0.006376
0.372697	-0.190835
0.194532	-0.386034
-0.019958	-0.624504
-0.218315	-0.865501
-0.414145	-1.037641
-0.617871	-1.256845
-0.820018	-1.444462
-1.006372	-1.551537
-1.217363	-1.655137
-1.413193	-1.692408
-1.616919	-1.755579
-1.817486	-1.887290
-2.015211	-1.965622
-2.227150	-2.065116
-2.409398	-2.061326
-2.615967	-2.131762
-2.808638	-2.195248
-3.019945	-2.329803
-3.215775	-2.412556
-3.424870	-2.452354
-3.611856	-2.455513
-3.820636	-2.524369
-4.014886	-2.623547
-4.222403	-2.758733
-4.411916	-2.797899
-4.622591	-2.845909
-4.806102	-2.823167
-5.021831	-2.943508
-5.207869	-3.076798
-5.422650	-3.150393
-5.612795	-3.185137
-5.818100	-3.164606
-6.016773	-3.215459
-6.215761	-3.371175
-6.409380	-3.469722
-6.629215	-3.536999
-6.810831	-3.515521
-7.021506	-3.488989
-7.218915	-3.640915
-7.415692	-3.758097
-7.611522	-3.866119
-7.824409	-3.845273
-8.019922	-3.840219
-8.219227	-3.873699
-8.419478	-4.053737
-8.611834	-4.183237
-8.816192	-4.220508
-9.015496	-4.163970
-9.193954	-4.161759
-9.202798	-4.225562
-9.144997	-4.304209
-9.146259	-4.320318
-9.215116	-4.276414
-9.264073	-4.198714
-9.262178	-4.182290
-9.161736	-4.259990
-9.101725	-4.309579
-9.010126	-4.233142
-8.818087	-4.102694
-8.616887	-3.979827
-8.425480	-4.016466
-8.210067	-4.026573
-8.030029	-3.981090
-7.811458	-3.846852
-7.624473	-3.712614
-7.404322	-3.649759
-7.229970	-3.709139
-7.009820	-3.683555
-6.821886	-3.559740
-6.616896	-3.439715
-6.415697	-3.318743
-6.213234	-3.345906
-6.018984	-3.339274
-5.812731	-3.277366
-5.623534	-3.148498
-5.412543	-3.023419
-5.221767	-2.983937
-5.010144	-3.019313
-4.808945	-2.945403
-4.624802	-2.879074
-4.408757	-2.713881
-4.217981	-2.654501
-4.012044	-2.626074
-3.816214	-2.623547
-3.608698	-2.531949
-3.421396	-2.430244
-3.214195	-2.299480
-3.022787	-2.276423
-2.811165	-2.236941
-2.622284	-2.211673
-2.401186	-2.074908
-2.223675	-2.001314
-2.013000	-1.895187
-1.828857	-1.874656
-1.609338	-1.824119
-1.417930	-1.737259
-1.212625	-1.631132
-1.013321	-1.504475
-0.811805	-1.405612
-0.622609	-1.299169
-0.408775	-1.089442
-0.224948	-0.866132
-0.006376	-0.604921
0.184424	-0.364240
0.381226	-0.203470
0.583399	0.015736
0.787152	0.110504
0.977320	0.202114
1.189602	0.214118
1.386089	0.264977
1.580048	0.283931
1.777483	0.324049
1.981867	0.304780
2.185935	0.323733
2.388108	0.291828
2.584279	0.358482
2.790559	0.374908
2.985782	0.407130
3.175635	0.342055
3.392655	0.373329
3.578085	0.379331
3.792578	0.418186
3.979904	0.432717
4.187131	0.424504
4.384250	0.394810
4.583895	0.404287
4.777539	0.420081
4.994243	0.485788
5.177778	0.450091
5.387217	0.425452
5.574227	0.412500
5.797881	0.439351
5.973202	0.478206
6.197172	0.496212
6.380707	0.475363
6.591725	0.428611
6.777155	0.451987
6.985962	0.489262
7.183081	0.530961
7.385885	0.497160
7.580477	0.464623
7.794338	0.459252
7.971239	0.494317
8.188891	0.502846
8.389169	0.543280
8.575863	0.477890
8.793514	0.482629
8.983051	0.458621
9.184592	0.534751
9.383290	0.550230
9.583884	0.528117
9.781003	0.486419
9.993916	0.502530
9.776264	0.495896
9.588939	0.559391
9.370655	0.530645
9.190595	0.523695
8.982420	0.445037
8.794462	0.495896
8.583128	0.504741
8.388536	0.529381
8.176887	0.499687
7.987982	0.458621
7.785177	0.445985
7.591533	0.483576
7.379883	0.496528
7.192558	0.522115
6.971431	0.450407
6.790107	0.443458
6.581301	0.465570
6.387973	0.467782
6.185168	0.518009
5.983627	0.448512
5.783981	0.434297
5.582124	0.403023
5.384690	0.445037
5.187571	0.467150
4.986662	0.455777
4.781330	0.401444
4.586739	0.403655
4.380143	0.377435
4.183341	0.437771
3.984326	0.418818
3.785628	0.427663
3.579349	0.358482
3.392655	0.373329
3.175951	0.370802
2.986414	0.398916
2.784557	0.370802
2.588701	0.334474
2.382422	0.306359
2.187831	0.323733
1.976813	0.299093
1.790750	0.328472
1.571203	0.272558
1.390511	0.237810
1.175703	0.220436
0.994695	0.192637
0.774516	0.114927
0.588453	-0.012062
0.384069	-0.193678
0.190741	-0.387297
-0.018063	-0.614712
-0.212313	-0.873713
-0.420462	-1.102076
-0.615976	-1.282113
-0.825387	-1.396452
-1.006688	-1.514582
-1.220205	-1.649136
-1.408139	-1.761580
-1.608075	-1.790007
-1.825067	-1.878130
-2.013632	-1.893607
-2.220833	-2.024687
-2.404976	-2.115653
-2.616914	-2.191774
-2.816218	-2.213884
-3.013628	-2.251786
-3.221460	-2.320959
-3.427397	-2.473200
-3.605223	-2.532897
-3.826953	-2.597963
-4.006990	-2.586908
-4.220192	-2.662397
-4.405283	-2.757469
-4.627328	-2.905605
-4.808629	-2.940033
-5.017725	-2.952668
-5.213239	-2.967829
-5.418544	-3.063533
-5.611531	-3.197771
-5.827892	-3.298844
-6.006350	-3.290316
-6.217656	-3.314321
-6.407485	-3.330430
-6.622266	-3.473196
-6.819675	-3.620384
-7.018348	-3.634913
-7.221126	-3.644073
-7.415061	-3.620068
-7.610891	-3.750832
-7.816512	-3.896125
-8.016448	-3.998462
-8.222701	-3.972878
-8.417583	-3.964034
-8.610887	-3.989618
-8.823772	-4.182290
-9.009179	-4.278941
-9.115937	-4.296945
-9.204377	-4.227141
-9.273549	-4.173130
-9.224276	-4.226509
-9.158578	-4.317159
-9.131414	-4.336426
-9.191743	-4.272308
-9.237541	-4.189554
-9.189531	-4.168708
-9.012653	-4.223666
-8.817455	-4.244197
-8.609307	-4.117223
-8.430218	-3.985196
-8.213225	-3.874331
-8.022133	-3.879385
-7.811142	-3.929922
-7.626683	-3.859802
-7.406848	-3.719563
-7.227443	-3.585008
-7.015821	-3.529734
-6.819675	-3.564478
-6.611211	-3.553107
-6.414118	-3.440663
-6.207233	-3.308636
-6.021194	-3.188927
-5.813678	-3.217038
-5.623218	-3.209141
-5.413806	-3.171555
-5.216082	-3.023735
-5.018356	-2.916976
-4.802944	-2.855384
-4.623222	-2.864228
-4.415390	-2.825378
-4.214507	-2.730622
-4.020256	-2.606491
-3.812108	-2.519315
-3.615330	-2.483308
-3.428976	-2.493099
-3.208510	-2.388551
-3.020576	-2.299796
-2.807059	-2.164295
-2.623863	-2.132077
-2.408450	-2.089753
-2.222412	-2.065748
-2.015527	-1.950777
-1.820013	-1.843702
-1.611865	-1.752420
-1.419194	-1.716413
-1.210414	-1.648188
-1.012373	-1.567330
-0.814648	-1.400242
-0.627346	-1.234419
-0.403721	-1.032272
-0.224948	-0.858868
-0.008903	-0.619450
0.189794	-0.364240
0.379015	-0.193046
0.588769	-0.014273
0.785888	0.105450
0.981111	0.206536
1.190866	0.254868
1.383878	0.266872
1.580996	0.247603
1.782853	0.292144
1.977760	0.310466
2.184040	0.361957
2.380527	0.337633
2.588701	0.344582
2.784557	0.316468
2.986414	0.373961
3.180689	0.403971
3.383494	0.403023
3.580928	0.383437
3.790051	0.368906
3.988433	0.381542
4.181445	0.445353
4.381407	0.435560
4.585791	0.442826
4.771537	0.386596
4.993927	0.403971
5.184096	0.452303
5.384374	0.465570
5.578965	0.475363
5.785245	0.439035
5.988365	0.425136
6.183273	0.450407
6.391763	0.487051
6.592357	0.515166
6.777787	0.486419
6.986594	0.438403
7.182765	0.466202
7.388729	0.487683
7.581425	0.535067
7.789916	0.502530
7.983243	0.486103
8.173728	0.435244
8.387273	0.495264
8.583444	0.527170
8.785301	0.538858
8.985579	0.497792
9.179222	0.480101
9.383923	0.466518
9.581988	0.541385
9.782267	0.542333
9.990441	0.549598
9.772789	0.499687
9.595572	0.473783
9.377289	0.501266
9.186172	0.529381
8.982736	0.542017
8.788775	0.505057
8.584707	0.457041
8.380956	0.472204
8.179414	0.501582
7.987350	0.527802
7.782650	0.507268
7.596588	0.457673
7.376409	0.441562
7.186240	0.489894
6.978065	0.507268
6.785369	0.495580
6.589829	0.478206
6.383866	0.424820
6.188959	0.452619
5.984574	0.475679
5.783350	0.497160
5.582124	0.453250
5.381846	0.419450
5.190730	0.397337
4.983187	0.438403
4.779435	0.436508
4.590845	0.450723
4.376984	0.398285
4.188079	0.379647
3.981799	0.370170
3.792578	0.415343
3.581560	0.410920
3.386337	0.391651
3.181953	0.354691
2.985150	0.342055
2.785504	0.351216
2.592492	0.384701
2.375472	0.340476
2.188462	0.328788
1.976181	0.271295
1.790750	0.274770
1.576889	0.299093
1.385773	0.265293
1.190234	0.246971
0.980163	0.174315
0.785256	0.097236
0.584031	-0.027223
0.375856	-0.188624
0.189162	-0.387613
-0.016168	-0.600499
-0.216104	-0.832652
-0.416671	-1.048065
-0.619450	-1.305170
-0.822229	-1.433407
-1.017111	-1.550273
-1.212309	-1.589439
-1.416351	-1.703147
-1.614392	-1.803905
-1.819697	-1.914138
-2.013000	-1.966570
-2.221780	-2.001314
-2.413820	-2.043638
-2.610597	-2.154503
-2.818114	-2.259367
-3.021208	-2.341805
-3.210405	-2.332961
-3.427081	-2.393921
-3.608382	-2.470358
-3.819688	-2.586908
-4.012676	-2.705038
-4.221456	-2.712934
-4.412863	-2.739466
-4.621643	-2.777368
-4.811156	-2.906237
-5.017093	-3.020892
-5.219556	-3.090696
-5.419492	-3.091328
-5.615005	-3.093223
-5.818416	-3.189243
-6.007929	-3.329166
-6.220499	-3.405919
-6.413170	-3.445717
-6.612474	-3.411288
-6.823149	-3.464036
-7.015505	-3.587535
-7.222705	-3.746726
-7.414745	-3.777364
-7.615313	-3.764730
-7.818091	-3.749253
-8.016764	-3.862013
-8.210698	-4.013623
-8.426427	-4.130805
-8.604885	-4.096061
-8.819035	-4.084374
-9.004441	-4.101747
-9.140574	-4.247355
-9.107094	-4.321581
-9.152893	-4.309263
-9.222696	-4.243565
-9.296606	-4.178499
-9.238805	-4.215770
-9.156052	-4.298524
-9.108989	-4.322845
-9.142154	-4.262201
-9.012653	-4.109327
-8.822824	-4.056579
-8.602358	-4.089112
-8.427691	-4.101747
-8.220806	-4.036365
-8.012658	-3.858223
-7.819355	-3.765361
-7.614681	-3.742304
-7.419167	-3.787787
-7.223337	-3.725880
-7.010135	-3.597327
-6.819359	-3.463404
-6.614054	-3.417921
-6.411907	-3.402445
-6.222078	-3.439399
-6.010140	-3.307372
-5.824101	-3.195876
-5.609636	-3.074588
-5.419492	-3.096066
-5.210712	-3.071429
-5.018356	-3.016786
-4.816525	-2.893287
-4.623854	-2.778948
-4.410336	-2.721146
-4.214191	-2.741045
-4.016150	-2.673452
-3.820320	-2.608070
-3.602381	-2.463093
-3.432767	-2.383498
-3.211037	-2.358229
-3.019629	-2.317800
-2.811796	-2.269474
-2.618494	-2.143132
-2.412556	-2.039216
-2.224307	-1.982994
-2.016159	-1.945092
-1.819697	-1.893923
-1.615339	-1.807695
-1.416983	-1.686723
-1.204097	-1.615339
-1.011741	-1.527532
-0.809594	-1.468783
-0.622924	-1.285587
-0.410038	-1.080914
-0.216420	-0.806120
-0.019642	-0.613765
0.191689	-0.371820
0.378383	-0.184518
0.581820	0.004363
0.783361	0.100395
0.984586	0.185687
1.182020	0.235599
1.386721	0.297198
1.578785	0.272242
1.785696	0.308886
1.973970	0.282035
2.194464	0.308570
2.374209	0.336053
2.590281	0.378383
2.779502	0.380279
2.987993	0.348057
3.178478	0.345530
3.394550	0.388492
3.584087	0.412184
3.788156	0.425136
3.978956	0.398285
4.189658	0.390071
4.370666	0.406814
4.592424	0.447564
4.780066	0.466518
4.990452	0.418818
5.189782	0.425767
5.379319	0.395126
5.582756	0.462095
5.779243	0.479470
5.983943	0.482629
6.190538	0.458936
6.381339	0.438087
6.590461	0.437140
6.789475	0.514218
6.973958	0.498107
7.193190	0.502530
7.380515	0.439667
7.591218	0.468729
7.786757	0.467466
7.986402	0.538542
8.179730	0.506005
8.382218	0.492737
8.581233	0.459252
8.791303	0.492737
8.977365	0.535383
9.187752	0.564445
9.376341	0.498423
9.589570	0.497160
9.772473	0.474415
9.993284	0.532224
9.779423	0.574238
9.585148	0.525906
9.380763	0.502846
9.184277	0.470625
8.979576	0.490842
8.789092	0.533804
8.577758	0.527802
8.389484	0.487999
8.177203	0.467150
7.981348	0.446617
7.791179	0.514218
7.582688	0.506637
7.383358	0.511691
7.187187	0.440615
6.981855	0.445353
6.774312	0.456725
6.591093	0.519272
6.383866	0.490526
6.185800	0.479786
5.982679	0.415659
5.783981	0.432717
5.584651	0.451671
5.379635	0.488946
5.187887	0.421661
4.996770	0.432717
4.769642	0.387544
4.590529	0.421661
4.373825	0.435560
4.183341	0.452303
3.982115	0.392283
3.790051	0.379015
3.576506	0.364800
3.390128	0.403023
3.176583	0.395757
2.986414	0.372697
2.776975	0.336369
2.594704	0.321838
2.371682	0.330367
2.198255	0.340792
1.974601	0.325945
1.784117	0.280772
1.581628	0.274454
1.382614	0.236862
1.186443	0.248866
0.983638	0.195164
0.783045	0.114611
0.590665	-0.012062
0.376488	-0.183887
0.191373	-0.392035
-0.011114	-0.609659
-0.220526	-0.881609
-0.411302	-1.050276
-0.627346	-1.252423
-0.813069	-1.396768
-1.017111	-1.573015
-1.212941	-1.650715
-1.416351	-1.729679
-1.611865	-1.759685
-1.814012	-1.852862
-2.010789	-1.942249
-2.222728	-2.072697
-2.405923	-2.093227
-2.622916	-2.154819
-2.802953	-2.155451
-3.026578	-2.303902
-3.210405	-2.392026
-3.425502	-2.471305
-3.613435	-2.514893
-3.813687	-2.508576
-4.014571	-2.580591
-4.220824	-2.728727
-4.417285	-2.820956
-4.625433	-2.869598
-4.802944	-2.857595
-5.023726	-2.896761
-5.212291	-3.039212
-5.416333	-3.130178
-5.616901	-3.239148
-5.826944	-3.211353
-6.012667	-3.225882
-6.213866	-3.287789
-6.420119	-3.447927
-6.613106	-3.534472
-6.819043	-3.563530
-7.014557	-3.530050
-7.224916	-3.585324
-7.414429	-3.702506
-7.611207	-3.877174
-7.819671	-3.898336
-8.021502	-3.918235
-8.210698	-3.860434
-8.427375	-3.984249
-8.607096	-4.124172
-8.820614	-4.240723
-9.008547	-4.231247
-9.181952	-4.201557
-9.249228	-4.170287
-9.206588	-4.244513
-9.140259	-4.320002
-9.164264	-4.323476
-9.222065	-4.241670
-9.278287	-4.171866
-9.213536	-4.200925
-9.121939	-4.284942
-9.005073	-4.293154
-8.822509	-4.170287
-8.607096	-4.016782
-8.425163	-3.935923
-8.219858	-3.992461
-8.010762	-3.984565
-7.819355	-3.914129
-7.620682	-3.757781
-7.403374	-3.635545
-7.229338	-3.631123
-7.011714	-3.657655
-6.819043	-3.586588
-6.623529	-3.506361
-6.408748	-3.326324
-6.221131	-3.275155
-6.013299	-3.283999
-5.821890	-3.297581
-5.617217	-3.193349
-5.415701	-3.081536
-5.215765	-2.949193
-5.019620	-2.958353
-4.806418	-2.931821
-4.621643	-2.913186
-4.411916	-2.766945
-4.227141	-2.675347
-4.009517	-2.566377
-3.824742	-2.608702
-3.605855	-2.540793
-3.426765	-2.460250
-3.213563	-2.346859
-3.021840	-2.233467
-2.813060	-2.207251
-2.620389	-2.189563
-2.403713	-2.115021
-2.224623	-2.024687
-2.008262	-1.887922
-1.829173	-1.840228
-1.610602	-1.821277
-1.415719	-1.729363
-1.217363	-1.667140
-1.014584	-1.505422
-0.818438	-1.395505
-0.621029	-1.257792
-0.411934	-1.101128
-0.222421	-0.872134
-0.013325	-0.618187
0.187267	-0.362976
0.379015	-0.205996
0.589401	-0.001007
0.783993	0.107029
0.982691	0.211275
1.185811	0.207800
1.391143	0.260238
1.573730	0.257395
1.786328	0.318995
1.976181	0.326892
2.183408	0.323417
2.384001	0.304148
2.587438	0.337001
2.786136	0.360377
2.989888	0.411868
3.174055	0.379015
3.394234	0.380910
3.577769	0.365116
3.789419	0.402391
3.982431	0.444721
4.186499	0.438403
4.378248	0.410920
4.589898	0.390387
4.777855	0.408077
4.986030	0.451039
5.186307	0.466202
5.386269	0.439667
5.576754	0.431769
5.792826	0.429874
5.979204	0.461780
6.198751	0.489578
6.381655	0.508532
6.586987	0.445669
6.788844	0.455146
6.974274	0.451039
7.186556	0.508532
7.383042	0.510427
7.589322	0.493369
7.787072	0.458305
7.980084	0.457673
8.188891	0.481681
8.389484	0.551810
8.574915	0.505057
8.797936	0.498423
8.974206	0.442194
9.190279	0.499687
9.377920	0.524959
9.586411	0.567604
9.778159	0.525590
9.989178	0.488946
9.782267	0.475363
9.583252	0.533172
9.381711	0.543596
9.187435	0.551494
8.973259	0.480101
8.791619	0.480101
8.576810	0.476942
8.385378	0.518957
8.184153	0.536963
7.979768	0.476311
7.790231	0.465570
7.582372	0.445353
7.392203	0.494633
7.185608	0.515798
6.977433	0.495264
6.785369	0.463991
6.586355	0.451987
6.380391	0.440930
6.189275	0.504741
5.986470	0.477258
5.784929	0.480101
5.578649	0.401759
5.384690	0.431454
5.180305	0.431138
4.990452	0.479786
4.779435	0.447248
4.585159	0.405550
4.387724	0.380594
4.181761	0.413132
3.985906	0.415343
3.784681	0.431454
3.579033	0.371433
3.391707	0.373013
3.173424	0.354691
2.984202	0.367011
2.784241	0.395757
2.589017	0.348057
2.379263	0.323733
2.187515	0.298462
1.981235	0.296250
1.784117	0.310150
1.579732	0.290880
1.390195	0.250762
1.180757	0.222015
0.990904	0.166418
0.779254	0.115558
0.584031	-0.007324
0.377751	-0.183571
0.187898	-0.399615
-0.010482	-0.593234
-0.220526	-0.860447
-0.416040	-1.097022
-0.618187	-1.296326
-0.816543	-1.416983
-1.007635	-1.506685
-1.218310	-1.608391
-1.416667	-1.748946
-1.613128	-1.809590
-1.825067	-1.890133
-2.008578	-1.905294
-2.229361	-1.990891
-2.410345	-2.089121
-2.620389	-2.195880
-2.813060	-2.257788
-3.020261	-2.290005
-3.217038	-2.311799
-3.420448	-2.414767
-3.616278	-2.536687
-3.824110	-2.616282
-4.005411	-2.645025
-4.222403	-2.664292
-4.413811	-2.721462
-4.627013	-2.865492
-4.807682	-2.961512
-5.014882	-3.005100
-5.217977	-3.018997
-5.410016	-3.021524
-5.618796	-3.159868
-5.817469	-3.265048
-6.011403	-3.350013
-6.219552	-3.354750
-6.413802	-3.343064
-6.619107	-3.400549
-6.823149	-3.576164
-7.014241	-3.672500
-7.224285	-3.717036
-7.408112	-3.676922
-7.618155	-3.711982
-7.808300	-3.816214
-8.021186	-3.995935
-8.205960	-4.061001
-8.422637	-4.020888
-8.610570	-3.993724
-8.815560	-4.081532
-9.016128	-4.238512
-9.094460	-4.318423
-9.144364	-4.295997
-9.235015	-4.223035
-9.283656	-4.170603
-9.221433	-4.247671
-9.146259	-4.320634
-9.139942	-4.321897
-9.196165	-4.239775
-9.194901	-4.165233
-9.013600	-4.136175
-8.814297	-4.192081
-8.613413	-4.188922
-8.422637	-4.067002
-8.213541	-3.909075
-8.018343	-3.796947
-7.815880	-3.855380
-7.616576	-3.843378
-7.410007	-3.804527
-7.220179	-3.630491
-7.021190	-3.524680
-6.813042	-3.478881
-6.618792	-3.529102
-6.416960	-3.472564
-6.214182	-3.368332
-6.014562	-3.226514
-5.818100	-3.150393
-5.620691	-3.158605
-5.417912	-3.166185
-5.212291	-3.067007
-5.020252	-2.962459
-4.807050	-2.830116
-4.623538	-2.809270
-4.410020	-2.819377
-4.218928	-2.751153
-4.011412	-2.652606
-3.820320	-2.534792
-3.614067	-2.452354
-3.420448	-2.444773
-3.212932	-2.412241
-3.021524	-2.321590
-2.812428	-2.213884
-2.615651	-2.109968
-2.407819	-2.065748
-2.225570	-2.041111
-2.012369	-1.976677
-1.817171	-1.862969
-1.616603	-1.785901
-1.410666	-1.662402
-1.214836	-1.640608
-1.013952	-1.564803
-0.819070	-1.437829
-0.617239	-1.246421
-0.417303	-1.043643
-0.218946	-0.828862
-0.016168	-0.630505
0.193900	-0.367398
0.371433	-0.180728
0.589085	0.003732
0.776727	0.092814
0.993747	0.202745
1.180441	0.251077
1.390827	0.281087
1.573730	0.277613
1.788855	0.266240
1.980603	0.298146
2.188778	0.332894
2.379579	0.347741
2.591861	0.356902
2.784241	0.316468
2.992732	0.354375
3.174687	0.394810
3.386969	0.397021
3.590405	0.416922
3.782470	0.374908
3.990328	0.384701
4.176391	0.402075
4.380143	0.444721
4.589898	0.447880
4.785752	0.435876
4.987609	0.396073
5.186624	0.420081
5.374897	0.454514
5.588758	0.492737
5.785245	0.440930
5.984890	0.456725
6.179798	0.418818
6.397134	0.473783
6.583196	0.502214
6.784737	0.521168
6.982172	0.474099
7.187819	0.449775
7.380831	0.444405
7.586795	0.514850
7.787704	0.512323
7.987982	0.520536
8.174044	0.452934
8.394223	0.459252
8.579337	0.495264
8.790671	0.519588
8.982103	0.548967
9.187119	0.498739
9.381080	0.469361
9.585779	0.497160
9.789216	0.536331
9.989178	0.562866
9.779107	0.538542
9.585148	0.486103
9.377289	0.487367
9.192174	0.502530
8.978629	0.552126
8.787828	0.524959
8.582497	0.501898
8.379060	0.450091
8.186680	0.477258
7.978505	0.499687
7.790547	0.528433
7.586795	0.481681
7.380831	0.465570
7.184029	0.439983
6.987542	0.482629
6.780630	0.489578
6.594568	0.516429
6.377548	0.455777
6.194645	0.425767
5.974782	0.441562
5.791247	0.488631
5.581176	0.464623
5.384374	0.455146
5.182201	0.404287
4.989189	0.405550
4.774380	0.426715
4.587054	0.450723
4.376352	0.432085
4.181445	0.405234
3.978640	0.358798
3.795421	0.397021
3.571451	0.400812
3.388232	0.396705
3.185112	0.394810
2.975989	0.319311
2.788031	0.349953
2.586490	0.341423
2.379579	0.363852
2.190674	0.333210
1.979340	0.296882
1.784117	0.266556
1.580996	0.285194
1.382298	0.253920
1.187707	0.261502
0.982691	0.161047
0.783677	0.116822
0.580240	-0.049333
0.388492	-0.187361
0.183476	-0.416356
-0.008271	-0.629242
-0.220210	-0.848129
-0.412881	-1.033535
-0.619450	-1.272637
-0.806436	-1.438461
-1.017743	-1.574278
-1.209782	-1.607443
-1.425511	-1.701252
-1.604916	-1.768213
-1.824435	-1.885395
-2.015211	-1.991838
-2.222412	-2.022160
-2.406555	-2.068275
-2.620704	-2.113442
-2.811165	-2.226834
-3.022787	-2.348122
-3.208510	-2.391710
-3.423923	-2.417926
-3.612172	-2.463725
-3.818741	-2.523421
-4.017097	-2.673452
-4.218928	-2.746731
-4.410652	-2.796320
-4.623538	-2.779263
-4.814946	-2.857911
-5.001616	-2.971935
-5.220819	-3.104909
-5.410648	-3.121650
-5.621007	-3.152920
-5.822206	-3.135231
-6.007297	-3.273260
-6.211023	-3.390758
-6.415065	-3.506361
-6.608368	-3.460246
-6.829466	-3.474144
-7.008556	-3.519943
-7.230917	-3.680081
-7.406848	-3.786208
-7.621314	-3.844325
-7.814933	-3.812108
-8.022449	-3.811160
-8.214805	-3.929922
-8.426743	-4.096693
-8.609939	-4.169655
-8.820614	-4.147861
-9.008862	-4.119119
-9.199955	-4.176288
-9.154156	-4.267886
-9.130783	-4.329478
-9.168685	-4.299788
-9.253966	-4.227141
-9.294395	-4.168076
-9.212589	-4.228720
-9.132047	-4.301367
-9.096670	-4.314632
-9.010758	-4.212612
-8.823772	-4.054684
-8.607096	-4.015203
-8.423901	-4.042682
-8.223017	-4.076794
-8.009183	-3.921078
-7.826619	-3.816214
-7.609943	-3.672184
-7.419167	-3.725248
-7.213546	-3.724616
-7.021822	-3.655128
-6.813358	-3.512994
-6.624161	-3.398654
-6.412222	-3.351276
-6.221447	-3.390126
-6.009508	-3.338642
-5.826944	-3.269786
-5.609320	-3.091012
-5.420439	-3.047740
-5.205974	-3.011732
-5.023094	-3.025630
-4.807365	-2.957721
-4.619432	-2.824431
-4.413179	-2.719567
-4.221456	-2.673452
-4.006990	-2.665240
-3.820636	-2.626706
-3.606802	-2.506049
-3.427081	-2.407187
-3.213248	-2.319695
-3.016470	-2.280845
-2.818745	-2.284003
-2.610281	-2.177561
-2.412872	-2.089753
-2.224307	-1.960253
-2.015843	-1.930246
-1.818750	-1.881289
-1.617235	-1.835490
-1.411613	-1.696198
-1.219258	-1.614392
-1.015532	-1.494367
-0.814964	-1.445726
-0.622293	-1.293800
-0.416987	-1.115658
-0.211050	-0.816859
-0.022485	-0.616291
0.194216	-0.369609
0.374592	-0.179780
0.584031	0.004047
0.778622	0.116190
0.990904	0.189478
1.182020	0.210011
1.388932	0.270663
1.572783	0.297514
1.792014	0.320258
1.972074	0.305411
2.191621	0.293407
2.377052	0.332894
2.593124	0.363536
2.781713	0.383122
2.989888	0.376804
3.185743	0.356271
3.383178	0.349953
3.584403	0.409973
3.786576	0.426399
3.979904	0.433665
4.194713	0.393230
4.374141	0.395126
4.594004	0.413132
4.782278	0.453250
4.985714	0.433033
5.195153	0.461148
5.371738	0.398916
5.587810	0.434928
5.774820	0.449775
5.988050	0.506637
6.182641	0.487051
6.386393	0.470940
6.587303	0.429558
6.788528	0.479154
6.975853	0.491158
7.192558	0.526538
7.377040	0.481997
7.591533	0.470625
7.776648	0.449460
7.992088	0.531276
8.175940	0.526854
8.386009	0.502846
8.584707	0.478206
8.790987	0.448512
8.983367	0.494633
9.182382	0.547703
9.383923	0.526222
9.587358	0.523695
9.773737	0.481049
9.992969	0.486419
9.779739	0.548335
9.578514	0.538226
9.384870	0.545176
9.181118	0.476627
8.981472	0.474099
8.786880	0.488946
8.591341	0.531592
8.381587	0.517377
8.181941	0.496528
7.984191	0.449775
7.788968	0.474099
7.588690	0.490526
7.387149	0.538226
7.190346	0.466834
6.984067	0.481049
6.775892	0.421661
6.594884	0.487683
6.381339	0.508848
6.187695	0.493369
5.982679	0.451987
5.790299	0.419134
5.580861	0.423872
5.379951	0.469045
5.180305	0.455146
4.993611	0.446301
4.776907	0.394494
4.586739	0.392914
4.377616	0.425136
4.188079	0.426083
3.979904	0.427347
3.790367	0.400496
3.583456	0.356902
3.379703	0.371749
3.178794	0.393862
2.987361	0.386912
2.784873	0.365116
2.589333	0.318047
2.382422	0.325945
2.187831	0.321206
1.976813	0.339528
1.784433	0.291196
1.586682	0.280456
1.377244	0.230860
1.192129	0.228649
0.983322	0.192005
0.780518	0.130090
0.581820	-0.018063
0.385017	-0.182939
0.187898	-0.392035
-0.014904	-0.606500
-0.222105	-0.882241
-0.407827	-1.074596
-0.626715	-1.257160
-0.811174	-1.366446
-1.019954	-1.540482
-1.207571	-1.646925
-1.421721	-1.727784
-1.612181	-1.786533
-1.820013	-1.838649
-2.017107	-1.922666
-2.221780	-2.032899
-2.410977	-2.123549
-2.625442	-2.187036
-2.808322	-2.193353
-3.022787	-2.257788
-3.213879	-2.364231
-3.422659	-2.466568
-3.614383	-2.556902
-3.815898	-2.549637
-4.019940	-2.593541
-4.214191	-2.660186
-4.421391	-2.806427
-4.618484	-2.891392
-4.811472	-2.925820
-5.013618	-2.928031
-5.219240	-2.978568
-5.411911	-3.090380
-5.623850	-3.243886
-5.816521	-3.255572
-6.017720	-3.283051
-6.202811	-3.265995
-6.422646	-3.373386
-6.611527	-3.513625
-6.821570	-3.608382
-7.021822	-3.615330
-7.223022	-3.601117
-7.412534	-3.638704
-7.615313	-3.790630
-7.820934	-3.915708
-8.021817	-3.979195
-8.213857	-3.934028
-8.428322	-3.942240
-8.610887	-4.053737
-8.810190	-4.202504
-9.008547	-4.303894
-9.139627	-4.264096
-9.239120	-4.191133
-9.261230	-4.187343
-9.196796	-4.265675
-9.149102	-4.325372
-9.163631	-4.309579
-9.224908	-4.227141
-9.254598	-4.164602
-9.174055	-4.204715
-9.011705	-4.270729
-8.816823	-4.227141
-8.613097	-4.120698
-8.416951	-3.933396
-8.220490	-3.909075
-8.010762	-3.931185
-7.823461	-3.917919
-7.606784	-3.831375
-7.413166	-3.693031
-7.222074	-3.567952
-7.016768	-3.578691
-6.814937	-3.591641
-6.623213	-3.550896
-6.406853	-3.408762
-6.221447	-3.267259
-6.010140	-3.224303
-5.825996	-3.249255
-5.611216	-3.219249
-5.424545	-3.133652
-5.213239	-2.998782
-5.013935	-2.886970
-4.818105	-2.898341
-4.618169	-2.883811
-4.416022	-2.826957
-4.208189	-2.703143
-4.013939	-2.579959
-3.820952	-2.533844
-3.606802	-2.531634
-3.418553	-2.474780
-3.224303	-2.394237
-3.011101	-2.248628
-2.819693	-2.188616
-2.611861	-2.145659
-2.419505	-2.123549
-2.219569	-2.029741
-2.019317	-1.939090
-1.816539	-1.826014
-1.616919	-1.788428
-1.412245	-1.713254
-1.217994	-1.671246
-1.003845	-1.535744
-0.822860	-1.422668
-0.613449	-1.211993
-0.421093	-1.085967
-0.211998	-0.860447
-0.019642	-0.623240
0.190110	-0.380664
0.378383	-0.175674
0.583715	-0.016484
0.781781	0.116506
0.985218	0.209063
1.176966	0.237494
1.393986	0.257711
1.574362	0.262766
1.784117	0.278244
1.984394	0.345214
2.185303	0.319943
2.386845	0.347741
2.584911	0.305095
2.782977	0.355639
2.981359	0.382490
3.182585	0.412500
3.383178	0.382174
3.586298	0.379015
3.782470	0.365116
3.990644	0.411236
4.183024	0.426399
4.386461	0.454514
4.579157	0.408709
4.790491	0.416606
4.977817	0.409025
5.191678	0.464938
5.377108	0.475995
5.585599	0.456093
5.780190	0.423556
5.991209	0.426715
6.181377	0.463675
6.389868	0.521168
6.582248	0.483892
6.790107	0.474099
6.976801	0.451671
7.187187	0.465254
7.380199	0.515798
7.592797	0.514850
7.782966	0.490210
7.988614	0.446301
8.180994	0.469361
8.386009	0.493053
8.584392	0.550230
8.787512	0.516113
8.984631	0.492105
9.186488	0.463991
9.373814	0.500319
9.588622	0.529381
9.783214	0.577713
9.977805	0.500319
9.791743	0.500319
9.575039	0.484840
9.387397	0.530329
9.176695	0.539174
8.990001	0.529381
8.784038	0.481997
8.586603	0.466202
8.379375	0.478838
8.192366	0.542017
7.975346	0.510111
7.795918	0.487683
7.576686	0.439035
7.393783	0.466518
7.182765	0.478522
6.991016	0.523379
6.778419	0.486735
6.587618	0.447564
6.390816	0.433665
6.188327	0.461780
5.977941	0.487683
5.788088	0.485788
5.577386	0.435560
5.388165	0.423240
5.176199	0.415027
4.990452	0.432717
4.788911	0.466202
4.581052	0.407130
4.390883	0.405234
4.177970	0.359429
3.994119	0.407446
3.784997	0.425452
3.582192	0.419450
3.385389	0.365747
3.179425	0.359114
2.977253	0.334790
2.794665	0.387544
2.576066	0.347425
2.387161	0.363536
2.180565	0.278244
1.985026	0.305095
1.773060	0.281087
1.589525	0.295935
1.376612	0.277613
1.184864	0.225806
0.980163	0.168945
0.787783	0.115243
0.577713	-0.024380
0.385333	-0.167146
0.184739	-0.406880
-0.003849	-0.596708
-0.224316	-0.823176
-0.412249	-1.097338
-0.624820	-1.295063
-0.815280	-1.450779
-1.020269	-1.520583
-1.208519	-1.607443
-1.415088	-1.710096
-1.611233	-1.819697
