# Configuration automatically generated by WRITE_CONFIG()
connection eth
ip 192.168.0.10
samplehz 1000.000000
settleus 10.000000
nsample 128

# Analog Inputs
aichannel 0
ainegative 199
airange 10.000000
airesolution 0

aichannel 1
ainegative 199
airange 10.000000
airesolution 0

# Analog Outputs
aochannel 0
aosignal triangle
aofrequency 5.000000
aoamplitude 2.000000
aooffset 2.500000
aoduty 0.500000

# Meta Parameters
int:periods 10
flt:tip_T_C 405.639676
flt:plate_T_C 269.137600
flt:plate_Q_kW 0.954417
flt:cool_Thigh_C 49.725812
flt:cool_Tlow_C 12.215563
flt:air_psig 20.000000
flt:water_gph 5.400000
flt:standoff_in 0.228000
flt:oxygen_scfh 11.269531
flt:fuel_scfh 6.222312
flt:flow_scfh 17.491844
flt:ratio_fto 0.552136

## End Configuration ##
#: Wed Apr 12 17:22:36 2017
-7.413797	-4.072056
-8.903684	-4.583741
-8.907789	-4.573001
-8.881574	-4.586267
-8.888206	-4.574265
-8.902104	-4.531309
-8.866096	-4.545207
-8.804505	-4.527518
-8.610570	-4.480140
-8.421689	-4.437816
-8.218911	-4.324108
-8.012658	-4.243249
-7.818723	-4.206926
-7.614049	-4.149756
-7.410955	-4.098588
-7.218915	-4.030995
-7.017400	-3.917603
-6.817464	-3.864224
-6.614369	-3.804212
-6.414750	-3.752727
-6.213866	-3.695558
-6.009824	-3.591326
-5.813994	-3.512994
-5.616585	-3.458035
-5.411911	-3.393916
-5.213554	-3.335483
-5.016461	-3.264416
-4.811156	-3.161132
-4.614063	-3.099224
-4.420128	-3.038896
-4.214507	-2.981411
-4.012676	-2.925504
-3.815266	-2.837697
-3.614699	-2.732201
-3.417606	-2.671241
-3.216722	-2.620073
-3.018049	-2.544899
-2.814955	-2.469094
-2.612492	-2.363283
-2.412241	-2.286215
-2.217358	-2.224623
-2.008578	-2.154187
-1.813380	-2.083120
-1.611865	-1.991838
-1.414772	-1.895818
-1.212309	-1.826962
-1.003845	-1.739786
-0.822860	-1.668719
-0.617555	-1.558486
-0.407512	-1.403085
-0.217999	-1.229049
-0.011430	-1.006372
0.188530	-0.746424
0.383122	-0.482053
0.583399	-0.217051
0.788415	-0.015852
0.991536	0.130405
1.185495	0.250130
1.389248	0.318995
1.580364	0.355955
1.781274	0.367011
1.984394	0.379331
2.193833	0.394494
2.384633	0.433665
2.587122	0.459252
2.790874	0.466518
2.982623	0.471256
3.185743	0.470625
3.387285	0.499371
3.584403	0.523695
3.787208	0.548335
3.994119	0.530645
4.184920	0.517061
4.384565	0.532856
4.584527	0.565709
4.791754	0.602985
4.985714	0.613725
5.190098	0.564130
5.385322	0.557812
5.583704	0.585294
5.787140	0.617200
5.988365	0.641840
6.188011	0.622886
6.385761	0.593192
6.591725	0.600142
6.781894	0.633942
6.983119	0.676272
7.188135	0.681958
7.384938	0.647526
7.587111	0.621938
7.786440	0.639944
7.986402	0.684801
8.179730	0.707546
8.388221	0.687329
8.591341	0.635206
8.784986	0.632363
8.986842	0.678168
9.184277	0.711337
9.383923	0.718286
9.585464	0.686065
9.790480	0.648158
9.986650	0.664900
9.782267	0.717339
9.586411	0.735977
9.384554	0.721129
9.183961	0.670586
8.993160	0.626993
8.790039	0.675641
8.586919	0.711337
8.384430	0.712284
8.182573	0.677536
7.985455	0.612462
7.788020	0.607091
7.588058	0.660162
7.386833	0.686065
7.187503	0.664584
6.989437	0.618148
6.786633	0.577081
6.586355	0.606775
6.388288	0.650685
6.190538	0.651632
5.991209	0.627624
5.781454	0.579292
5.590337	0.543912
5.385637	0.602669
5.187255	0.623834
4.988557	0.612777
4.792070	0.562550
4.585791	0.497792
4.381722	0.516113
4.186183	0.554021
3.988433	0.556232
3.787840	0.537910
3.589458	0.489894
3.386021	0.440299
3.183216	0.490842
2.982307	0.502530
2.789611	0.485156
2.583963	0.458936
2.386845	0.395442
2.188778	0.386281
1.984394	0.397337
1.781274	0.400812
1.583839	0.362904
1.394302	0.303516
1.180757	0.222647
0.987113	0.126615
0.784624	-0.018695
0.584347	-0.225264
0.380279	-0.482053
0.188846	-0.711680
-0.016168	-0.952677
-0.214209	-1.239157
-0.414460	-1.436250
-0.615660	-1.569225
-0.817491	-1.655769
-1.011110	-1.707569
-1.213257	-1.800430
-1.414456	-1.917928
-1.612813	-2.013316
-1.818750	-2.095438
-2.011421	-2.157662
-2.216727	-2.185457
-2.418558	-2.291900
-2.614388	-2.408134
-2.808322	-2.480781
-3.017102	-2.555954
-3.212932	-2.582802
-3.415395	-2.638077
-3.610909	-2.745467
-3.806107	-2.857280
-4.015203	-2.930874
-4.214507	-2.979515
-4.414443	-3.005731
-4.619748	-3.072061
-4.810840	-3.198402
-5.012039	-3.290000
-5.216082	-3.356646
-5.416333	-3.387599
-5.615322	-3.412552
-5.818100	-3.509835
-6.013930	-3.623859
-6.212918	-3.719563
-6.420119	-3.760624
-6.617844	-3.782733
-6.815885	-3.834849
-7.015189	-3.928658
-7.221126	-4.047104
-7.412534	-4.110590
-7.612786	-4.145334
-7.815565	-4.174709
-8.018027	-4.238196
-8.217015	-4.344323
-8.416951	-4.454240
-8.614992	-4.513621
-8.805452	-4.525939
-8.876520	-4.538258
-8.902104	-4.540153
-8.878099	-4.576476
-8.865465	-4.604903
-8.898946	-4.579319
-8.927373	-4.562894
-8.934637	-4.545207
-8.919792	-4.545207
-8.867991	-4.585951
-8.861359	-4.582161
-8.865781	-4.548365
-8.805452	-4.524676
-8.612782	-4.426129
-8.422637	-4.388543
-8.219543	-4.364222
-8.013605	-4.276414
-7.813354	-4.205347
-7.614997	-4.133964
-7.413797	-4.041102
-7.216704	-4.027205
-7.012662	-3.969719
-6.817780	-3.877174
-6.613422	-3.816530
-6.414750	-3.723984
-6.215445	-3.657339
-6.005402	-3.626385
-5.821890	-3.536999
-5.617217	-3.459298
-5.415701	-3.404340
-5.215765	-3.303266
-5.015198	-3.247992
-4.810840	-3.198718
-4.619116	-3.117544
-4.415074	-3.060690
-4.209137	-2.986464
-4.016782	-2.878758
-3.811160	-2.838012
-3.612488	-2.764102
-3.415395	-2.685771
-3.217354	-2.626706
-3.012048	-2.528159
-2.817798	-2.456460
-2.615019	-2.382866
-2.410661	-2.288741
-2.211357	-2.239784
-2.017422	-2.158293
-1.813696	-2.061010
-1.608391	-2.000682
-1.416035	-1.910663
-1.212309	-1.828225
-1.008583	-1.751157
-0.821597	-1.656716
-0.615660	-1.542377
-0.411618	-1.420141
-0.214209	-1.235682
-0.017115	-0.998160
0.190110	-0.717049
0.384385	-0.452047
0.578661	-0.221473
0.782413	0.004363
0.986797	0.151570
1.181705	0.257395
1.388616	0.307939
1.583839	0.331631
1.780642	0.368275
1.984394	0.391335
2.187515	0.414395
2.382106	0.435876
2.587754	0.441246
2.790243	0.445353
2.985150	0.470625
3.184480	0.482944
3.385389	0.515482
3.585667	0.517377
3.785628	0.508848
3.989381	0.529065
4.181761	0.535383
4.382039	0.565077
4.582632	0.580240
4.788280	0.559707
4.988873	0.552126
5.194837	0.583715
5.380899	0.597930
5.583388	0.616252
5.784613	0.619095
5.988365	0.596667
6.187063	0.602037
6.388605	0.616568
6.590146	0.647526
6.780946	0.660793
6.985646	0.636154
7.186240	0.638049
7.386833	0.639313
7.587427	0.655739
7.790863	0.681327
7.984823	0.690172
8.183205	0.644999
8.384430	0.658266
8.589130	0.665216
8.784669	0.692699
8.989054	0.711653
9.184277	0.677852
9.387713	0.648789
9.585779	0.677220
9.788900	0.684801
9.986966	0.720814
9.787320	0.723972
9.584831	0.679747
9.382975	0.657003
9.184277	0.675956
8.986526	0.699333
8.789723	0.713548
8.584076	0.701228
8.384430	0.647526
8.185732	0.638049
7.983875	0.660478
7.788020	0.680379
7.581425	0.675956
7.385885	0.634574
7.185292	0.610250
6.984699	0.630152
6.785369	0.636785
6.587618	0.650053
6.387025	0.644683
6.187063	0.595719
5.992472	0.588138
5.783981	0.611198
5.585599	0.622254
5.383426	0.620043
5.186939	0.584031
4.988241	0.543280
4.786384	0.544544
4.585791	0.555916
4.384565	0.578977
4.185552	0.557180
3.990012	0.514850
3.790683	0.476942
3.591353	0.492421
3.386337	0.510427
3.187007	0.510427
2.983886	0.474099
2.789611	0.436192
2.588070	0.416606
2.382422	0.440299
2.185619	0.436508
1.983762	0.408077
1.783169	0.361957
1.581944	0.321206
1.389248	0.291828
1.180757	0.245391
0.990272	0.142409
0.785572	-0.018379
0.582451	-0.230001
0.384385	-0.471946
0.190426	-0.750530
-0.014589	-1.013005
-0.201574	-1.248948
-0.417303	-1.405296
-0.617239	-1.521215
-0.816227	-1.638713
-1.012057	-1.751157
-1.208835	-1.848440
-1.405612	-1.926772
-1.614708	-1.980151
-1.814328	-2.042059
-2.017738	-2.153240
-2.222728	-2.255893
-2.412556	-2.337067
-2.613440	-2.398343
-2.810849	-2.424875
-3.018049	-2.512051
-3.218933	-2.625758
-3.420448	-2.712302
-3.611856	-2.780843
-3.815266	-2.808006
-4.013939	-2.832327
-4.213875	-2.953931
-4.417917	-3.072061
-4.615326	-3.135547
-4.815262	-3.205667
-5.012355	-3.214511
-5.214186	-3.246412
-5.414438	-3.406235
-5.617217	-3.509203
-5.818732	-3.571111
-6.012667	-3.598274
-6.217972	-3.579955
-6.418224	-3.675975
-6.613106	-3.832639
-6.813042	-3.927395
-7.014873	-3.985828
-7.218284	-3.964034
-7.409060	-3.967824
-7.615313	-4.117855
-7.814933	-4.248935
-8.015184	-4.331057
-8.219227	-4.371486
-8.418847	-4.322213
-8.608675	-4.376540
-8.799135	-4.545207
-8.821245	-4.600481
-8.839565	-4.607430
-8.885364	-4.576476
-8.980752	-4.489932
-8.956747	-4.513937
-8.892629	-4.589742
-8.868939	-4.610904
-8.871782	-4.600797
-8.919792	-4.538258
-8.966538	-4.465295
-8.884100	-4.519938
-8.788397	-4.568580
-8.616887	-4.523728
-8.417899	-4.437816
-8.216700	-4.271676
-8.018659	-4.194923
-7.818407	-4.212927
-7.614365	-4.186396
-7.411586	-4.117539
-7.221758	-4.008254
-7.015189	-3.875595
-6.813674	-3.829796
-6.617528	-3.833586
-6.416960	-3.771363
-6.208812	-3.693662
-6.012667	-3.565110
-5.818100	-3.460562
-5.615005	-3.438136
-5.416965	-3.418237
-5.212607	-3.364858
-5.013303	-3.262521
-4.816209	-3.149761
-4.616590	-3.080273
-4.408125	-3.055005
-4.217349	-3.000678
-4.014255	-2.930874
-3.812424	-2.813692
-3.616278	-2.730938
-3.413184	-2.670925
-3.219249	-2.615967
-3.011101	-2.547426
-2.816218	-2.460566
-2.614703	-2.370232
-2.412556	-2.278634
-2.220201	-2.218622
-2.018370	-2.159557
-1.814960	-2.083436
-1.612813	-2.002893
-1.413824	-1.905294
-1.205044	-1.823172
-1.009846	-1.739786
-0.815280	-1.668087
-0.614712	-1.558170
-0.410354	-1.418878
-0.213261	-1.224627
-0.011430	-0.987105
0.192637	-0.751793
0.379331	-0.478895
0.584031	-0.209155
0.787467	0.007206
0.981111	0.155361
1.190234	0.240337
1.389879	0.314256
1.581944	0.353427
1.783801	0.372697
1.994819	0.392598
2.182460	0.403023
2.387476	0.416922
2.585543	0.455146
2.793086	0.452934
2.983255	0.468413
3.182585	0.486419
3.385389	0.482629
3.587878	0.508848
3.787840	0.534751
3.984642	0.528117
4.182393	0.547387
4.385829	0.544860
4.585475	0.553073
4.784489	0.578661
4.986346	0.578977
5.187571	0.578029
5.386585	0.595087
5.584335	0.588138
5.786192	0.598246
5.982995	0.609303
6.187063	0.603932
6.388605	0.632047
6.592673	0.638681
6.784421	0.621622
6.983119	0.644051
7.187819	0.651948
7.386517	0.642472
7.587111	0.667111
7.788020	0.652580
7.983243	0.649737
8.185101	0.672482
8.385694	0.658898
8.583760	0.679115
8.787196	0.685433
8.990949	0.659530
9.186172	0.676588
9.382343	0.689224
9.580725	0.692699
9.785110	0.704703
9.983491	0.705019
9.785741	0.681643
9.586411	0.699333
9.385818	0.686697
9.182065	0.700596
8.987158	0.705651
8.790987	0.660162
8.584707	0.668059
8.382535	0.675009
8.187311	0.654160
7.985138	0.676272
7.788968	0.657634
7.588690	0.619727
7.383358	0.644051
7.185924	0.652580
6.983119	0.636154
6.783157	0.646578
6.587618	0.612462
6.386709	0.600773
6.183589	0.618464
5.987418	0.620043
5.785561	0.637733
5.585599	0.602353
5.384058	0.576134
5.190098	0.573290
4.985714	0.589401
4.784805	0.573606
4.583263	0.579924
4.385197	0.534119
4.183972	0.519588
3.989697	0.524327
3.786576	0.525590
3.586614	0.523063
3.385389	0.507268
3.183532	0.471572
2.982623	0.460516
2.788663	0.457989
2.593124	0.449775
2.386213	0.441562
2.182776	0.419765
1.983762	0.378067
1.780958	0.365747
1.581628	0.341108
1.391459	0.312361
1.188022	0.240337
0.985218	0.131037
0.784940	-0.028802
0.580556	-0.245478
0.386281	-0.482053
0.193900	-0.733789
-0.017747	-0.988684
-0.213261	-1.212941
-0.413829	-1.405612
-0.614396	-1.557854
-0.815912	-1.662718
-1.011110	-1.751789
-1.212625	-1.818118
-1.411613	-1.897713
-1.614076	-1.972571
-1.813696	-2.089437
-2.015527	-2.173770
-2.217358	-2.242627
-2.410029	-2.289373
-2.616598	-2.366757
-2.814008	-2.464356
-3.014575	-2.561008
-3.217038	-2.648184
-3.418869	-2.677558
-3.611224	-2.724305
-3.813371	-2.816850
-4.016150	-2.915397
-4.216086	-2.998466
-4.421391	-3.064480
-4.609957	-3.090696
-4.808945	-3.149129
-5.012671	-3.240411
-5.218292	-3.359488
-5.412227	-3.433398
-5.616269	-3.452034
-5.818732	-3.492779
-6.013299	-3.573322
-6.213550	-3.691767
-6.413802	-3.783681
-6.618475	-3.835165
-6.817780	-3.847484
-7.020243	-3.881912
-7.221126	-4.003831
-7.415377	-4.107432
-7.614365	-4.188291
-7.816196	-4.212927
-8.017712	-4.211980
-8.215436	-4.277046
-8.424532	-4.416337
-8.613413	-4.508567
-8.787133	-4.573633
-8.880626	-4.537626
-8.934321	-4.499407
-8.910948	-4.535099
-8.875572	-4.593216
-8.867991	-4.615958
-8.898946	-4.591321
-8.952009	-4.528782
-8.950114	-4.512989
-8.891681	-4.558156
-8.849041	-4.596691
-8.829457	-4.591953
-8.807347	-4.521517
-8.611518	-4.383805
-8.419478	-4.359168
-8.214489	-4.369907
-8.017395	-4.329793
-7.816512	-4.249882
-7.612154	-4.106168
-7.408112	-4.003831
-7.214809	-3.999094
-7.015189	-3.986144
-6.815885	-3.923604
-6.612474	-3.822531
-6.415065	-3.655760
-6.212603	-3.615330
-6.012351	-3.624174
-5.814310	-3.572690
-5.610584	-3.486146
-5.415386	-3.374333
-5.216397	-3.236305
-5.013303	-3.232515
-4.809261	-3.218617
-4.619116	-3.151024
-4.416969	-3.059111
-4.214822	-2.927083
-4.018992	-2.846540
-3.815898	-2.828221
-3.610909	-2.778316
-3.416342	-2.708828
-3.219565	-2.606807
-3.016470	-2.471305
-2.814008	-2.421716
-2.612808	-2.400554
-2.409398	-2.324749
-2.216727	-2.240731
-2.015843	-2.130498
-1.816855	-2.023423
-1.617866	-1.982994
-1.407191	-1.936879
-1.215783	-1.838017
-1.011110	-1.748630
-0.816543	-1.618814
-0.615660	-1.517109
-0.413513	-1.421089
-0.214209	-1.251159
-0.010482	-1.016479
0.187898	-0.733789
0.383437	-0.445098
0.585294	-0.217683
0.787152	-0.016484
0.984902	0.158520
1.187391	0.268768
1.385141	0.297198
1.583207	0.311413
1.781905	0.365431
1.978708	0.413763
2.185303	0.435876
2.388424	0.435560
2.587754	0.419134
2.786136	0.419450
2.983886	0.475363
3.183848	0.523063
3.380019	0.536647
3.586930	0.508532
3.786892	0.492105
3.988117	0.502214
4.185236	0.565393
4.384565	0.589401
4.588950	0.578345
4.786700	0.557812
4.984135	0.547703
5.189150	0.576765
5.383426	0.623834
5.583704	0.640576
5.786192	0.610882
5.984890	0.578977
6.187063	0.579608
6.393343	0.629204
6.589829	0.659214
6.783789	0.673429
6.985331	0.635522
7.181185	0.614989
7.385254	0.631415
7.589322	0.676904
7.785493	0.695226
7.985138	0.675641
8.184153	0.649421
8.382218	0.648789
8.586287	0.657950
8.788775	0.704387
8.983684	0.707230
9.183645	0.674061
9.388660	0.664268
9.580093	0.668691
9.786689	0.695226
9.992021	0.725236
9.784477	0.707546
9.587043	0.682590
9.390241	0.654476
9.180170	0.674693
8.988106	0.691119
8.787512	0.705019
8.585340	0.671534
8.388853	0.652580
8.188575	0.637733
7.985770	0.646894
7.789284	0.677852
7.588374	0.662689
7.386833	0.637417
7.187503	0.633311
6.985014	0.611198
6.782842	0.638681
6.591409	0.647526
6.393343	0.621307
6.185800	0.620043
5.988997	0.606459
5.784613	0.591612
5.584020	0.607723
5.383742	0.606775
5.185992	0.581504
4.982871	0.583083
4.787964	0.556864
4.584843	0.552441
4.383302	0.560971
4.183024	0.541385
3.992224	0.526538
3.787208	0.514218
3.586614	0.489894
3.386337	0.499687
3.186375	0.490842
2.985150	0.467150
2.788347	0.465886
2.587754	0.447880
2.384001	0.415659
2.182460	0.418818
1.983131	0.398285
1.780010	0.370486
1.580048	0.350584
1.387984	0.300673
1.184232	0.223595
0.989324	0.130721
0.789679	-0.011114
0.584031	-0.216104
0.382174	-0.462786
0.189162	-0.704415
-0.016168	-0.998475
-0.211998	-1.231892
-0.414145	-1.411613
-0.620082	-1.559433
-0.822229	-1.640608
-1.013321	-1.728415
-1.212941	-1.828541
-1.414140	-1.915717
-1.613128	-2.014580
-1.815591	-2.087226
-2.013948	-2.143764
-2.223359	-2.231888
-2.406555	-2.323169
-2.613124	-2.391710
-2.812112	-2.483939
-3.018681	-2.550269
-3.212932	-2.597015
-3.418237	-2.678190
-3.615962	-2.756838
-3.813371	-2.842119
-4.013307	-2.917924
-4.215138	-2.952668
-4.416337	-3.033526
-4.616905	-3.111858
-4.813051	-3.197771
-5.012671	-3.274208
-5.217345	-3.331693
-5.420439	-3.380335
-5.617533	-3.467510
-5.817469	-3.539526
-6.014562	-3.629228
-6.212286	-3.704401
-6.413802	-3.728406
-6.615317	-3.795052
-6.822834	-3.863908
-7.014557	-3.958349
-7.217336	-4.041418
-7.418220	-4.083427
-7.614365	-4.101115
-7.816196	-4.198082
-8.018027	-4.266307
-8.212277	-4.371486
-8.408739	-4.444133
-8.616571	-4.456767
-8.808927	-4.507620
-8.874941	-4.537941
-8.872729	-4.566684
-8.868624	-4.591005
-8.886943	-4.584056
-8.935268	-4.542679
-8.933373	-4.553419
-8.912211	-4.561315
-8.887575	-4.581845
-8.864202	-4.593848
-8.890734	-4.554050
-8.891681	-4.516148
-8.808611	-4.512357
-8.610254	-4.477298
-8.413477	-4.446976
-8.220490	-4.354746
-8.014553	-4.229352
-7.816196	-4.175656
-7.611522	-4.137438
-7.408112	-4.105537
-7.221126	-4.053421
-7.018663	-3.936555
-6.815885	-3.835797
-6.620371	-3.769783
-6.413486	-3.735987
-6.204391	-3.699032
-6.017088	-3.627649
-5.818100	-3.500044
-5.615953	-3.427713
-5.411595	-3.388231
-5.212607	-3.336115
-5.010144	-3.275471
-4.815578	-3.188295
-4.616905	-3.088485
-4.416337	-3.013628
-4.214191	-2.967197
-4.014886	-2.933400
-3.814319	-2.854121
-3.614067	-2.748941
-3.420132	-2.648500
-3.217354	-2.591962
-3.015839	-2.545847
-2.818114	-2.473200
-2.613124	-2.383182
-2.415083	-2.287794
-2.217358	-2.202197
-2.014895	-2.149450
-1.815275	-2.094807
-1.614392	-2.008578
-1.414772	-1.906242
-1.217994	-1.812117
-1.011741	-1.732206
-0.817175	-1.664613
-0.618187	-1.569225
-0.415408	-1.427722
-0.213261	-1.208519
-0.009219	-0.970680
0.185055	-0.735369
0.384069	-0.466892
0.583715	-0.214840
0.783993	0.003732
0.984902	0.142094
1.187391	0.237494
1.390195	0.307307
1.579732	0.366063
1.782537	0.389755
1.986290	0.377120
2.187515	0.385965
2.387476	0.417870
2.586806	0.457357
2.789611	0.481997
2.986098	0.485156
3.190166	0.472204
3.385705	0.461780
3.584719	0.508532
3.789735	0.549914
3.991276	0.570447
4.182393	0.544544
4.383934	0.512955
4.587054	0.536015
4.784173	0.594455
4.986662	0.620675
5.187255	0.609618
5.380583	0.567920
5.584967	0.546439
5.785561	0.598246
5.984574	0.644367
6.186431	0.660162
6.391131	0.641840
6.590777	0.587506
6.782210	0.588769
6.984699	0.652264
7.185924	0.695858
7.382727	0.689856
7.586795	0.650053
7.791495	0.587506
7.982612	0.640892
8.180046	0.704387
8.387273	0.723657
8.586919	0.702492
8.783405	0.637417
8.987790	0.605196
9.183645	0.673113
9.379499	0.741663
9.587991	0.740083
9.784477	0.700280
9.981912	0.633311
9.785741	0.639313
9.583568	0.710073
9.381395	0.742294
9.182697	0.732502
8.988421	0.663952
8.788460	0.607091
8.587867	0.653844
8.382535	0.713864
8.185416	0.718602
7.986086	0.686065
7.783282	0.610882
7.584584	0.589401
7.387149	0.641208
7.183712	0.676904
6.984067	0.676904
6.786316	0.640576
6.592357	0.569184
6.387657	0.578029
6.186748	0.636154
5.984259	0.660793
5.784613	0.644367
5.585283	0.585294
5.379319	0.546755
5.186939	0.563498
4.985714	0.603301
4.786068	0.610250
4.582948	0.575502
4.386145	0.521168
4.182709	0.494633
3.987801	0.519272
3.786892	0.561918
3.584403	0.543912
3.390759	0.500951
3.184796	0.459568
2.986414	0.449144
2.788031	0.461780
2.587754	0.473152
2.387161	0.445985
2.184988	0.404287
1.986605	0.374908
1.781905	0.350900
1.582260	0.351532
1.387036	0.312361
1.186759	0.240653
0.990588	0.149991
0.784624	-0.014273
0.582767	-0.222421
0.381858	-0.483317
0.186003	-0.752425
-0.013325	-0.988684
-0.213261	-1.213257
-0.413197	-1.399927
-0.617239	-1.550273
-0.817175	-1.663981
-1.010794	-1.749893
-1.215468	-1.818118
-1.412877	-1.901188
-1.614708	-1.969728
-1.817486	-2.079646
-2.016159	-2.170928
-2.212305	-2.245785
-2.416662	-2.313694
-2.615967	-2.374654
-2.812744	-2.463093
-3.014575	-2.554375
-3.214827	-2.628285
-3.417606	-2.693983
-3.610909	-2.768524
-3.814319	-2.806427
-4.013939	-2.895814
-4.212927	-2.987727
-4.416337	-3.052162
-4.620380	-3.118807
-4.810840	-3.183873
-5.015198	-3.251150
-5.213554	-3.338010
-5.416649	-3.412868
-5.619428	-3.474459
-5.818100	-3.549317
-6.012035	-3.588799
-6.216077	-3.662077
-6.414433	-3.766309
-6.614686	-3.806738
-6.820622	-3.891703
-7.016137	-3.953927
-7.218599	-3.986144
-7.411271	-4.068266
-7.616576	-4.157653
-7.815565	-4.206610
-8.012026	-4.307683
-8.206908	-4.355694
-8.420742	-4.380014
-8.606149	-4.490248
-8.801347	-4.544259
-8.841776	-4.571106
-8.862938	-4.579950
-8.913475	-4.548049
-8.909053	-4.554998
-8.905263	-4.573001
-8.907158	-4.574265
-8.891365	-4.587215
-8.895787	-4.574265
-8.919160	-4.536362
-8.888206	-4.549313
-8.858200	-4.553734
-8.799767	-4.548049
-8.612782	-4.502250
-8.417583	-4.386015
-8.221437	-4.318423
-8.016764	-4.273255
-7.814301	-4.207558
-7.614681	-4.178184
-7.413482	-4.092271
-7.217336	-3.979195
-7.013926	-3.943187
-6.815885	-3.875911
-6.612790	-3.820952
-6.415065	-3.769468
-6.211339	-3.673448
-6.012351	-3.576796
-5.816837	-3.532892
-5.617217	-3.469406
-5.414438	-3.410025
-5.214502	-3.337379
-5.015198	-3.235358
-4.809893	-3.169344
-4.619116	-3.120702
-4.413495	-3.062585
-4.214822	-2.998151
-4.013623	-2.908448
-3.814319	-2.802005
-3.614699	-2.751153
-3.415710	-2.692088
-3.220512	-2.624811
-3.017734	-2.548374
-2.812428	-2.445405
-2.614388	-2.364547
-2.412241	-2.296006
-2.218306	-2.241995
-2.018686	-2.167769
-1.816539	-2.076171
-1.611233	-1.976361
-1.416351	-1.901504
-1.210098	-1.822224
-1.012373	-1.751789
-0.818123	-1.671877
-0.612185	-1.551537
-0.410670	-1.402769
-0.212313	-1.231892
-0.007956	-1.013636
0.187898	-0.737580
0.385965	-0.470051
0.584031	-0.223053
0.783993	-0.020274
0.985534	0.142094
1.187707	0.243180
1.387984	0.322470
1.584155	0.348057
1.787276	0.354375
1.985658	0.392283
2.186567	0.401759
2.382738	0.445353
2.587438	0.457357
2.789295	0.438403
2.983886	0.442826
3.183216	0.474099
3.385389	0.509796
3.591669	0.528749
3.785944	0.532856
3.988117	0.512323
4.185552	0.525590
4.377932	0.561918
4.583895	0.586874
4.786384	0.597930
4.986346	0.555600
5.185676	0.549598
5.383426	0.576765
5.586546	0.605828
5.785245	0.644051
5.987102	0.622254
6.183904	0.582451
6.387657	0.589401
6.589829	0.632363
6.778735	0.661425
6.984067	0.674061
7.187187	0.636785
7.380831	0.602037
7.591218	0.619727
7.788652	0.685433
7.983243	0.706914
8.181941	0.691751
8.384430	0.648474
8.585024	0.626993
8.786249	0.669639
8.984947	0.717970
9.181749	0.729343
9.386450	0.681327
9.581357	0.644051
9.787004	0.648789
9.984439	0.712600
9.784162	0.742610
9.583884	0.727447
9.386765	0.665848
9.181749	0.633942
8.988421	0.670902
8.788460	0.703123
8.586603	0.718918
8.386326	0.685117
8.182889	0.614041
7.990509	0.602669
7.793706	0.657634
7.587111	0.683222
7.384938	0.682906
7.190031	0.622886
6.983751	0.583083
6.783157	0.598246
6.590777	0.657003
6.389236	0.671534
6.183904	0.652896
5.987102	0.581820
5.789983	0.546124
5.583704	0.598246
5.382794	0.636154
5.188835	0.626045
4.993927	0.578977
4.786700	0.530329
4.582632	0.515166
4.386145	0.557812
4.184288	0.590665
3.984642	0.557812
3.785628	0.507900
3.588826	0.457357
3.386021	0.474731
3.181005	0.505689
2.981991	0.505373
2.791190	0.644999
2.590913	0.416606
2.386213	0.389439
2.186251	0.409025
1.980603	0.424504
1.782221	0.392914
1.581312	0.350584
1.387036	0.285510
1.187391	0.227701
0.983954	0.135776
0.783677	-0.011114
0.588769	-0.225264
0.384701	-0.462154
0.194532	-0.708521
-0.012062	-1.000055
-0.216104	-1.255897
-0.415092	-1.435618
-0.614080	-1.549642
-0.817491	-1.630500
-1.011425	-1.705674
-1.213888	-1.821908
-1.413508	-1.932457
-1.613128	-2.019949
-1.818750	-2.076803
-2.018054	-2.116285
-2.218937	-2.204408
-2.411293	-2.317168
-2.614072	-2.410029
-2.817166	-2.492152
-3.020892	-2.526896
-3.213879	-2.575222
-3.413184	-2.663029
-3.615330	-2.771367
-3.807054	-2.859175
-4.011412	-2.915397
-4.216718	-2.949509
-4.416337	-2.995624
-4.614694	-3.109963
-4.812735	-3.215775
-5.012039	-3.290632
-5.206606	-3.331377
-5.412543	-3.370227
-5.617533	-3.428029
-5.817153	-3.547738
-6.013299	-3.648811
-6.215129	-3.694926
-6.415697	-3.722721
-6.612790	-3.773574
-6.813358	-3.864224
-7.022454	-3.964666
-7.218599	-4.047420
-7.414113	-4.080584
-7.614049	-4.123857
-7.816196	-4.165865
-8.014553	-4.259042
-8.218911	-4.372434
-8.418530	-4.440027
-8.611518	-4.464664
-8.805137	-4.526887
-8.883153	-4.531309
-8.872414	-4.563842
-8.855989	-4.599533
-8.890417	-4.581845
-8.908105	-4.565421
-8.924846	-4.560051
-8.921056	-4.553102
-8.885364	-4.582477
-8.871782	-4.588794
-8.883153	-4.560683
-8.858200	-4.552471
-8.804189	-4.513621
-8.614676	-4.458346
-8.417583	-4.437500
-8.218595	-4.357904
-8.017079	-4.287469
-7.819355	-4.216718
-7.615629	-4.121014
-7.413166	-4.084059
-7.216073	-4.041418
-7.018663	-3.954242
-6.813042	-3.879069
-6.613422	-3.806422
-6.410327	-3.722089
-6.214498	-3.683239
-6.012667	-3.602065
-5.816521	-3.539841
-5.615322	-3.476670
-5.412859	-3.381282
-5.212923	-3.325376
-5.016461	-3.268838
-4.813683	-3.188295
-4.617221	-3.132705
-4.416022	-3.059427
-4.215138	-2.968460
-4.014255	-2.899288
-3.816530	-2.831379
-3.613435	-2.755574
-3.417606	-2.700616
-3.220512	-2.615335
-3.014891	-2.525632
-2.814008	-2.458039
-2.617546	-2.380339
-2.407187	-2.319695
-2.217042	-2.230308
-2.016475	-2.145343
-1.815907	-2.073960
-1.614708	-1.994997
-1.413824	-1.913190
-1.209150	-1.847177
-1.012689	-1.737575
-0.816859	-1.648504
-0.614712	-1.554379
-0.415408	-1.426143
-0.212945	-1.241683
-0.008587	-1.003213
0.185055	-0.726841
0.383437	-0.478579
0.585926	-0.223053
0.781150	-0.009219
0.986165	0.150939
1.186127	0.257079
1.389879	0.293407
1.585419	0.341423
1.786328	0.368906
1.979340	0.397969
2.183724	0.421345
2.384317	0.416922
2.590281	0.425767
2.788663	0.454198
2.983886	0.475047
3.178794	0.511691
3.388864	0.509164
3.586298	0.497160
3.788156	0.518325
3.986854	0.542333
4.183024	0.548335
4.384250	0.578661
4.582948	0.550862
4.782593	0.567920
4.988241	0.570763
5.182201	0.583083
5.381846	0.613093
5.592233	0.612146
5.785245	0.588453
5.986154	0.593824
6.184852	0.614673
6.387657	0.626045
6.594252	0.647526
6.784421	0.625729
6.987542	0.611514
7.191926	0.627309
7.384622	0.661741
7.587111	0.676272
7.786757	0.709441
7.989245	0.646262
8.180362	0.655107
8.384114	0.659530
8.585340	0.690803
8.783405	0.695226
8.989685	0.686697
9.182065	0.657319
9.384870	0.666480
9.586095	0.686697
9.789216	0.724604
9.992652	0.730290
9.782267	0.685749
9.584516	0.669639
9.384238	0.678168
9.181434	0.707546
8.991581	0.711653
8.785933	0.701860
8.585655	0.667427
8.384430	0.639944
8.189523	0.656687
7.984191	0.665532
7.786440	0.686381
7.592797	0.643103
7.387149	0.616252
7.182765	0.614989
6.984067	0.638365
6.786633	0.668059
6.585407	0.651001
6.392711	0.602669
6.191486	0.591928
5.983311	0.611830
5.786192	0.628572
5.579597	0.628888
5.382163	0.594455
5.191362	0.558443
4.982871	0.549282
4.783857	0.575186
4.585159	0.587506
4.382986	0.568552
4.183024	0.518641
3.990328	0.502214
3.789735	0.491474
3.589773	0.513586
3.386969	0.524327
3.184480	0.485156
2.983571	0.445353
2.795297	0.425767
2.587754	0.454198
2.385897	0.451987
2.188462	0.430190
1.985026	0.391651
1.782853	0.344582
1.579732	0.330367
1.388932	0.313941
1.184864	0.251393
0.985218	0.145884
0.786204	-0.025959
0.584347	-0.235687
0.385649	-0.493108
0.186951	-0.758426
-0.011114	-1.011425
-0.217999	-1.232208
-0.416987	-1.380028
-0.615344	-1.529427
-0.819386	-1.662718
-1.012689	-1.757474
-1.212309	-1.837701
-1.415403	-1.902135
-1.612813	-1.953936
-1.808327	-2.071433
-2.017738	-2.178192
-2.217358	-2.262525
-2.411925	-2.321590
-2.608386	-2.353176
-2.815271	-2.424875
-3.013628	-2.547110
-3.215459	-2.644078
-3.415710	-2.711355
-3.613751	-2.741361
-3.808002	-2.771051
-4.013939	-2.867071
-4.215138	-2.996887
-4.416337	-3.079641
-4.612484	-3.148498
-4.815578	-3.151972
-5.010144	-3.182294
-5.213871	-3.318111
-5.416965	-3.435293
-5.616585	-3.507624
-5.817784	-3.545842
-6.012035	-3.527523
-6.212286	-3.597011
-6.418856	-3.750201
-6.615949	-3.856012
-6.818411	-3.911918
-7.017716	-3.918551
-7.224600	-3.891387
-7.408744	-4.033522
-7.613418	-4.168708
-7.811458	-4.259674
-8.018974	-4.307683
-8.215120	-4.274203
-8.413161	-4.288101
-8.615308	-4.460241
-8.782711	-4.583109
-8.824088	-4.599533
-8.868624	-4.577739
-8.957063	-4.501303
-8.960853	-4.499092
-8.893260	-4.583109
-8.876836	-4.608377
-8.873677	-4.606798
-8.913475	-4.561315
-8.973487	-4.480772
-8.918529	-4.512673
-8.838302	-4.579950
-8.783659	-4.581530
-8.613413	-4.504777
-8.421373	-4.362010
-8.215436	-4.264728
-8.015817	-4.263780
-7.813669	-4.261569
-7.613101	-4.193976
-7.412534	-4.078057
-7.214809	-3.968772
-7.018348	-3.894862
-6.815885	-3.885702
-6.616896	-3.859802
-6.416329	-3.771363
-6.212918	-3.646284
-6.008876	-3.549633
-5.821890	-3.494358
-5.616585	-3.476355
-5.415386	-3.431503
-5.211344	-3.340537
-5.008249	-3.235673
-4.807050	-3.153551
-4.618801	-3.109332
-4.416337	-3.069534
-4.213875	-3.003204
-4.016782	-2.910975
-3.814950	-2.822536
-3.611856	-2.733149
-3.422659	-2.686402
-3.218301	-2.639656
-3.014259	-2.549953
-2.816534	-2.451406
-2.609650	-2.365810
-2.410977	-2.288425
-2.221464	-2.235678
-2.017107	-2.167137
-1.814012	-2.074908
-1.615024	-1.989943
-1.410982	-1.900556
-1.211046	-1.824751
-1.015216	-1.756842
-0.817175	-1.664929
-0.616291	-1.549010
-0.415408	-1.415719
-0.213893	-1.217994
-0.012378	-0.997844
0.190110	-0.735685
0.381542	-0.467208
0.583083	-0.205049
0.784940	0.002468
0.986481	0.149043
1.184232	0.252025
1.386721	0.319311
1.582576	0.347741
1.780958	0.372065
1.982499	0.387860
2.187831	0.398285
2.385897	0.439983
2.587754	0.442826
2.787084	0.452934
2.983255	0.473152
3.184796	0.474731
3.386653	0.497792
3.585035	0.524643
3.791314	0.511375
3.988749	0.541701
4.184288	0.546124
4.381722	0.530961
4.584527	0.570447
4.784805	0.573606
4.981607	0.576765
5.186307	0.591928
5.383742	0.574238
5.583072	0.586242
5.785245	0.609618
5.988365	0.607091
6.186116	0.616252
6.382602	0.620675
6.588882	0.605512
6.782842	0.629520
6.982172	0.643735
7.184029	0.650685
7.387149	0.666795
7.583004	0.645630
7.788020	0.656371
7.987350	0.670586
8.180994	0.664584
8.382535	0.679747
8.587867	0.682906
8.781510	0.650685
8.990633	0.665216
9.182697	0.684801
9.383923	0.682590
9.582936	0.709441
9.788900	0.698385
9.988230	0.670270
9.780371	0.693015
9.583252	0.698069
9.384238	0.700280
9.178906	0.706914
8.988106	0.664268
8.784353	0.676904
8.585655	0.679115
8.384430	0.677852
8.186996	0.687329
7.982927	0.667111
7.783913	0.634574
7.586795	0.647842
7.386833	0.637417
7.191294	0.645315
6.984383	0.660162
6.783789	0.618464
6.584459	0.608355
6.386077	0.622570
6.186748	0.618779
5.984890	0.636470
5.786192	0.618779
5.590022	0.577081
5.382794	0.591928
5.186307	0.584347
4.980976	0.589085
4.786068	0.591928
4.584211	0.557496
4.379827	0.535067
4.183972	0.526538
3.989697	0.530013
3.783417	0.538858
3.584719	0.521484
3.386337	0.482313
3.185112	0.466834
2.981043	0.468729
2.788663	0.472520
2.589333	0.454830
2.390003	0.424188
2.185619	0.402391
1.985342	0.382174
1.783801	0.372065
1.586050	0.353112
1.387036	0.310466
1.187391	0.232440
0.989956	0.120613
0.788415	-0.025959
0.584031	-0.231581
0.386596	-0.493740
0.187582	-0.748003
-0.010798	-0.999107
-0.210418	-1.238209
-0.415724	-1.425195
-0.612817	-1.560065
-0.816227	-1.655137
-1.012689	-1.732837
-1.212941	-1.811169
-1.413508	-1.910032
-1.615971	-2.003209
-1.815907	-2.095754
-2.018054	-2.164611
-2.219569	-2.214831
-2.414767	-2.292847
-2.614388	-2.394237
-2.814955	-2.480465
-3.016470	-2.565114
-3.217670	-2.606491
-3.417606	-2.654185
-3.615015	-2.737255
-3.813687	-2.845277
-4.013307	-2.930558
-4.214822	-2.991834
-4.409705	-3.026578
-4.615958	-3.081536
-4.811156	-3.181031
-5.017093	-3.281788
-5.215450	-3.362963
-5.413806	-3.395496
-5.617848	-3.426450
-5.819679	-3.509203
-6.013930	-3.621016
-6.209760	-3.717351
-6.414433	-3.765993
-6.613106	-3.775469
-6.815253	-3.832007
-7.019295	-3.929606
-7.217968	-4.030047
-7.411271	-4.116908
-7.614365	-4.153231
-7.816196	-4.143755
-8.018027	-4.219560
-8.216700	-4.353483
-8.420110	-4.456451
-8.610254	-4.520885
-8.807347	-4.516779
-8.910001	-4.490248
-8.900209	-4.534467
-8.864833	-4.591953
-8.851252	-4.617221
-8.887891	-4.593216
-8.960221	-4.527518
-8.971592	-4.501934
-8.898946	-4.565737
-8.859464	-4.599533
-8.845882	-4.596691
-8.864833	-4.553102
-8.813981	-4.434973
-8.614045	-4.422655
-8.421373	-4.442870
-8.217332	-4.403072
-8.008552	-4.317475
-7.820302	-4.175025
-7.612786	-4.048051
-7.411902	-4.067950
-7.221442	-4.069845
-7.016768	-3.994988
-6.808936	-3.901811
-6.617844	-3.739461
-6.416960	-3.666183
-6.211971	-3.680712
-6.010140	-3.647548
-5.815573	-3.567321
-5.615953	-3.446664
-5.416649	-3.305161
-5.217661	-3.286842
-5.012671	-3.281472
-4.810524	-3.226198
-4.617221	-3.149761
-4.416337	-3.013628
-4.214507	-2.908764
-4.016782	-2.904026
-3.811792	-2.862649
-3.616278	-2.799162
-3.410973	-2.701247
-3.217670	-2.549637
-3.012680	-2.490572
-2.815271	-2.464672
-2.616914	-2.395816
-2.412556	-2.319379
-2.216727	-2.222096
-2.016475	-2.103651
-1.817171	-2.050587
-1.614076	-2.003840
-1.410350	-1.938774
-1.212941	-1.836438
-1.011741	-1.722414
-0.816227	-1.622604
-0.619450	-1.549010
-0.416356	-1.439724
-0.213261	-1.251475
-0.010798	-0.993106
0.189162	-0.697466
0.384385	-0.464365
0.584347	-0.233792
0.783045	-0.017747
0.989956	0.152834
1.183916	0.246655
1.394302	0.278560
1.581944	0.327524
1.782537	0.383437
1.985658	0.421977
2.190989	0.415659
2.387161	0.410289
2.585227	0.405866
2.788347	0.454514
2.991468	0.500003
3.183848	0.510111
3.385705	0.499055
3.587878	0.488631
3.795105	0.490210
3.987170	0.545492
4.183656	0.579924
4.383934	0.569816
4.582632	0.553389
4.785120	0.548019
4.983503	0.551494
5.183780	0.601089
5.381215	0.626677
5.584020	0.600773
5.785876	0.579608
5.987102	0.579292
6.190538	0.602353
6.386077	0.646894
6.583827	0.655739
6.785053	0.620359
6.989437	0.613725
7.185292	0.624466
7.385885	0.651317
7.590586	0.676904
7.785809	0.665848
7.989877	0.647842
8.186048	0.662057
8.386642	0.652896
8.582812	0.687013
8.787828	0.700912
8.988737	0.670586
9.183013	0.674377
9.384870	0.665216
9.586095	0.681643
9.785741	0.720182
9.993284	0.706914
9.782267	0.684486
9.581357	0.689856
9.386765	0.661425
9.177958	0.693015
8.986842	0.707230
8.787196	0.683222
8.586287	0.669954
8.386009	0.667427
8.188259	0.641840
7.980716	0.675956
7.787704	0.663321
7.589954	0.634258
7.383358	0.646578
7.183712	0.626045
6.984383	0.626361
6.784737	0.645630
6.588566	0.632047
6.389868	0.632363
6.187379	0.630783
5.981100	0.595403
5.784297	0.608039
5.585283	0.605196
5.381846	0.590349
5.193257	0.587190
4.991716	0.570132
4.784805	0.552441
4.583580	0.564130
4.385197	0.547387
4.186499	0.537594
3.987801	0.543596
3.784997	0.507584
3.584087	0.501898
3.389812	0.501266
3.183216	0.489578
2.987045	0.487051
2.788979	0.475679
2.588070	0.434613
2.380843	0.429874
2.183408	0.414079
1.983131	0.399864
1.778746	0.392283
1.584155	0.344582
1.384825	0.300357
1.182652	0.233387
0.990272	0.125983
0.785256	-0.015852
0.584979	-0.229054
0.383437	-0.477000
0.188846	-0.748635
-0.006692	-1.011741
-0.212945	-1.244210
-0.416040	-1.425511
-0.615976	-1.538903
-0.820018	-1.633659
-1.012689	-1.741365
-1.213572	-1.830752
-1.413824	-1.932142
-1.616603	-2.002577
-1.815907	-2.063221
-2.013000	-2.154187
-2.212305	-2.240100
-2.409398	-2.325696
-2.609965	-2.404976
-2.819377	-2.466883
-3.015839	-2.525001
-3.215143	-2.607439
-3.424238	-2.692719
-3.614067	-2.771683
-3.813371	-2.840855
-4.015203	-2.882232
-4.211664	-2.955194
-4.415390	-3.026893
-4.621959	-3.123229
-4.813051	-3.208510
-5.012671	-3.261258
-5.216082	-3.305793
-5.415070	-3.382230
-5.614690	-3.476355
-5.823786	-3.557845
-6.012667	-3.631755
-6.214498	-3.651970
-6.413802	-3.711350
-6.617844	-3.803264
-6.818096	-3.892335
-7.018663	-3.974457
-7.220179	-4.012360
-7.412534	-4.036681
-7.612470	-4.105537
-7.819986	-4.202820
-8.013289	-4.305157
-8.214805	-4.378435
-8.420110	-4.398018
-8.614045	-4.435289
-8.809559	-4.515516
-8.846829	-4.566684
-8.845566	-4.600797
-8.868308	-4.593532
-8.933373	-4.538889
-8.938744	-4.540784
-8.920424	-4.562263
-8.881889	-4.596691
-8.859779	-4.607430
-8.899893	-4.566369
-8.917897	-4.520885
-8.886943	-4.520254
-8.796609	-4.548681
-8.614676	-4.520885
-8.418215	-4.444133
-8.216700	-4.312106
-8.019607	-4.216086
-7.812406	-4.186711
-7.612786	-4.180710
-7.414745	-4.123857
-7.217968	-4.019309
-7.017400	-3.902127
-6.814937	-3.839903
-6.613422	-3.805159
-6.416013	-3.771047
-6.213866	-3.701875
-6.009508	-3.566057
-5.816521	-3.474459
-5.614690	-3.447927
-5.418544	-3.406867
-5.214186	-3.356330
-5.011724	-3.273260
-4.809261	-3.156078
-4.615958	-3.077746
-4.417601	-3.055320
-4.216718	-3.000678
-4.012991	-2.923293
-3.819057	-2.826010
-3.617857	-2.716724
-3.416658	-2.671873
-3.216090	-2.629233
-3.015839	-2.570168
-2.815903	-2.471937
-2.613756	-2.353807
-2.415399	-2.261578
-2.214515	-2.227466
-2.015843	-2.153556
-1.814328	-2.097965
-1.615971	-1.993733
-1.415719	-1.884448
-1.214836	-1.806747
-1.012057	-1.756842
-0.817175	-1.673457
-0.613765	-1.570488
-0.414145	-1.402769
-0.211682	-1.178513
-0.008903	-0.982367
0.186951	-0.737895
0.384701	-0.460575
0.589401	-0.199679
0.783677	-0.006060
0.986797	0.134196
1.187707	0.245707
1.389248	0.326576
1.581628	0.369222
1.789803	0.377751
1.984710	0.356271
2.185619	0.385649
2.390635	0.439983
2.585543	0.477574
2.789927	0.476311
2.986414	0.446617
3.186375	0.446301
3.385705	0.492421
3.589142	0.545808
3.784049	0.565077
3.988117	0.549914
4.185236	0.491474
4.383934	0.509164
4.588950	0.568236
4.786384	0.619727
4.984135	0.628572
5.187255	0.578029
5.384690	0.521168
5.589390	0.566657
5.784929	0.645630
5.985522	0.653212
6.187063	0.643103
6.388288	0.583083
6.587303	0.554337
6.784737	0.629204
6.984699	0.687645
7.182765	0.704387
7.387465	0.663637
7.590586	0.603932
7.786440	0.614041
7.984191	0.686381
8.183520	0.714496
8.381271	0.712284
8.586287	0.672797
8.789408	0.602353
8.990317	0.635522
9.183645	0.711653
9.385186	0.735977
9.582305	0.704703
9.786373	0.648789
9.987598	0.632679
9.782582	0.688276
9.583884	0.733765
9.384870	0.732186
9.180486	0.694278
8.991897	0.631731
8.787512	0.644367
8.583760	0.691751
8.383799	0.713548
8.185101	0.697121
7.979136	0.641524
7.787704	0.615305
7.589322	0.622886
7.384306	0.669007
7.186240	0.679431
6.987857	0.647210
6.787580	0.603301
6.590461	0.586874
6.385129	0.619411
6.187695	0.646262
5.987102	0.644999
5.785245	0.598562
5.588126	0.565709
5.379635	0.564761
5.187571	0.585294
4.987294	0.603616
4.787016	0.587190
4.583580	0.548967
4.385513	0.519904
4.180813	0.516745
3.988433	0.537594
3.787840	0.538226
3.581560	0.501582
3.383810	0.486103
3.185428	0.554021
2.985466	0.469993
2.785188	0.480417
2.586490	0.463359
2.388108	0.426399
2.182460	0.412816
1.985026	0.396705
1.783169	0.379963
1.579417	0.361641
1.385141	0.306359
1.187391	0.236230
0.984586	0.147780
0.784624	-0.025643
0.582767	-0.246742
0.380279	-0.494056
0.189162	-0.738211
-0.012693	-1.003213
-0.211998	-1.238841
-0.415092	-1.420773
-0.615344	-1.563539
-0.822545	-1.657664
-1.008267	-1.747367
-1.212309	-1.818434
-1.416351	-1.888238
-1.613444	-1.991838
-1.816539	-2.079962
-2.017107	-2.155766
-2.216727	-2.248312
-2.410029	-2.311483
-2.614703	-2.383182
-2.814955	-2.478886
-3.015523	-2.550585
-3.216090	-2.623547
-3.417606	-2.702827
-3.615330	-2.747678
-3.816846	-2.823483
-4.015518	-2.912870
-4.214822	-2.984885
-4.415390	-3.062585
-4.615958	-3.125756
-4.810840	-3.171871
-5.014566	-3.261573
-5.214186	-3.337694
-5.413175	-3.398023
-5.615005	-3.496569
-5.812099	-3.539841
-6.012982	-3.595747
-6.214814	-3.681028
-6.417592	-3.757465
-6.608052	-3.843378
-6.815885	-3.901495
-7.015189	-3.923604
-7.220810	-4.001305
-7.412534	-4.071109
-7.612786	-4.140913
-7.821250	-4.234406
-8.017079	-4.269781
-8.217648	-4.313369
-8.417268	-4.426445
-8.614045	-4.470981
-8.793766	-4.555630
-8.833879	-4.585320
-8.891996	-4.551523
-8.897051	-4.554682
-8.899893	-4.571738
-8.898946	-4.579635
-8.886312	-4.599533
-8.896419	-4.581214
-8.929268	-4.538889
-8.903368	-4.551839
-8.882837	-4.555314
-8.846514	-4.568264
-8.791555	-4.565421
-8.612466	-4.439711
-8.420110	-4.376224
-8.217963	-4.339269
-8.015184	-4.286206
-7.820934	-4.240723
-7.612154	-4.158285
-7.412850	-4.036681
-7.222074	-3.988355
-7.017716	-3.942872
-6.817148	-3.895494
-6.614686	-3.845273
-6.417908	-3.715456
-6.212603	-3.641546
-6.012667	-3.593221
-5.818732	-3.539526
-5.616269	-3.481408
-5.416649	-3.408130
-5.214818	-3.299160
-5.012671	-3.239464
-4.808313	-3.192717
-4.615010	-3.136179
-4.410968	-3.079957
-4.220508	-2.969724
-4.015203	-2.884443
-3.811160	-2.822220
-3.615330	-2.759049
-3.414131	-2.709460
-3.217038	-2.626074
-3.016154	-2.517104
-2.815587	-2.434982
-2.613440	-2.373706
-2.410661	-2.313694
-2.219569	-2.248312
-2.014895	-2.154819
-1.814012	-2.061326
-1.615971	-1.982678
-1.411613	-1.910979
-1.214836	-1.853494
-1.013321	-1.754315
-0.817175	-1.646925
-0.615028	-1.537007
-0.416671	-1.416667
-0.210734	-1.237577
-0.015220	-1.001950
0.187582	-0.722419
0.380279	-0.456785
0.586874	-0.221789
0.786204	-0.019642
0.984902	0.150939
1.186127	0.259607
1.387352	0.301937
1.580048	0.327840
1.781590	0.361957
1.986921	0.402391
2.185619	0.427031
2.386213	0.450723
2.584279	0.424820
2.785188	0.433981
2.984518	0.463043
3.179425	0.504425
3.384757	0.523379
3.590405	0.524643
3.782470	0.488631
3.988117	0.511691
4.184920	0.548335
4.381407	0.576765
4.586422	0.596035
4.787016	0.553705
4.986978	0.535067
5.186307	0.569500
5.383426	0.616884
5.585599	0.636470
5.783981	0.617200
5.984890	0.589401
6.188327	0.582451
6.384182	0.626677
6.591409	0.660162
6.785685	0.673745
6.985962	0.624781
7.184976	0.605512
7.391572	0.626045
7.592481	0.693647
7.786440	0.704387
7.984191	0.694910
8.185732	0.638365
8.388221	0.618464
8.586919	0.681011
8.786249	0.712284
8.988737	0.723972
9.183329	0.681643
9.381080	0.632995
9.582621	0.650053
9.785425	0.709441
9.984755	0.754298
9.786057	0.732186
9.583884	0.667427
9.382027	0.643419
9.183013	0.670270
8.987790	0.720182
8.787512	0.733449
8.585340	0.694910
8.386326	0.635206
8.182257	0.618779
7.983559	0.678168
7.783597	0.706598
7.583952	0.687013
7.385885	0.635522
7.185608	0.585926
6.983751	0.599510
6.782842	0.663952
6.586039	0.680695
6.387657	0.647210
6.187063	0.589085
5.994051	0.548335
5.789035	0.593192
5.584651	0.636154
5.380583	0.637101
5.188203	0.600142
4.989189	0.528117
4.782593	0.529697
4.582316	0.572975
4.382354	0.590665
4.182077	0.575502
3.987801	0.521484
3.786892	0.458621
3.589773	0.476942
3.387916	0.527802
3.179425	0.514534
2.984834	0.494633
2.788347	0.453250
2.586490	0.403023
2.386529	0.420081
2.186567	0.441562
1.983131	0.421029
1.788223	0.378383
1.583207	0.320890
1.393986	0.277929
1.194340	0.235599
0.986165	0.145568
0.784940	-0.010167
0.590665	-0.230001
0.388492	-0.463734
0.192321	-0.729367
-0.007956	-1.034167
-0.216104	-1.263477
-0.411934	-1.418246
-0.615028	-1.531322
-0.818754	-1.621657
-1.011110	-1.736628
-1.211046	-1.849704
-1.411929	-1.936879
-1.613444	-1.989311
-1.816223	-2.050587
-2.018686	-2.128919
-2.218622	-2.242942
-2.413188	-2.338962
-2.613756	-2.415083
-2.815587	-2.457092
-3.015523	-2.502259
-3.221776	-2.594489
-3.418237	-2.695562
-3.612488	-2.774526
-3.813687	-2.839276
-4.018361	-2.885706
-4.216718	-2.925504
-4.415390	-3.033842
-4.622275	-3.145339
-4.812419	-3.215775
-5.012355	-3.255888
-5.210396	-3.314637
-5.415070	-3.368332
-5.613426	-3.459298
-5.822206	-3.574901
-6.012351	-3.628281
-6.213234	-3.652917
-6.417592	-3.723353
-6.618160	-3.781154
-6.814621	-3.879701
-7.016137	-3.977300
-7.221758	-4.010780
-7.412218	-4.063528
-7.613733	-4.116908
-7.815248	-4.175025
-8.016448	-4.302314
-8.216700	-4.370539
-8.420742	-4.408757
-8.614045	-4.467506
-8.809559	-4.506672
-8.855357	-4.557840
-8.851567	-4.591005
-8.885364	-4.575528
-8.898314	-4.573001
-8.910316	-4.566684
-8.925477	-4.555314
-8.893892	-4.580266
-8.879046	-4.587215
-8.891365	-4.565737
-8.869571	-4.569527
-8.879362	-4.533204
-8.807347	-4.513937
-8.612466	-4.488984
-8.418215	-4.419496
-8.216384	-4.342112
-8.019607	-4.286521
-7.815248	-4.186396
-7.612786	-4.139333
-7.411586	-4.105221
-7.220810	-4.018361
-7.018979	-3.962139
-6.815569	-3.875595
-6.615001	-3.783365
-6.411907	-3.758097
-6.212918	-3.678501
-6.010140	-3.614699
-5.817469	-3.550580
-5.616269	-3.446664
-5.417912	-3.383178
-5.213871	-3.334852
-5.012039	-3.262521
-4.814946	-3.202824
-4.613747	-3.130494
-4.414758	-3.031947
-4.212612	-2.978252
-4.013307	-2.919187
-3.811792	-2.823799
-3.613751	-2.769788
-3.416026	-2.687034
-3.217354	-2.592909
-3.017418	-2.540162
-2.817482	-2.459303
-2.614072	-2.393605
-2.411925	-2.307693
-2.216727	-2.217674
-2.015843	-2.147238
-1.815907	-2.070486
-1.613128	-1.988048
-1.416667	-1.920771
-1.216731	-1.833279
-1.007004	-1.737891
-0.816859	-1.657664
-0.612185	-1.561960
-0.417619	-1.427722
-0.212945	-1.235051
-0.011430	-0.984578
0.188530	-0.725893
0.385965	-0.473209
0.583083	-0.214840
0.785256	0.010681
0.986165	0.161995
1.185495	0.246655
1.386089	0.309202
1.580048	0.349637
1.788539	0.373329
1.987869	0.401128
2.184988	0.403971
2.387476	0.410920
2.585543	0.439035
2.791190	0.455462
2.979464	0.485156
3.184164	0.493369
3.390444	0.478206
3.588510	0.506953
3.784997	0.520536
3.988117	0.542965
4.183972	0.557496
4.381407	0.555600
4.588634	0.543912
4.787648	0.565709
4.985714	0.582136
5.191678	0.618779
5.382794	0.614357
5.587494	0.575818
5.782402	0.591928
5.987102	0.612462
6.184852	0.624150
6.388288	0.650685
6.587618	0.625413
6.780630	0.615936
6.985331	0.628888
7.191294	0.642156
7.385254	0.677220
7.586479	0.686381
7.788336	0.642156
7.982296	0.641208
8.183837	0.664268
8.386009	0.690488
8.584707	0.709441
8.786249	0.684801
8.989369	0.644999
9.181434	0.662689
9.384870	0.684801
9.587043	0.710389
9.779107	0.733449
9.986650	0.689856
9.790480	0.651001
9.581357	0.677536
9.383290	0.701860
9.183645	0.717023
8.984631	0.691751
8.787196	0.663321
8.585655	0.654476
8.385694	0.659846
8.180046	0.696490
7.983243	0.705335
7.789599	0.646894
7.589322	0.617832
7.385254	0.632995
7.185608	0.646262
6.984067	0.668691
6.781894	0.664900
6.589829	0.613409
6.384814	0.589717
6.185800	0.614357
5.986786	0.643103
5.782086	0.634890
5.582756	0.605828
5.384058	0.559075
5.187571	0.561286
4.988241	0.579924
4.788280	0.588769
4.591793	0.571079
4.383618	0.530645
4.187763	0.507584
3.986222	0.510111
3.785944	0.536647
3.584719	0.536331
3.381598	0.510743
3.182900	0.462411
2.985466	0.451987
2.791822	0.455462
2.587122	0.469361
2.386845	0.453250
2.184988	0.403023
1.980288	0.368906
1.783485	0.363220
1.583839	0.347741
1.386089	0.321838
1.184864	0.241285
0.985850	0.125667
0.785888	-0.031013
0.582767	-0.234423
0.382806	-0.497214
0.185687	-0.755268
-0.017431	-0.995317
-0.214209	-1.202833
-0.417935	-1.398663
-0.609974	-1.568593
-0.810858	-1.671877
-1.009215	-1.746735
-1.215152	-1.797903
-1.413508	-1.872445
-1.617550	-1.991522
-1.816223	-2.097649
-2.016475	-2.182614
-2.219253	-2.243258
-2.409714	-2.274528
-2.613756	-2.351596
-2.817166	-2.474148
-3.015523	-2.570484
-3.210089	-2.643762
-3.417921	-2.687350
-3.611540	-2.689561
-3.813371	-2.801689
-4.012044	-2.925188
-4.215138	-3.009521
-4.415390	-3.062585
-4.616905	-3.080273
-4.817157	-3.102383
-5.015198	-3.255256
-5.211975	-3.375913
-5.417597	-3.438136
-5.615322	-3.481408
-5.818732	-3.460878
-6.013930	-3.536999
-6.213550	-3.692399
-6.412539	-3.789998
-6.615949	-3.845588
-6.816833	-3.850958
-7.013610	-3.844641
-7.222074	-3.967508
-7.412850	-4.110906
-7.612470	-4.187975
-7.809879	-4.241354
-8.018974	-4.206926
-8.217648	-4.224930
-8.417268	-4.400229
-8.617519	-4.524044
-8.788397	-4.580266
-8.854410	-4.564474
-8.946956	-4.487721
-8.941902	-4.506041
-8.872098	-4.589426
-8.861674	-4.617221
-8.874625	-4.611220
-8.926425	-4.557209
-8.980436	-4.490563
-8.929268	-4.521833
-8.856305	-4.581214
-8.826615	-4.593532
-8.797556	-4.556577
-8.614361	-4.412863
-8.418530	-4.317475
-8.216068	-4.331688
-8.018027	-4.320318
-7.813669	-4.262201
-7.613101	-4.142176
-7.415377	-4.027521
-7.223337	-3.950768
-7.017400	-3.959612
-6.815253	-3.922025
-6.615949	-3.844641
-6.416329	-3.713561
-6.213234	-3.616594
-6.013299	-3.573638
-5.817784	-3.561003
-5.615322	-3.501307
-5.420124	-3.396443
-5.214186	-3.303266
-5.013303	-3.211037
-4.808629	-3.173450
-4.615326	-3.130178
-4.415706	-3.067639
-4.213243	-2.968144
-4.020888	-2.884759
-3.814003	-2.806111
-3.608066	-2.758417
-3.415395	-2.706301
-3.217985	-2.623231
-3.014891	-2.521210
-2.812112	-2.446669
-2.614703	-2.357598
-2.411925	-2.309904
-2.216095	-2.252102
-2.016159	-2.152292
-1.810222	-2.067959
-1.609970	-1.982362
-1.416035	-1.897713
-1.205360	-1.842123
-1.010794	-1.751789
-0.814332	-1.662086
-0.616923	-1.541745
-0.411618	-1.398979
-0.213893	-1.242631
-0.012378	-1.013321
0.187582	-0.725577
0.384701	-0.456785
0.584347	-0.213577
0.784624	-0.005113
0.986797	0.129458
1.182652	0.273822
1.386089	0.308886
1.582260	0.349005
1.787591	0.358166
1.984710	0.385017
2.186251	0.418818
2.385897	0.422608
2.586490	0.443773
2.787084	0.447564
2.983886	0.452934
3.182269	0.487051
3.380967	0.506005
3.587246	0.509480
3.785628	0.534119
3.983695	0.529697
4.181129	0.541385
4.389936	0.560023
4.584211	0.569816
4.787332	0.572343
4.987926	0.588138
5.185676	0.568236
5.381846	0.579608
5.591917	0.600142
5.785561	0.600142
5.985522	0.622254
6.189907	0.630468
6.392395	0.606775
6.585723	0.632047
6.785685	0.633311
6.986594	0.636154
7.182449	0.669954
7.386833	0.644367
7.586479	0.637733
7.793390	0.659530
7.984823	0.672482
8.184784	0.684486
8.384430	0.675956
8.586287	0.660162
8.785301	0.677536
8.985263	0.679747
9.183013	0.688592
9.383607	0.705019
9.588622	0.682590
9.785425	0.672482
9.987598	0.698701
9.784162	0.691119
9.585464	0.702492
9.386133	0.699017
9.182697	0.666480
8.997898	0.663321
8.790987	0.687645
8.584707	0.679115
8.385062	0.691751
8.181310	0.669323
7.987034	0.637101
7.789916	0.644051
7.584584	0.651317
7.386201	0.668691
7.184660	0.658266
6.984383	0.614357
6.781262	0.617200
6.592357	0.612777
6.388605	0.622254
6.184852	0.637417
5.994051	0.621622
5.790299	0.591612
5.584020	0.586874
5.382163	0.594455
5.184728	0.598878
4.987609	0.599510
4.783857	0.565393
4.588634	0.539490
4.383302	0.543280
4.183024	0.539806
3.987485	0.538858
3.787840	0.525590
3.586614	0.497476
3.387285	0.483892
3.183216	0.475679
2.982307	0.477258
2.788979	0.481365
2.588386	0.435244
2.382422	0.413763
2.184988	0.406182
1.985026	0.392598
1.780642	0.387860
1.589209	0.350900
1.387984	0.293407
1.187075	0.227385
0.985534	0.137671
0.785572	-0.019326
0.577397	-0.232844
0.385649	-0.488055
0.185687	-0.745476
-0.006376	-1.007635
-0.215472	-1.250843
-0.415724	-1.429301
-0.615976	-1.555643
-0.812437	-1.649768
-1.006372	-1.735680
-1.212309	-1.817486
-1.416351	-1.919823
-1.616603	-2.014580
