# Configuration automatically generated by WRITE_CONFIG()
connection eth
ip 192.168.0.10
samplehz 1000.000000
settleus 10.000000
nsample 128

# Analog Inputs
aichannel 0
ainegative 199
airange 10.000000
airesolution 0

aichannel 1
ainegative 199
airange 10.000000
airesolution 0

# Analog Outputs
aochannel 0
aosignal triangle
aofrequency 5.000000
aoamplitude 2.000000
aooffset 2.500000
aoduty 0.500000

# Meta Parameters
int:periods 10
flt:tip_T_C 356.240342
flt:plate_T_C 279.600144
flt:plate_Q_kW 1.201934
flt:cool_Thigh_C 53.425923
flt:cool_Tlow_C 14.072389
flt:air_psig 20.000000
flt:water_gph 6.500000
flt:standoff_in 0.228000
flt:oxygen_scfh 14.531250
flt:fuel_scfh 8.015281
flt:flow_scfh 22.546531
flt:ratio_fto 0.551589

## End Configuration ##
#: Wed Apr 12 17:10:01 2017
-7.612154	-4.030364
-9.009495	-4.480140
-9.000967	-4.471612
-8.991175	-4.478877
-8.952325	-4.491195
-8.939375	-4.500987
-8.907789	-4.490248
-8.807347	-4.462452
-8.611518	-4.363906
-8.416004	-4.316528
-8.221753	-4.270729
-8.009183	-4.208821
-7.823461	-4.133332
-7.607416	-4.030364
-7.416640	-3.951400
-7.211967	-3.883175
-7.021190	-3.858223
-6.816833	-3.778943
-6.611843	-3.728406
-6.417276	-3.624806
-6.209760	-3.544263
-6.018352	-3.473828
-5.811152	-3.428344
-5.619112	-3.359488
-5.409384	-3.293475
-5.215450	-3.231567
-5.011408	-3.133021
-4.807365	-3.083431
-4.620696	-3.016470
-4.413179	-2.966565
-4.216402	-2.875283
-4.005727	-2.799478
-3.821268	-2.730306
-3.601433	-2.650711
-3.426134	-2.620704
-3.218301	-2.536056
-3.016470	-2.491836
-2.812112	-2.373390
-2.614703	-2.315589
-2.411609	-2.189879
-2.210409	-2.139026
-2.027530	-2.073960
-1.806747	-1.976993
-1.619446	-1.907189
-1.408455	-1.832647
-1.216731	-1.751157
-1.003529	-1.664613
-0.825703	-1.615339
-0.610606	-1.505422
-0.411934	-1.421089
-0.218946	-1.280534
-0.008587	-1.121975
0.186951	-0.852867
0.386596	-0.578705
0.581188	-0.276116
0.789363	-0.015536
0.983322	0.165154
1.187075	0.355955
1.387036	0.437140
1.583207	0.513902
1.780642	0.507584
1.989133	0.537594
2.192569	0.561286
2.383370	0.644683
2.592176	0.674061
2.781398	0.667111
2.993363	0.671534
3.182900	0.635522
3.388548	0.719866
3.579981	0.765671
3.789103	0.800735
3.991908	0.782729
4.180813	0.751139
4.389936	0.742294
4.577261	0.780518
4.789543	0.892345
4.980344	0.870548
5.199259	0.903085
5.377108	0.847803
5.591285	0.843697
5.784297	0.869916
5.985838	0.950153
6.196540	0.954892
6.381655	0.924882
6.599938	0.919827
6.774944	0.878129
6.993228	0.943204
7.180553	1.001960
7.392519	0.995326
7.583952	0.976689
7.789916	0.955840
7.990825	0.918248
8.174676	0.973846
8.390748	1.048713
8.587867	1.075564
8.785617	1.037025
8.988421	1.025337
9.183013	1.008278
9.379816	1.008910
9.581988	1.055346
9.793323	1.072089
9.984123	1.043027
9.786373	1.031654
9.585148	1.030075
9.383290	1.003856
9.182065	1.053451
8.987790	1.040499
8.787512	0.994695
8.582497	1.005119
8.387905	0.972266
8.180677	0.978900
7.981348	0.983006
7.800340	1.016491
7.583952	0.956471
7.386833	0.984902
7.189714	0.960262
6.982172	0.912246
6.786316	0.941308
6.586355	0.914141
6.399029	0.937202
6.173480	0.897715
6.003212	0.925514
5.777663	0.857596
5.587494	0.889817
5.384690	0.862335
5.183780	0.860123
4.987926	0.864230
4.778803	0.836431
4.592741	0.801683
4.375089	0.786204
4.189974	0.801683
3.981483	0.772936
3.793210	0.809264
3.585983	0.748612
3.387916	0.712284
3.184796	0.660793
2.981359	0.661425
2.793086	0.673429
2.583963	0.664584
2.387161	0.637417
2.180249	0.574554
1.988501	0.539174
1.779378	0.504741
1.580996	0.500635
1.392407	0.437771
1.184548	0.348057
0.988377	0.198007
0.779886	-0.010798
0.590665	-0.281170
0.379331	-0.591339
0.195164	-0.850340
-0.012378	-1.109656
-0.216104	-1.280849
-0.415092	-1.430249
-0.615976	-1.497526
-0.816859	-1.596704
-1.015532	-1.644082
-1.202833	-1.735048
-1.419510	-1.836438
-1.606811	-1.920771
-1.819381	-2.010158
-2.015211	-2.071433
-2.220201	-2.171875
-2.399291	-2.212620
-2.619441	-2.318116
-2.812744	-2.349385
-3.011417	-2.442878
-3.223355	-2.484255
-3.413184	-2.576801
-3.613751	-2.635550
-3.808949	-2.745151
-4.020256	-2.833906
-4.204715	-2.891076
-4.420128	-2.964670
-4.615642	-2.994360
-4.812419	-3.089117
-5.014250	-3.131757
-5.215134	-3.249887
-5.412543	-3.298844
-5.617848	-3.356646
-5.817469	-3.408762
-6.005718	-3.459298
-6.218604	-3.562899
-6.413802	-3.607750
-6.616580	-3.718931
-6.813674	-3.745463
-7.018032	-3.831691
-7.216388	-3.903074
-7.410007	-3.988355
-7.618471	-4.072688
-7.807984	-4.128278
-8.022765	-4.184185
-8.204065	-4.173130
-8.421058	-4.271360
-8.608991	-4.322213
-8.816192	-4.442238
-8.902736	-4.496249
-8.943481	-4.493406
-8.981068	-4.475718
-8.985490	-4.474139
-8.993071	-4.489932
-8.970328	-4.504145
-8.966223	-4.518359
-8.955799	-4.506041
-8.966538	-4.492774
-8.938111	-4.488037
-8.917897	-4.484878
-8.816507	-4.446660
-8.603621	-4.392649
-8.425796	-4.278309
-8.209119	-4.167444
-8.012026	-4.097324
-7.812722	-4.091007
-7.614365	-4.040787
-7.409691	-4.001936
-7.217336	-3.933712
-7.021190	-3.821268
-6.811779	-3.753991
-6.619423	-3.683555
-6.408432	-3.656392
-6.212918	-3.571743
-6.010771	-3.530050
-5.813046	-3.435609
-5.610268	-3.358541
-5.412543	-3.307688
-5.219240	-3.231883
-5.009512	-3.177556
-4.810524	-3.080273
-4.621011	-3.031000
-4.412231	-2.905921
-4.215454	-2.868650
-4.012991	-2.803268
-3.808634	-2.731885
-3.615962	-2.671557
-3.414447	-2.570484
-3.221144	-2.522789
-3.008258	-2.408134
-2.822851	-2.383498
-2.608386	-2.291268
-2.416978	-2.241363
-2.217358	-2.122602
-2.016159	-2.050271
-1.818118	-1.975729
-1.606811	-1.884448
-1.421089	-1.830121
-1.203465	-1.729047
-1.021849	-1.658927
-0.809594	-1.560697
-0.622924	-1.509212
-0.411618	-1.391083
-0.214209	-1.285271
-0.015852	-1.085335
0.191373	-0.847181
0.379015	-0.589128
0.590349	-0.275169
0.785572	-0.013009
0.992799	0.199271
1.177282	0.308570
1.389564	0.417238
1.577521	0.494001
1.780642	0.549282
1.990712	0.571395
2.182460	0.605196
2.389688	0.583083
2.581752	0.632995
2.796245	0.684801
2.976621	0.696490
3.183848	0.720182
3.388864	0.695542
3.583771	0.707230
3.785312	0.720814
3.987485	0.797260
4.188711	0.807685
4.370982	0.824743
4.591477	0.820952
4.782278	0.819689
4.985398	0.840854
5.184728	0.855385
5.387848	0.917300
5.575174	0.878761
5.791563	0.914457
5.986786	0.902453
6.179482	0.920459
6.396502	0.933095
6.588250	0.956155
6.785685	0.928988
6.980276	0.934359
7.193190	0.946679
7.382411	0.922039
7.593429	0.988693
7.789599	0.976689
7.987350	1.003224
8.184153	0.992799
8.385694	1.032602
8.592921	0.971002
8.785301	0.997538
8.990949	1.031023
9.177643	1.010805
9.388345	1.061349
9.581041	1.056926
9.784162	1.036709
9.985703	1.011753
9.786373	1.042395
9.584831	1.012701
9.375393	1.048081
9.188067	1.046185
8.985894	0.987745
8.793514	0.996590
8.581864	0.978584
8.388536	1.020598
8.177835	1.027232
7.987666	1.048713
7.785493	0.964369
7.585531	0.919196
7.388729	0.919196
7.176447	0.959630
6.993860	1.015544
6.773365	0.963105
6.599938	0.939729
6.377864	0.861703
6.191486	0.871495
5.983627	0.898978
5.787140	0.924882
5.586863	0.892660
5.376792	0.859176
5.198311	0.807685
4.980976	0.796628
4.797125	0.854753
4.575366	0.885395
4.387724	0.833272
4.189342	0.790310
3.989381	0.721129
3.786892	0.704703
3.585035	0.756510
3.390759	0.759037
3.181321	0.731554
2.986729	0.685433
2.786768	0.630783
2.586174	0.588769
2.391583	0.621622
2.189410	0.599826
1.985342	0.567920
1.780642	0.513902
1.591736	0.444089
1.385773	0.422293
1.185811	0.336053
0.990588	0.230544
0.786520	0.002468
0.580240	-0.270431
0.383753	-0.554068
0.190741	-0.859184
-0.015536	-1.100812
-0.213261	-1.306434
-0.409407	-1.392978
-0.621029	-1.534165
-0.810542	-1.586913
-1.008899	-1.711359
-1.218626	-1.770740
-1.410350	-1.821592
-1.614708	-1.927404
-1.810853	-1.970360
-2.022160	-2.086279
-2.210725	-2.142501
-2.422032	-2.246101
-2.605228	-2.284003
-2.819377	-2.394868
-3.015839	-2.451091
-3.203772	-2.546479
-3.425818	-2.637445
-3.605539	-2.669662
-3.820952	-2.724305
-4.005727	-2.792845
-4.222403	-2.886654
-4.415390	-2.949193
-4.619432	-3.054373
-4.811472	-3.091328
-5.010144	-3.120070
-5.221451	-3.185768
-5.409700	-3.260626
-5.621323	-3.340221
-5.813678	-3.446348
-6.019615	-3.511414
-6.204074	-3.562267
-6.410959	-3.643126
-6.617844	-3.712614
-6.806409	-3.794104
-7.020243	-3.870225
-7.212282	-3.942872
-7.416324	-3.944135
-7.605521	-4.013623
-7.820934	-4.085006
-8.009815	-4.155442
-8.217015	-4.250514
-8.416320	-4.311474
-8.610570	-4.373382
-8.813349	-4.392964
-8.940006	-4.458662
-8.956747	-4.473191
-8.955799	-4.493406
-8.969381	-4.502882
-8.990543	-4.483931
-9.020234	-4.469401
-9.003493	-4.468770
-8.988964	-4.475087
-8.967170	-4.480140
-8.969066	-4.472560
-8.951378	-4.433394
-8.814928	-4.394860
-8.615624	-4.307368
-8.412213	-4.271045
-8.219543	-4.203136
-8.014869	-4.155126
-7.817460	-4.080584
-7.608680	-4.003831
-7.416956	-3.957717
-7.214809	-3.879069
-7.015821	-3.856643
-6.810199	-3.785260
-6.615001	-3.732512
-6.413486	-3.645968
-6.210707	-3.577112
-6.016457	-3.501623
-5.809256	-3.431187
-5.619743	-3.398970
-5.412859	-3.277366
-5.211659	-3.234726
-5.012039	-3.142180
-4.813051	-3.097329
-4.612799	-3.027525
-4.416337	-2.969092
-4.219244	-2.862017
-4.011412	-2.773262
-3.824426	-2.698405
-3.602696	-2.590067
-3.421396	-2.585645
-3.207562	-2.494678
-3.020892	-2.455197
-2.805480	-2.364547
-2.617230	-2.291268
-2.407819	-2.192722
-2.206619	-2.133025
-2.026582	-2.084699
-1.803589	-1.985205
-1.620077	-1.935300
-1.405296	-1.820013
-1.217679	-1.743576
-1.006372	-1.673773
-0.821913	-1.609338
-0.615976	-1.516477
-0.409723	-1.409402
-0.219894	-1.282113
-0.004481	-1.104603
0.183476	-0.861079
0.389124	-0.581232
0.581188	-0.263166
0.787467	-0.008903
0.984902	0.203377
1.183284	0.337001
1.393986	0.415343
1.578153	0.492105
1.782537	0.527802
1.980288	0.587190
2.186251	0.595719
2.383370	0.623518
2.589649	0.635206
2.788031	0.660793
2.981991	0.674061
3.186375	0.678484
3.384126	0.746401
3.584719	0.723657
3.790051	0.780834
3.985590	0.781781
4.186499	0.807369
4.386145	0.771357
4.580420	0.807685
4.791754	0.843381
4.981607	0.845592
5.200207	0.909719
5.375213	0.862650
5.590022	0.881604
5.777031	0.862650
5.992156	0.917932
6.187379	0.928041
6.387025	0.955840
6.593936	0.937518
6.775892	0.889817
6.998598	0.920459
7.177395	0.958683
7.392203	1.001013
7.578897	1.013332
7.796865	1.000381
7.981980	0.927409
8.184784	0.931831
8.389800	1.019966
8.581233	1.044922
8.791935	1.077143
8.979893	1.056294
9.190279	0.992799
9.373814	0.963421
9.586095	1.036709
9.787637	1.074616
9.979701	1.076196
9.792059	1.049345
9.579145	0.993431
9.384238	0.956787
9.177958	1.040499
8.997898	1.079039
8.781826	1.047449
8.590077	1.021230
8.384746	0.938781
8.183205	0.927409
7.981664	0.989008
7.788336	1.065771
7.589322	1.011121
7.377672	1.007015
7.192558	0.924250
6.978065	0.884763
6.788528	0.938465
6.584144	0.949838
6.396186	0.960894
6.181693	0.906876
5.989945	0.884131
5.783033	0.829481
5.589390	0.900874
5.387533	0.888870
5.185044	0.894240
4.991716	0.839590
4.782593	0.795049
4.586107	0.779886
4.383302	0.778938
4.190606	0.832325
3.985274	0.789679
3.791314	0.777675
3.594828	0.706914
3.383178	0.703755
3.185112	0.689856
2.976937	0.695226
2.793086	0.661109
2.585227	0.624466
2.390319	0.608671
2.183408	0.569500
1.985658	0.578029
1.789487	0.524959
1.578785	0.504741
1.387036	0.412184
1.186759	0.340476
0.989640	0.194216
0.778622	0.000573
0.593508	-0.260955
0.376804	-0.617239
0.192005	-0.858868
-0.015852	-1.135241
-0.208207	-1.273585
-0.415724	-1.433407
-0.617239	-1.501632
-0.815912	-1.601442
-1.013321	-1.673141
-1.205992	-1.738839
-1.422036	-1.859495
-1.604916	-1.916033
-1.829489	-2.014580
-2.007947	-2.067959
-2.220201	-2.167137
-2.407819	-2.229992
-2.614388	-2.323169
-2.815271	-2.378760
-3.007942	-2.432771
-3.224618	-2.500048
-3.409077	-2.547426
-3.617542	-2.651658
-3.811476	-2.754627
-4.015834	-2.826957
-4.211348	-2.883496
-4.415390	-2.960248
-4.619748	-3.007310
-4.802312	-3.081536
-5.018041	-3.157973
-5.212607	-3.235042
-5.419176	-3.270417
-5.614690	-3.358857
-5.822206	-3.434978
-6.012351	-3.501307
-6.207233	-3.585956
-6.417908	-3.649127
-6.609000	-3.714509
-6.820307	-3.748621
-7.015189	-3.823795
-7.221442	-3.874331
-7.412534	-3.984565
-7.615944	-4.041734
-7.813037	-4.108064
-8.016764	-4.162706
-8.222069	-4.186080
-8.418530	-4.284626
-8.602042	-4.328214
-8.822509	-4.453924
-8.921056	-4.470349
-8.959590	-4.475087
-8.973171	-4.476034
-8.982331	-4.479193
-8.994650	-4.481719
-8.994650	-4.489300
-8.999703	-4.482983
-8.995597	-4.467822
-9.000019	-4.457715
-8.963380	-4.454872
-8.943797	-4.456135
-8.809875	-4.423286
-8.614361	-4.383805
-8.417899	-4.293154
-8.210067	-4.188922
-8.023712	-4.105537
-7.807352	-4.044577
-7.618787	-4.023415
-7.407796	-3.972562
-7.223653	-3.927395
-7.014557	-3.832323
-6.824097	-3.733460
-6.618160	-3.665236
-6.408116	-3.616910
-6.212603	-3.582482
-6.006350	-3.514889
-5.824101	-3.437504
-5.611531	-3.346222
-5.421071	-3.296633
-5.209448	-3.234726
-5.007933	-3.175661
-4.813683	-3.087222
-4.617537	-2.995624
-4.416654	-2.882864
-4.210401	-2.848120
-4.020256	-2.786528
-3.798842	-2.739782
-3.622279	-2.696826
-3.410025	-2.596699
-3.214827	-2.522158
-3.011101	-2.429612
-2.817482	-2.386972
-2.611229	-2.300744
-2.416347	-2.255261
-2.221148	-2.142501
-2.008894	-2.081857
-1.824751	-1.995628
-1.602705	-1.912874
-1.415403	-1.844018
-1.210414	-1.764739
-1.016479	-1.676615
-0.813069	-1.572067
-0.615028	-1.513634
-0.415724	-1.391399
-0.209787	-1.299169
-0.016168	-1.079018
0.192321	-0.843391
0.383122	-0.570493
0.585610	-0.271378
0.780518	-0.001638
0.988693	0.231492
1.188022	0.320574
1.389564	0.423872
1.582576	0.465254
1.782853	0.551178
1.984078	0.577397
2.186567	0.601721
2.388108	0.609618
2.581436	0.602669
2.798140	0.657319
2.980096	0.681327
3.184796	0.754298
3.381598	0.729027
3.589458	0.745769
3.784681	0.686697
3.991276	0.757141
4.182393	0.808316
4.376984	0.841801
4.592424	0.864862
4.781646	0.799787
4.994875	0.825059
5.177778	0.818425
5.393219	0.909087
5.575174	0.905612
5.794090	0.917616
5.991840	0.875918
6.183273	0.868652
6.396818	0.917300
6.577194	0.964685
6.794530	0.998485
6.979644	0.976057
7.185924	0.905928
7.384622	0.889817
7.594376	0.960894
7.785177	1.023441
7.979768	1.045870
8.190786	1.041131
8.372426	0.997854
8.591025	0.957103
8.785617	1.009542
8.984631	1.054083
9.182697	1.070509
9.385186	1.049660
9.586095	1.002592
9.779423	0.991220
9.997391	1.023757
9.781003	1.083777
9.586411	1.055346
9.384870	1.048397
9.184592	0.964685
8.986842	0.953312
8.791619	0.998169
8.586919	1.026600
8.383166	1.051872
8.184784	0.984586
7.990509	1.001013
7.783597	0.954260
7.596272	0.961842
7.379568	0.967844
7.184344	0.986165
6.994175	0.945731
6.777787	0.926777
6.594568	0.942256
6.378812	0.892660
6.197172	0.937202
5.976046	0.902769
5.791247	0.889817
5.582440	0.852858
5.383110	0.874023
5.188835	0.824743
4.990137	0.840854
4.793334	0.850015
4.572523	0.818741
4.390883	0.829166
4.177654	0.796628
3.993487	0.764091
3.782470	0.724604
3.581560	0.745137
3.386653	0.713548
3.184796	0.711968
2.985782	0.709441
2.782345	0.651948
2.589649	0.626993
2.378631	0.597614
2.191621	0.593192
1.979340	0.561286
1.786012	0.543912
1.584471	0.466834
1.389564	0.421661
1.192129	0.317100
0.978900	0.198955
0.793785	-0.013325
0.578661	-0.269167
0.390703	-0.539539
0.181896	-0.853498
-0.011430	-1.100181
-0.217999	-1.298853
-0.411934	-1.403401
-0.616923	-1.531322
-0.816859	-1.589123
-1.007951	-1.690513
-1.222416	-1.758106
-1.401822	-1.834543
-1.621025	-1.934353
-1.810853	-1.998155
-2.018054	-2.087542
-2.207251	-2.139026
-2.419821	-2.221464
-2.610281	-2.264421
-2.812112	-2.375285
-3.022787	-2.438772
-3.210721	-2.528791
-3.421712	-2.610281
-3.615646	-2.682296
-3.815266	-2.728727
-4.005411	-2.794109
-4.220824	-2.871177
-4.413179	-2.926452
-4.611852	-3.037317
-4.814630	-3.083116
-5.009512	-3.167449
-5.210396	-3.233146
-5.419176	-3.303266
-5.615953	-3.374965
-5.814310	-3.454876
-6.019615	-3.525628
-6.210707	-3.543947
-6.414433	-3.630491
-6.618475	-3.672500
-6.817148	-3.765361
-7.012346	-3.823163
-7.222705	-3.917603
-7.413166	-3.940029
-7.605205	-3.976036
-7.822829	-4.064160
-8.008867	-4.111222
-8.221437	-4.253357
-8.407792	-4.299788
-8.620362	-4.384752
-8.804505	-4.383489
-8.965907	-4.426761
-8.983278	-4.442554
-8.979173	-4.469401
-8.984542	-4.486773
-8.988016	-4.484246
-9.013285	-4.476982
-8.986121	-4.481404
-8.972224	-4.500355
-8.943797	-4.508567
-8.937480	-4.502882
-8.934321	-4.459926
-8.816507	-4.371486
-8.615940	-4.315896
-8.408108	-4.271360
-8.220806	-4.231563
-8.012974	-4.193660
-7.820618	-4.098588
-7.604889	-4.011096
-7.405585	-3.925500
-7.212914	-3.887597
-7.012031	-3.842430
-6.819991	-3.798842
-6.612790	-3.722721
-6.422330	-3.623227
-6.211655	-3.569216
-6.008245	-3.487093
-5.818416	-3.453929
-5.617533	-3.381282
-5.413490	-3.267575
-5.213554	-3.171871
-5.016461	-3.086590
-4.806418	-3.053425
-4.616905	-2.976357
-4.419180	-2.966565
-4.209769	-2.850962
-4.016782	-2.791898
-3.818741	-2.719251
-3.605539	-2.640287
-3.416342	-2.599858
-3.218301	-2.505102
-3.020892	-2.476991
-2.796320	-2.351912
-2.618178	-2.322222
-2.405292	-2.215463
-2.218622	-2.175349
-2.018370	-2.070170
-1.807063	-1.992786
-1.617550	-1.893923
-1.407507	-1.795377
-1.217994	-1.731574
-1.005108	-1.647241
-0.822545	-1.596704
-0.609343	-1.499105
-0.416356	-1.420457
-0.212629	-1.277375
-0.016168	-1.116289
0.187267	-0.871818
0.388176	-0.573019
0.578977	-0.291277
0.794417	-0.016800
0.980795	0.192637
1.193393	0.358798
1.384825	0.424820
1.586050	0.484208
1.780958	0.497160
1.981551	0.542333
2.192885	0.618464
2.377368	0.651948
2.594704	0.665216
2.779502	0.644999
2.985782	0.654476
3.180373	0.653844
3.389496	0.743242
3.581876	0.766934
3.788471	0.791258
3.990644	0.751139
4.180497	0.766934
4.393726	0.772936
4.572207	0.826638
4.797441	0.876866
4.979712	0.856333
5.194521	0.851910
5.384058	0.844960
5.589074	0.870548
5.781770	0.902769
5.984259	0.961210
6.192750	0.909403
6.378812	0.894556
6.599307	0.893924
6.781262	0.915405
6.984383	0.952681
7.184029	1.008278
7.391256	0.982375
7.589638	0.967844
7.788336	0.993115
7.988929	0.967844
8.178150	0.986797
8.388853	1.018071
8.586603	1.023441
8.784353	1.017123
8.987158	1.045554
9.184909	1.026600
9.375710	1.032286
9.585464	1.061033
9.793638	1.013964
9.986650	1.048081
9.784477	1.028811
9.588622	1.015228
9.379499	1.001328
9.182382	1.032286
8.991264	1.013648
8.781510	1.009542
8.591973	1.056926
8.382535	0.962789
8.188891	0.978584
7.977873	0.954576
7.801919	0.993431
7.583636	0.989956
7.386201	1.014912
7.190978	0.949206
6.979960	0.911298
6.793266	0.931200
6.581932	0.913510
6.396502	0.956471
6.175375	0.929936
5.997211	0.890765
5.779559	0.851278
5.586863	0.861387
5.385005	0.877497
5.187571	0.896135
4.992032	0.893924
4.779435	0.822216
4.592109	0.765671
4.376036	0.767566
4.188079	0.798840
3.986854	0.818741
3.789419	0.785572
3.585983	0.741031
3.392023	0.675325
3.187323	0.677852
2.978516	0.686697
2.790243	0.676272
2.584279	0.668375
2.393794	0.609618
2.181513	0.548967
1.985974	0.534119
1.790434	0.535383
1.576889	0.507584
1.392407	0.433981
1.186443	0.356271
0.984902	0.168629
0.782413	0.005627
0.589401	-0.272326
0.379647	-0.594813
0.191689	-0.868343
-0.012062	-1.121659
-0.218315	-1.283060
-0.413829	-1.449516
-0.607448	-1.501000
-0.825071	-1.624815
-1.005424	-1.663981
-1.205360	-1.779268
-1.422668	-1.857284
-1.604600	-1.935616
-1.818118	-1.997839
-2.009210	-2.063537
-2.229361	-2.155766
-2.403397	-2.203777
-2.619125	-2.325381
-2.813692	-2.369600
-3.013943	-2.456460
-3.214827	-2.491204
-3.414131	-2.564482
-3.613435	-2.639656
-3.808318	-2.729674
-4.020256	-2.828853
-4.206295	-2.868019
-4.420128	-2.943508
-4.614063	-2.980779
-4.809261	-3.082168
-5.011724	-3.146286
-5.216082	-3.246412
-5.416333	-3.311478
-5.612795	-3.363910
-5.822522	-3.445717
-6.005402	-3.506361
-6.216393	-3.601433
-6.408432	-3.658287
-6.620055	-3.735039
-6.813358	-3.725248
-7.016452	-3.803264
-7.221758	-3.873068
-7.411271	-3.970983
-7.611522	-4.048051
-7.801667	-4.121329
-8.024344	-4.173446
-8.206593	-4.178184
-8.429270	-4.276730
-8.605832	-4.323476
-8.816507	-4.424866
-8.934321	-4.459926
-8.970328	-4.461821
-8.985806	-4.466243
-8.979173	-4.478877
-8.991175	-4.492774
-8.971908	-4.504461
-8.991175	-4.490563
-8.995597	-4.471612
-8.992123	-4.463716
-8.963380	-4.461505
-8.924530	-4.473823
-8.812402	-4.439395
-8.608675	-4.376540
-8.427059	-4.269781
-8.212277	-4.195240
-8.017395	-4.110590
-7.811142	-4.069530
-7.608680	-3.992461
-7.411902	-3.935607
-7.217968	-3.887913
-7.018979	-3.807686
-6.810199	-3.757781
-6.615317	-3.682292
-6.411591	-3.641862
-6.210707	-3.562267
-6.016773	-3.500360
-5.818100	-3.413499
-5.606162	-3.343380
-5.416018	-3.295370
-5.212607	-3.194296
-5.010144	-3.165238
-4.809261	-3.056584
-4.623538	-2.999414
-4.408757	-2.893287
-4.217349	-2.865492
-4.018361	-2.782106
-3.811160	-2.737255
-3.609329	-2.698089
-3.411920	-2.587856
-3.222407	-2.540162
-3.008574	-2.426770
-2.825063	-2.389815
-2.602385	-2.306745
-2.423927	-2.246733
-2.212620	-2.134604
-2.014264	-2.079646
-1.821277	-1.996892
-1.608075	-1.909084
-1.420457	-1.854441
-1.195569	-1.772635
-1.017427	-1.663981
-0.808963	-1.579016
-0.625451	-1.497842
-0.407512	-1.388240
-0.212313	-1.270426
-0.014589	-1.111867
0.194216	-0.839285
0.379331	-0.569229
0.592560	-0.277380
0.782729	-0.005745
0.995010	0.188214
1.181705	0.327840
1.391775	0.445353
1.586998	0.497792
1.780010	0.540753
1.988185	0.547071
2.188147	0.579924
2.384949	0.598878
2.583015	0.645630
2.795613	0.686065
2.976305	0.687960
3.184796	0.712916
3.385705	0.734713
3.588826	0.741347
3.786260	0.720814
3.994119	0.795997
4.179234	0.762828
4.385513	0.820005
4.590529	0.821900
4.779119	0.833588
4.993927	0.844644
5.180621	0.859491
5.385322	0.889186
5.578965	0.865178
5.794722	0.922986
5.981731	0.887922
6.188959	0.901506
6.396818	0.904349
6.591093	0.930568
6.791371	0.947626
6.984067	1.001328
7.188135	0.968791
7.383674	0.912246
7.589638	0.953312
7.783913	0.949206
7.984823	1.032286
8.184153	1.032286
8.380956	1.033866
8.583444	0.974793
8.793199	0.983006
8.992528	1.013648
9.174168	1.049976
9.390872	1.085357
9.582621	1.028811
9.785110	1.024073
9.984123	0.976057
9.788900	1.055978
9.582621	1.065771
9.384554	1.087884
9.187119	1.041447
8.981472	0.960894
8.790671	0.946363
8.576179	0.980795
8.394539	1.080934
8.177835	1.027864
7.987350	1.034181
7.783282	0.942888
7.593112	0.923302
7.383990	0.939729
7.180870	1.001960
6.996387	0.992799
6.770206	0.933411
6.607520	0.890765
6.380707	0.863282
6.194013	0.911930
5.981731	0.956471
5.793774	0.933095
5.580544	0.876866
5.380267	0.814634
5.192626	0.789047
4.980660	0.843065
4.787964	0.865493
4.581052	0.871811
4.383618	0.808001
4.181445	0.769145
3.989697	0.736924
3.786576	0.742610
3.581244	0.756826
3.390444	0.740715
3.183532	0.707546
2.987677	0.634258
2.787400	0.649421
2.587122	0.628888
2.383054	0.631415
2.190042	0.605512
1.988185	0.542017
1.786644	0.507268
1.580048	0.451987
1.388300	0.437771
1.184232	0.326260
0.986165	0.217908
0.783045	-0.031329
0.585926	-0.262219
0.388492	-0.537644
0.188214	-0.841180
-0.006060	-1.092600
-0.218946	-1.309908
-0.403090	-1.396768
-0.624504	-1.534481
-0.805488	-1.585649
-1.016479	-1.708201
-1.211046	-1.760001
-1.412561	-1.840860
-1.609654	-1.930562
-1.807063	-1.997523
-2.023739	-2.099860
-2.209462	-2.159241
-2.421400	-2.201881
-2.600806	-2.268211
-2.822220	-2.360125
-3.011732	-2.425506
-3.214511	-2.544268
-3.421080	-2.612808
-3.608382	-2.659239
-3.817162	-2.721462
-4.008254	-2.796004
-4.216402	-2.871809
-4.409073	-2.940665
-4.619748	-3.028157
-4.807365	-3.082168
-5.017725	-3.161448
-5.217029	-3.215775
-5.409700	-3.307056
-5.620375	-3.378124
-5.813678	-3.450454
-6.018984	-3.488357
-6.202811	-3.548369
-6.417592	-3.634598
-6.611527	-3.699980
-6.816833	-3.817477
-7.015821	-3.871804
-7.218284	-3.940661
-7.412850	-3.955506
-7.610575	-4.049631
-7.826303	-4.096693
-8.003814	-4.161759
-8.227755	-4.243881
-8.411266	-4.291259
-8.616571	-4.354430
-8.814928	-4.396123
-8.952325	-4.442554
-8.976014	-4.449502
-8.993702	-4.455503
-9.005073	-4.461821
-9.007283	-4.460557
-9.024655	-4.463716
-9.007283	-4.467506
-8.993071	-4.472560
-8.979173	-4.476350
-8.965590	-4.468138
-8.955168	-4.428340
-8.817771	-4.369591
-8.611202	-4.280520
-8.414425	-4.273571
-8.218595	-4.224614
-8.017712	-4.198398
-7.813354	-4.123225
-7.610259	-4.052157
-7.408744	-3.980458
-7.213546	-3.883175
-7.019927	-3.856959
-6.815885	-3.759676
-6.614369	-3.706297
-6.411275	-3.602696
-6.214814	-3.553107
-6.012667	-3.476670
-5.818100	-3.442242
-5.617848	-3.394548
-5.411595	-3.279261
-5.215765	-3.217354
-5.009512	-3.092591
-4.817473	-3.083116
-4.609641	-2.991518
-4.421391	-2.959616
-4.210716	-2.866755
-4.017413	-2.795056
-3.821584	-2.705038
-3.599854	-2.632391
-3.429608	-2.609965
-3.201561	-2.522158
-3.028157	-2.464672
-2.807059	-2.370232
-2.619757	-2.284635
-2.406555	-2.211989
-2.226518	-2.160820
-2.019001	-2.087226
-1.804220	-2.008262
-1.621657	-1.907505
-1.402138	-1.804852
-1.215783	-1.713886
-1.008899	-1.664613
-0.820334	-1.571436
-0.611554	-1.500053
-0.409091	-1.401506
-0.215156	-1.275480
-0.008903	-1.114710
0.185687	-0.862658
0.384701	-0.558490
0.584031	-0.240109
0.789679	-0.005429
0.981427	0.202114
1.188970	0.341739
1.390827	0.427979
1.575942	0.494317
1.786960	0.514850
1.983446	0.567920
2.184672	0.572343
2.384949	0.643103
2.586806	0.660162
2.784873	0.678484
2.988625	0.658898
3.182269	0.663005
3.391075	0.720182
3.588510	0.730922
3.796053	0.814003
3.981483	0.776411
4.190606	0.790310
4.383934	0.747665
4.585159	0.814950
4.788596	0.842749
4.984135	0.879393
5.192941	0.884131
5.375844	0.850646
5.591917	0.845276
5.780190	0.878761
5.995947	0.947310
6.183904	0.937518
6.390816	0.961210
6.587303	0.885711
6.784421	0.859176
6.993228	0.925514
7.180870	0.998801
7.394099	1.021230
7.581109	1.007646
7.798760	0.973846
7.977873	0.912246
8.185416	0.977320
8.383166	1.031654
8.586919	1.049976
8.786565	1.045554
8.985579	1.001013
9.188383	0.965632
9.374762	1.019019
9.599995	1.102099
9.779423	1.083461
9.988862	1.079986
9.782267	0.982059
9.587358	0.977952
9.384238	0.998485
9.181749	1.073984
8.994424	1.065771
8.778352	1.031023
8.591341	1.004487
8.373374	0.942572
8.193314	0.984586
7.980400	1.009226
7.791179	1.037341
7.585531	0.984586
7.394099	0.958367
7.189399	0.918248
6.986278	0.940992
6.793898	0.970055
6.580353	0.967212
6.398397	0.900874
6.182957	0.897715
5.989945	0.853805
5.784613	0.866757
5.582124	0.898347
5.384058	0.900242
5.187571	0.874970
4.996455	0.826322
4.787016	0.842433
4.583263	0.781150
4.386461	0.815582
4.187447	0.799156
3.992540	0.772304
3.786892	0.774516
3.587246	0.741347
3.389180	0.713548
3.181321	0.694910
2.986098	0.698701
2.784557	0.629836
2.590281	0.641208
2.394110	0.617200
2.189726	0.554021
1.985658	0.564761
1.787276	0.512639
1.586998	0.500951
1.378823	0.407761
1.192761	0.357534
0.986165	0.177474
0.792838	0.001836
0.581188	-0.286855
0.378383	-0.587233
0.196428	-0.853814
-0.018695	-1.124501
-0.203470	-1.271690
-0.426463	-1.426143
-0.612185	-1.513634
-0.825387	-1.609022
-1.003213	-1.670614
-1.217994	-1.778005
-1.416351	-1.834543
-1.609654	-1.890449
-1.820329	-1.959621
-2.012685	-2.027530
-2.224623	-2.105230
-2.407187	-2.201566
-2.620704	-2.291900
-2.809901	-2.352860
-3.012680	-2.420137
-3.206931	-2.481097
-3.416974	-2.555323
-3.615015	-2.649447
-3.812740	-2.758101
-4.018992	-2.824747
-4.208821	-2.909711
-4.418865	-2.960248
-4.609009	-3.022787
-4.812735	-3.099224
-5.013303	-3.178188
-5.210396	-3.257151
-5.416965	-3.291895
-5.614058	-3.388547
-5.816837	-3.433398
-6.008245	-3.527207
-6.221762	-3.592905
-6.410012	-3.651654
-6.614369	-3.708823
-6.810515	-3.729670
-7.019927	-3.793473
-7.213230	-3.845588
-7.418220	-3.985512
-7.614049	-4.035417
-7.812722	-4.138386
-8.014237	-4.165549
-8.209751	-4.208821
-8.419794	-4.265359
-8.606149	-4.320634
-8.819035	-4.421391
-8.937480	-4.449818
-8.979173	-4.459926
-8.976962	-4.466243
-8.987385	-4.484246
-8.972224	-4.500671
-8.967170	-4.513937
-8.974119	-4.504777
-8.994333	-4.473191
-9.001914	-4.446976
-8.979173	-4.446976
-8.939691	-4.462452
-8.805452	-4.432130
-8.615624	-4.401176
-8.412530	-4.300735
-8.222069	-4.223666
-8.011395	-4.151020
-7.809879	-4.103642
-7.619103	-4.035733
-7.406217	-3.967508
-7.225548	-3.904969
-7.009820	-3.793788
-6.819675	-3.773890
-6.610895	-3.682292
-6.419171	-3.647232
-6.210076	-3.580586
-6.015509	-3.512362
-5.822522	-3.395496
-5.613426	-3.311478
-5.424861	-3.274208
-5.208817	-3.196823
-5.017725	-3.190190
-4.801048	-3.084379
-4.626065	-3.007942
-4.410020	-2.931190
-4.217981	-2.889497
-4.014571	-2.805480
-3.806422	-2.764102
-3.616594	-2.691772
-3.409077	-2.592593
-3.223671	-2.531949
-3.008574	-2.465620
-2.822851	-2.375917
-2.609650	-2.313062
-2.412872	-2.214831
-2.214831	-2.130182
-2.014895	-2.072381
-1.814328	-1.986784
-1.612181	-1.929299
-1.417930	-1.840228
-1.211677	-1.776741
-1.006372	-1.664929
-0.818754	-1.580595
-0.616923	-1.493104
-0.409723	-1.401190
-0.210734	-1.295379
-0.016484	-1.096390
0.191057	-0.865501
0.381226	-0.579021
0.580872	-0.295699
0.789679	0.004047
0.984902	0.189478
1.183600	0.313941
1.394934	0.414395
1.586682	0.481365
1.782221	0.567920
1.979656	0.572659
2.194464	0.598246
2.375472	0.553073
2.591861	0.620043
2.793402	0.671850
2.976305	0.714812
3.189218	0.740083
3.382546	0.708178
3.592932	0.703755
3.775520	0.703123
4.001385	0.808948
4.171652	0.810844
4.386145	0.850646
4.587370	0.799471
4.776591	0.799156
4.989189	0.833588
5.183465	0.889502
5.388480	0.912246
5.578018	0.916037
5.792826	0.875602
5.974782	0.841486
6.195592	0.877813
6.384498	0.934990
6.598359	0.980163
6.781894	0.971002
6.985646	0.935622
7.190662	0.910035
7.381779	0.931831
7.591533	0.979848
7.778227	1.018387
7.990825	1.023441
8.180677	0.988693
8.386957	0.994379
8.586287	0.992799
8.788144	1.027232
8.990317	1.044922
9.178906	1.046817
9.388345	1.006699
9.578197	1.013332
9.790480	1.022809
9.981596	1.038288
9.789532	1.091359
9.585779	1.028495
9.389293	1.038604
9.181749	1.022177
8.991581	0.996274
8.797621	0.972898
8.579337	1.023757
8.396434	1.005435
8.179098	0.992483
7.988297	1.013964
7.784861	0.973530
7.590901	0.974161
7.378304	0.955208
7.190031	0.968475
6.988173	0.946994
6.779367	0.984902
6.594252	0.899294
6.385129	0.909719
6.188643	0.890133
5.988050	0.914141
5.788720	0.908455
5.579281	0.889186
5.386901	0.858544
5.193257	0.808001
4.988557	0.846224
4.783541	0.822216
4.590529	0.865493
4.380143	0.844013
4.183972	0.785572
3.995699	0.756194
3.780574	0.721445
3.586298	0.751455
3.380651	0.729027
3.187323	0.735661
2.976305	0.667111
2.794665	0.635838
2.586806	0.600457
2.385265	0.619411
2.191937	0.614673
1.978708	0.558128
1.786960	0.532540
1.575942	0.436508
1.402831	0.421345
1.173175	0.333210
0.992167	0.216013
0.782097	-0.009535
0.579608	-0.277380
0.385965	-0.572072
0.181580	-0.857288
0.000257	-1.104918
-0.224000	-1.290009
-0.405616	-1.414772
-0.621029	-1.505738
-0.803593	-1.609338
-1.019954	-1.678195
-1.210730	-1.730942
-1.408771	-1.834543
-1.621657	-1.905926
-1.809590	-1.998155
-2.015211	-2.079646
-2.218306	-2.180403
-2.413504	-2.208199
-2.608702	-2.310535
-2.818114	-2.366126
-3.014575	-2.448880
-3.215143	-2.535108
-3.419501	-2.609650
-3.610277	-2.678506
-3.809265	-2.717040
-4.019624	-2.817482
-4.212296	-2.876863
-4.413495	-2.985517
-4.618169	-3.046792
-4.808629	-3.103646
-5.013935	-3.166817
-5.214186	-3.216090
-5.417597	-3.305793
-5.610584	-3.368964
-5.823154	-3.461509
-6.010771	-3.468458
-6.212918	-3.523733
-6.415697	-3.573322
-6.612159	-3.654812
-6.821886	-3.783681
-7.012031	-3.848115
-7.227128	-3.931185
-7.402111	-3.922341
-7.622893	-3.988671
-7.811774	-4.055632
-8.013921	-4.158916
-8.222701	-4.247040
-8.408423	-4.313369
-8.615308	-4.346218
-8.808927	-4.385384
-8.961485	-4.429288
-8.974119	-4.444133
-8.990543	-4.464032
-9.006968	-4.454556
-9.048345	-4.431183
-9.040448	-4.438447
-9.023076	-4.454556
-8.996229	-4.463084
-8.966854	-4.481088
-8.962749	-4.476982
-8.940954	-4.444449
-8.816192	-4.407178
-8.607411	-4.322845
-8.423584	-4.295050
-8.210698	-4.236932
-8.017712	-4.174077
-7.815880	-4.061633
-7.610259	-3.979195
-7.421378	-3.901811
-7.210703	-3.849694
-7.023717	-3.828532
-6.804830	-3.757465
-6.619739	-3.721142
-6.408432	-3.636177
-6.215761	-3.568584
-6.012667	-3.484567
-5.815258	-3.440347
-5.621007	-3.351908
-5.409384	-3.257783
-5.224609	-3.167133
-5.006038	-3.073008
-4.817789	-3.037001
-4.605219	-3.003204
-4.422655	-2.956142
-4.208505	-2.877810
-4.017097	-2.818114
-3.813687	-2.729043
-3.607118	-2.678506
-3.418869	-2.605228
-3.212300	-2.553743
-3.015207	-2.442878
-2.815587	-2.395184
-2.612808	-2.293479
-2.405607	-2.224307
-2.218937	-2.160820
-2.016791	-2.072697
-1.807695	-2.012053
-1.604600	-1.898977
-1.416351	-1.842755
-1.205992	-1.725888
-1.014900	-1.660823
-0.814648	-1.586597
-0.616291	-1.505106
-0.410038	-1.401822
-0.213261	-1.275480
-0.014904	-1.126712
0.192953	-0.861395
0.382174	-0.603341
0.588769	-0.270747
0.785256	-0.007640
0.986481	0.220436
1.188970	0.359114
1.385773	0.414711
1.585103	0.478206
1.778430	0.529381
1.993239	0.588138
2.177406	0.604564
2.392215	0.651632
2.582700	0.634258
2.784873	0.649421
2.987045	0.690803
3.179425	0.688276
3.388864	0.764091
3.578085	0.771673
3.796369	0.763775
3.978324	0.772304
4.193449	0.775463
4.377932	0.785888
4.589266	0.841801
4.787332	0.840854
4.981923	0.838327
5.191994	0.863282
5.380899	0.889502
5.579281	0.874339
5.782086	0.938149
5.991524	0.914141
6.187695	0.897083
6.390500	0.929304
6.594884	0.903717
6.782842	0.917300
6.986594	0.945415
7.189083	0.979848
7.383358	0.960578
7.589006	1.015228
7.788652	0.976689
7.981348	0.957735
8.184784	0.992483
8.387273	0.995642
8.586603	1.029127
8.785933	1.046185
8.986842	1.077775
9.178906	1.034497
9.383607	1.070194
9.583252	1.080934
9.778159	1.059137
9.991388	1.072721
9.776580	1.008594
9.584200	1.002592
9.378552	0.978900
9.188383	1.038288
8.979893	1.029443
8.788775	1.089147
8.590394	1.006067
8.377796	0.964053
8.190471	0.943835
7.980400	0.991536
7.795286	1.232564
7.583320	1.021862
7.396310	1.008278
7.180870	0.902769
6.990701	0.920143
6.780314	0.923618
6.595516	0.989008
6.386393	0.934359
6.188011	0.933727
5.984574	0.845908
5.781138	0.830113
5.594128	0.880656
5.378688	0.908139
5.192626	0.914457
4.982555	0.851278
4.792386	0.795365
4.582316	0.758721
4.386461	0.799787
4.180813	0.831061
3.985274	0.815898
3.794158	0.778938
3.577769	0.700912
3.398657	0.683222
3.178478	0.681327
2.985466	0.705966
2.788663	0.670586
2.591861	0.641524
2.385897	0.581504
2.185619	0.551810
1.993239	0.567288
1.770217	0.543596
1.592052	0.512007
1.381034	0.423872
1.194024	0.315836
0.981427	0.190110
0.789363	0.010365
0.585294	-0.290014
0.380910	-0.579968
0.197059	-0.877819
-0.016168	-1.116605
-0.210102	-1.308329
-0.415092	-1.403401
-0.620398	-1.526584
-0.815280	-1.581859
-1.008267	-1.662718
-1.216731	-1.772635
-1.414772	-1.842123
-1.610286	-1.937511
-1.817171	-1.967833
-2.019949	-2.077435
-2.211041	-2.124181
-2.418558	-2.245469
-2.612176	-2.308640
-2.813060	-2.392026
-3.016786	-2.456144
-3.217670	-2.506681
-3.416342	-2.615651
-3.606487	-2.661766
-3.818109	-2.771367
-4.006359	-2.835801
-4.220824	-2.899920
-4.411916	-2.933400
-4.613747	-2.993413
-4.814314	-3.069534
-5.010144	-3.137127
-5.219556	-3.258731
-5.403699	-3.284631
-5.620375	-3.365174
-5.810835	-3.427397
-6.015193	-3.533524
-6.215445	-3.597011
-6.407801	-3.669342
-6.618160	-3.707244
-6.808620	-3.742620
-7.025612	-3.818741
-7.208492	-3.900547
-7.423905	-3.986459
-7.602363	-4.052473
-7.821250	-4.106484
-8.010131	-4.136490
-8.220806	-4.210401
-8.420110	-4.256831
-8.608675	-4.350956
-8.816192	-4.414443
-8.934953	-4.463716
-8.965907	-4.465611
-8.973487	-4.473191
-8.983278	-4.484246
-8.975066	-4.497828
-8.986121	-4.503513
-8.983595	-4.491511
-8.994018	-4.470349
-8.987700	-4.460873
-8.966223	-4.465611
-8.929899	-4.467506
-8.810190	-4.441606
-8.614992	-4.363274
-8.412213	-4.270413
-8.220806	-4.171866
-8.014553	-4.096693
-7.815565	-4.053737
-7.602363	-3.992461
-7.413482	-3.962770
-7.216704	-3.891387
-7.011399	-3.832639
-6.823149	-3.762203
-6.610579	-3.681660
-6.415697	-3.623543
-6.212918	-3.540473
-6.014878	-3.473828
-5.809888	-3.384757
-5.619112	-3.363279
-5.415386	-3.265680
-5.205342	-3.232199
-5.014250	-3.152288
-4.810208	-3.072692
-4.619116	-2.965302
-4.413811	-2.900867
-4.221139	-2.832011
-4.005727	-2.769788
-3.819373	-2.743572
-3.610909	-2.638392
-3.420764	-2.603648
-3.213248	-2.508892
-3.018997	-2.480465
-2.812428	-2.391078
-2.615967	-2.334856
-2.420453	-2.253681
-2.209778	-2.151029
-2.021213	-2.079014
-1.808327	-1.973518
-1.616287	-1.933405
-1.403401	-1.834543
-1.214836	-1.762843
-1.010478	-1.654821
-0.815912	-1.571436
-0.617239	-1.495946
-0.411934	-1.399295
-0.217999	-1.303275
-0.004481	-1.069543
0.182212	-0.854130
0.387228	-0.553752
0.583083	-0.274537
0.783361	-0.011430
0.984902	0.205273
1.184864	0.337949
1.397461	0.436824
1.573415	0.475995
1.797384	0.534119
1.978076	0.560339
2.190042	0.580556
2.380527	0.604564
2.594704	0.635206
2.787084	0.655107
2.981675	0.694910
3.192377	0.714496
3.378439	0.740083
3.594196	0.699333
3.790051	0.752403
3.985590	0.746401
4.183972	0.801999
4.387724	0.837379
4.585475	0.817793
4.784489	0.830113
4.987609	0.818109
5.191994	0.866125
5.373317	0.862966
5.591285	0.928041
5.777979	0.893608
5.990892	0.877813
6.187063	0.874023
6.390500	0.917932
6.589198	0.965000
6.781894	0.980479
6.997018	0.980163
7.177079	0.911614
7.395678	0.905928
7.587742	0.944467
7.788020	1.034181
7.984823	1.040815
8.182573	1.025337
8.392960	0.995010
8.576179	0.929304
8.795094	0.996906
8.980524	1.051872
9.186488	1.080934
9.377604	1.031970
9.585464	1.012701
9.785425	0.961210
9.981280	1.030075
9.793323	1.098940
9.574723	1.075880
9.389924	1.052188
9.178591	0.982375
8.999478	0.917932
8.781195	0.974477
8.596711	1.069878
8.387905	1.055978
8.183520	1.046817
7.987350	0.966264
7.793390	0.945731
7.587111	0.949522
7.382411	1.009226
7.194137	0.992799
6.971747	0.964685
6.796109	0.921091
6.582564	0.871811
6.389868	0.916984
6.189275	0.937518
5.988681	0.944151
5.784297	0.888238
5.581492	0.853489
5.388480	0.821268
5.182517	0.836115
4.991716	0.886974
4.785120	0.869284
4.582632	0.828850
4.380775	0.794733
4.187763	0.788415
3.985906	0.740715
3.784681	0.773252
3.590089	0.750508
3.382546	0.716707
3.187323	0.687013
2.983255	0.666164
2.792770	0.658898
2.582700	0.638997
2.401376	0.625097
2.179302	0.561286
1.982815	0.562866
1.789803	0.505057
1.577837	0.484840
1.388616	0.422608
1.191181	0.349637
0.987745	0.187267
0.779570	-0.015536
0.591928	-0.260639
0.378699	-0.582811
0.192321	-0.850340
-0.012062	-1.147243
-0.211682	-1.264741
-0.422041	-1.411613
-0.611238	-1.513318
-0.818123	-1.619761
-1.014268	-1.690513
-1.205044	-1.764423
-1.422036	-1.866760
-1.605232	-1.920455
-1.821592	-2.032899
-2.007315	-2.090069
-2.220517	-2.140921
-2.406239	-2.192090
-2.613756	-2.258419
-2.817798	-2.351280
-3.011101	-2.442878
-3.219881	-2.549321
-3.411920	-2.598911
-3.620384	-2.666819
-3.808002	-2.728411
-4.013307	-2.805795
-4.217033	-2.878758
-4.414443	-2.963407
-4.618484	-3.038580
-4.810524	-3.088801
-5.020883	-3.167449
-5.203447	-3.235673
-5.419492	-3.307056
-5.607110	-3.377808
-5.816205	-3.416974
-6.006665	-3.458351
-6.219235	-3.535104
-6.416329	-3.593537
-6.609948	-3.676606
-6.816201	-3.757149
-7.012978	-3.850326
-7.215441	-3.844641
-7.413166	-3.920762
-7.614049	-3.983617
-7.810195	-4.062265
-8.018027	-4.150388
-8.214805	-4.231247
-8.420426	-4.308631
-8.608359	-4.332952
-8.817771	-4.438763
-8.930847	-4.456451
-8.962749	-4.474455
-8.964328	-4.486773
-8.988648	-4.477929
-9.010442	-4.464032
-9.018023	-4.461821
-9.019602	-4.458662
-8.988016	-4.474771
-8.965907	-4.490563
-8.943165	-4.487089
-8.937164	-4.462452
-8.808927	-4.399282
-8.612149	-4.339269
-8.417268	-4.299156
-8.216068	-4.243249
-8.021502	-4.198082
-7.806721	-4.095429
-7.620366	-4.018992
-7.404322	-3.919183
-7.221442	-3.893282
-7.015821	-3.832954
-6.813358	-3.784944
-6.617844	-3.714825
-6.415065	-3.639019
-6.219552	-3.565425
-6.005402	-3.511730
-5.823154	-3.464036
-5.606162	-3.380651
-5.419176	-3.311478
-5.212291	-3.187979
-5.011092	-3.134600
-4.811472	-3.066059
-4.615010	-3.038264
-4.418865	-2.966565
-4.214822	-2.888233
-4.019940	-2.783685
-3.805475	-2.727148
-3.619752	-2.679769
-3.409393	-2.593225
-3.218301	-2.554059
-3.013312	-2.439088
-2.816850	-2.360756
-2.603333	-2.264105
-2.415083	-2.222412
-2.220517	-2.143132
-2.006052	-2.082172
-1.821908	-1.988364
-1.613128	-1.900556
-1.412877	-1.821592
-1.209466	-1.739154
-1.016479	-1.679142
-0.813385	-1.584386
-0.615976	-1.518056
-0.415408	-1.398663
-0.207576	-1.286851
-0.009851	-1.119764
0.192953	-0.861079
0.383122	-0.552805
0.586874	-0.256217
0.785888	-0.021853
0.994379	0.207484
1.187707	0.343951
1.390195	0.456093
1.588578	0.462411
1.779694	0.515482
1.987869	0.534119
2.187515	0.610566
2.390003	0.637417
2.579541	0.660793
2.800667	0.659846
2.977569	0.615620
3.187955	0.691119
3.384757	0.715443
3.599882	0.788731
3.780574	0.772936
3.992540	0.776411
4.182393	0.729975
4.379827	0.773884
4.594004	0.844329
4.779435	0.847803
4.988873	0.891081
5.179674	0.851278
5.393851	0.828850
5.580229	0.862966
5.789351	0.935938
5.985838	0.948258
6.184852	0.952681
6.393343	0.903401
6.585091	0.853489
6.788528	0.905928
6.975538	0.995326
7.189714	0.995010
7.380515	1.005751
7.590901	0.964369
7.791495	0.918564
7.983559	0.943204
8.187628	1.016491
8.382218	1.032286
8.594501	1.041131
8.782458	1.007330
8.990633	0.968475
9.183013	1.018387
9.390556	1.076512
9.580093	1.076512
9.785110	1.067666
9.991388	1.007962
9.780055	0.987429
9.583884	0.977952
9.384870	1.067035
9.182697	1.049976
8.978312	1.043658
8.796357	0.995326
8.582497	0.983954
8.389800	0.982691
8.182257	0.976057
7.988614	1.037972
7.787072	0.966580
7.595640	1.004487
7.380831	0.946363
7.188767	0.959314
6.984383	0.958367
6.776208	0.965000
6.592988	0.930568
6.382918	0.897399
6.194329	0.914457
5.981416	0.864862
5.794722	0.893608
5.577702	0.885395
5.386269	0.883815
5.183780	0.858544
4.989189	0.873707
4.790491	0.828534
4.575998	0.796628
4.390252	0.808632
4.176707	0.797892
3.993171	0.799156
3.780574	0.772936
3.588826	0.746401
3.381283	0.699333
3.182269	0.689224
2.992100	0.666164
2.786136	0.678484
2.592176	0.642472
2.382422	0.596983
2.197939	0.580240
1.981235	0.531592
1.791698	0.536331
1.580048	0.491790
1.389564	0.454198
1.184232	0.322786
0.986797	0.197059
0.789047	-0.038278
0.578661	-0.292541
0.397969	-0.581232
0.180949	-0.875924
-0.007008	-1.094495
-0.220526	-1.296958
-0.409723	-1.410034
-0.618187	-1.523110
-0.814332	-1.587228
-1.015532	-1.689881
-1.213888	-1.742629
-1.401506	-1.847493
-1.625763	-1.901188
-1.804220	-1.972887
-2.017107	-2.048060
-2.221148	-2.149765
-2.414136	-2.222412
-2.611229	-2.310851
-2.819377	-2.379708
-3.012048	-2.416347
-3.211668	-2.501627
-3.422028	-2.570168
-3.614067	-2.670609
-3.811160	-2.744835
-4.014886	-2.832643
-4.215454	-2.904026
-4.409389	-2.957406
-4.621959	-3.061006
-4.814314	-3.087853
-5.010776	-3.173450
-5.212291	-3.217670
-5.419176	-3.280841
-5.614374	-3.302003
-5.815889	-3.378124
-6.019931	-3.452665
-6.207865	-3.532261
-6.416645	-3.639967
-6.614054	-3.662393
-6.821254	-3.758729
-7.007293	-3.769783
-7.225864	-3.893598
-7.405585	-3.960560
-7.613101	-4.073319
-7.814933	-4.116276
-8.012341	-4.167444
-8.222385	-4.241354
-8.407475	-4.278625
-8.625416	-4.385068
-8.801978	-4.443185
-8.931163	-4.474455
-8.963696	-4.462452
-8.983595	-4.468138
-8.974751	-4.486457
-8.965907	-4.506356
-8.968433	-4.520254
-8.967802	-4.502566
-8.997176	-4.476350
-8.982963	-4.467190
-8.959273	-4.470349
-8.922951	-4.472244
-8.815560	-4.456135
-8.613413	-4.365485
-8.419163	-4.263148
-8.221753	-4.180394
-8.011079	-4.138386
-7.816828	-4.088480
-7.615313	-4.060054
-7.412850	-3.969404
-7.218599	-3.898968
-7.016137	-3.835797
-6.818411	-3.773258
-6.611211	-3.737250
-6.417592	-3.643126
-6.214498	-3.603644
-6.008245	-3.468458
-5.820311	-3.424870
-5.617848	-3.338642
-5.412543	-3.305161
-5.220503	-3.248623
-5.010144	-3.144391
-4.813367	-3.088485
-4.610272	-2.975093
-4.424866	-2.939086
-4.203768	-2.860438
-4.020256	-2.848436
-3.811160	-2.731570
-3.605855	-2.664608
-3.424554	-2.563535
-3.213248	-2.502575
-3.019313	-2.446669
-2.806111	-2.379708
-2.619757	-2.307377
-2.394868	-2.205356
-2.224939	-2.150081
-2.013948	-2.055641
-1.813380	-2.020897
-1.612813	-1.919823
-1.412245	-1.851599
-1.217363	-1.763791
-1.007635	-1.673141
-0.821913	-1.584386
-0.609027	-1.495631
-0.415724	-1.421721
-0.206312	-1.277375
-0.015220	-1.116605
0.190110	-0.859184
0.385649	-0.570808
0.578977	-0.248953
0.793154	-0.007008
0.982375	0.186319
1.191497	0.341108
1.380403	0.426399
1.588893	0.520536
1.780642	0.530961
1.994819	0.558443
2.184040	0.545176
2.388424	0.591928
2.589649	0.644367
2.782029	0.705019
2.989573	0.729343
3.171528	0.700596
3.394866	0.703755
3.588826	0.695858
3.791630	0.757457
3.984326	0.799156
4.189026	0.812107
4.381091	0.778938
4.586107	0.799787
4.794281	0.811475
4.981607	0.888870
5.191362	0.890765
5.382478	0.908455
5.584967	0.860123
5.781770	0.854437
5.988997	0.883500
6.186748	0.907192
6.390500	0.965948
6.587303	0.935306
6.784737	0.956787
6.982803	0.922039
7.189399	0.946363
7.393783	0.924882
7.586163	0.982375
7.789916	0.994695
7.982927	0.982059
8.185101	1.010173
8.385378	0.972266
8.591973	1.047133
8.783722	1.025337
8.989685	1.031654
9.181749	1.017439
9.383290	1.026600
9.588306	1.029127
9.780055	1.001644
9.994232	1.086936
9.774369	1.024389
9.593677	1.061664
9.378552	1.047133
9.188067	1.016176
8.984947	0.964685
8.782458	1.013964
8.596395	1.003224
8.376533	1.012069
8.193629	1.057558
7.980400	0.983322
7.797813	0.966580
7.578897	0.969107
7.395994	0.960894
7.178974	0.965632
6.987857	0.989324
6.786948	0.934043
6.581932	0.890765
6.392395	0.892029
6.186431	0.912878
5.983627	0.909719
5.782718	0.938465
5.593496	0.873075
5.380267	0.823164
5.185360	0.820952
4.987926	0.850962
4.791439	0.868968
4.584843	0.850331
4.387093	0.836115
4.181129	0.745453
3.987170	0.741347
3.790683	0.752719
3.579665	0.755562
3.382862	0.747980
3.184164	0.703123
2.986414	0.652264
2.781398	0.610250
2.590913	0.659846
2.384001	0.610250
2.187515	0.609618
1.996398	0.551810
1.777483	0.485156
1.585103	0.461148
1.387352	0.421345
1.195604	0.371433
0.977952	0.192637
0.791890	0.018263
0.584663	-0.288434
0.380910	-0.535749
0.195164	-0.858236
-0.015220	-1.113447
-0.214524	-1.288746
-0.418251	-1.414456
-0.606500	-1.513318
-0.825387	-1.610286
-1.002582	-1.659559
-1.214836	-1.766318
-1.407507	-1.803589
-1.617235	-1.914138
-1.811169	-1.973518
-2.017738	-2.080277
-2.217990	-2.125129
-2.413504	-2.181983
-2.617230	-2.250839
-2.803268	-2.335488
-3.017102	-2.454249
-3.209773	-2.524369
-3.420132	-2.633339
-3.611224	-2.673768
-3.814319	-2.752100
-4.012044	-2.824431
-4.216402	-2.906237
-4.421391	-2.982042
-4.609641	-3.042054
-4.812735	-3.127651
-5.006986	-3.156394
-5.218292	-3.256204
-5.415070	-3.324113
-5.620059	-3.404340
-5.814310	-3.434662
-6.012667	-3.478881
-6.222394	-3.524049
-6.405590	-3.590378
-6.621634	-3.698716
-6.809252	-3.768836
-7.023401	-3.838640
-7.216704	-3.886650
-7.416956	-3.912865
-7.605205	-3.977931
-7.819039	-4.075847
-8.019922	-4.147861
-8.202170	-4.241670
-8.427375	-4.271045
-8.610254	-4.366748
-8.810506	-4.409389
-8.918529	-4.476982
-8.947903	-4.485510
-8.975383	-4.474139
-9.022445	-4.443817
-9.042975	-4.432762
-9.031288	-4.450134
-8.992438	-4.477929
-8.970013	-4.496249
-8.948851	-4.498460
-8.957378	-4.480140
-8.940323	-4.452977
-8.807347	-4.395807
-8.617519	-4.346218
-8.416951	-4.285890
-8.219543	-4.258410
-8.012658	-4.164286
-7.821881	-4.108696
-7.611522	-4.025626
-7.418535	-3.990250
-7.214809	-3.939397
-7.004450	-3.851906
-6.815253	-3.784944
-6.612159	-3.685450
-6.425173	-3.662077
-6.202495	-3.584061
-6.025301	-3.528155
-5.810520	-3.442242
-5.616585	-3.376544
-5.414438	-3.278314
-5.209133	-3.203772
-5.018672	-3.138074
-4.806734	-3.064480
-4.625117	-3.018365
-4.407494	-2.955826
-4.217981	-2.862965
-4.006674	-2.791582
-3.820636	-2.741045
-3.611540	-2.656712
-3.408762	-2.612176
-3.217985	-2.531318
-3.011732	-2.466568
-2.815903	-2.362020
-2.611545	-2.307061
-2.411293	-2.221464
-2.212936	-2.164295
-2.020897	-2.087542
-1.817171	-1.985837
-1.613760	-1.906557
-1.411929	-1.804220
-1.212941	-1.738523
-1.007951	-1.640292
-0.817491	-1.601442
-0.613133	-1.489629
-0.410038	-1.400242
-0.215156	-1.272953
-0.007640	-1.117869
0.188530	-0.869607
0.384701	-0.556279
0.580240	-0.270431
0.787783	0.027424
0.990588	0.198007
1.188022	0.351848
1.390195	0.412500
1.579101	0.475679
1.787276	0.533172
1.979024	0.575186
2.190989	0.630468
2.378631	0.607091
2.591861	0.653844
2.789611	0.626993
2.986098	0.679115
3.187323	0.702492
3.384442	0.740083
3.583140	0.728079
3.783417	0.772304
3.993171	0.774516
4.179234	0.780202
4.396570	0.819689
4.577578	0.799471
4.791754	0.848751
4.980344	0.849383
5.193889	0.874339
5.380899	0.839906
5.585599	0.903085
5.786824	0.901190
5.984890	0.917932
6.188959	0.937833
6.379759	0.907823
6.598990	0.899610
6.775892	0.919827
6.995439	0.945731
7.185608	0.966896
7.387465	1.001328
7.582688	0.984902
7.785493	0.958998
7.986402	0.956155
8.176571	0.969107
8.392643	1.040499
8.581233	1.057242
8.790039	1.031654
8.986526	0.989956
9.186488	1.002592
9.385186	1.026916
9.580093	1.077143
9.795534	1.082198
9.980332	1.031654
9.799008	0.970371
9.581988	0.983006
9.386765	1.005435
9.181434	1.067351
8.990001	1.079355
8.784986	1.028495
8.583760	0.979532
8.390748	0.930568
8.185732	0.999433
7.980084	1.014280
7.793074	1.055662
7.583636	0.989008
7.381147	0.930568
7.189083	0.911614
6.982803	0.944151
6.782842	0.996906
6.587618	0.946047
6.395238	0.952365
6.178850	0.844013
5.993420	0.852226
5.781770	0.886343
5.585915	0.923618
5.389112	0.906560
5.188203	0.878761
4.989820	0.831693
4.780382	0.762196
4.594636	0.816846
4.376984	0.825691
4.187131	0.833272
3.984958	0.781781
3.793526	0.731870
3.587878	0.706914
3.382546	0.707862
3.191114	0.734713
2.973462	0.699964
2.798140	0.657634
2.577013	0.604248
2.390003	0.590349
2.180881	0.583399
1.981551	0.584979
1.787276	0.551810
1.573099	0.476311
1.395250	0.416291
1.185495	0.336685
0.987745	0.194848
0.777991	0.020158
0.593192	-0.279906
0.373645	-0.598604
0.190110	-0.854130
-0.008903	-1.113131
-0.215156	-1.284324
-0.414776	-1.432144
-0.608711	-1.493104
-0.818754	-1.619130
-1.010794	-1.675352
-1.208835	-1.772319
-1.418246	-1.867076
-1.609654	-1.921718
