# Configuration automatically generated by WRITE_CONFIG()
connection eth
ip 192.168.0.10
samplehz 1000.000000
settleus 10.000000
nsample 128

# Analog Inputs
aichannel 0
ainegative 199
airange 10.000000
airesolution 0

aichannel 1
ainegative 199
airange 10.000000
airesolution 0

# Analog Outputs
aochannel 0
aosignal triangle
aofrequency 5.000000
aoamplitude 2.000000
aooffset 2.500000
aoduty 0.500000

# Meta Parameters
int:periods 10
flt:tip_T_C 446.169196
flt:plate_T_C 283.312639
flt:plate_Q_kW 0.534369
flt:cool_Thigh_C 48.949644
flt:cool_Tlow_C 13.034477
flt:air_psig 20.000000
flt:water_gph 3.000000
flt:standoff_in 0.228000
flt:oxygen_scfh 7.988281
flt:fuel_scfh 4.382469
flt:flow_scfh 12.370750
flt:ratio_fto 0.548612

## End Configuration ##
#: Wed Apr 12 17:31:54 2017
-7.411902	-3.385388
-9.420737	-4.038891
-9.413157	-4.038260
-9.472854	-3.952347
-9.413472	-3.862013
-9.216379	-3.842114
-9.015180	-3.901811
-8.806085	-3.874015
-8.610570	-3.738830
-8.415056	-3.617857
-8.216700	-3.555318
-8.010447	-3.578691
-7.816512	-3.587851
-7.614681	-3.494674
-7.413166	-3.363279
-7.218284	-3.289369
-7.017400	-3.278314
-6.814305	-3.307688
-6.615949	-3.244517
-6.413802	-3.109332
-6.216393	-3.015523
-6.014246	-2.973198
-5.814942	-2.972566
-5.615322	-2.960880
-5.418860	-2.839592
-5.213239	-2.741045
-5.012987	-2.685771
-4.804207	-2.681664
-4.617537	-2.655133
-4.412863	-2.558481
-4.215454	-2.458987
-4.013623	-2.396448
-3.811160	-2.357598
-3.612804	-2.334224
-3.418237	-2.266632
-3.214827	-2.169348
-3.011732	-2.095438
-2.814955	-2.028161
-2.614072	-1.999734
-2.413188	-1.958042
-2.216411	-1.854757
-2.017422	-1.767265
-1.814012	-1.707569
-1.611233	-1.662718
-1.408771	-1.596388
-1.209782	-1.501316
-1.009530	-1.377185
-0.814332	-1.253686
-0.611870	-1.107129
-0.414460	-0.929303
-0.216420	-0.726841
-0.013325	-0.504795
0.188846	-0.335497
0.382174	-0.176938
0.584347	-0.031329
0.785888	0.078283
0.984902	0.141778
1.186759	0.178737
1.386721	0.203061
1.582576	0.229912
1.784433	0.241601
1.982183	0.247287
2.185619	0.238126
2.386529	0.263397
2.587438	0.270979
2.784873	0.300673
2.982939	0.286774
3.187639	0.273190
3.386969	0.282667
3.588510	0.300041
3.784681	0.302884
3.986222	0.316152
4.182393	0.303516
4.384881	0.305727
4.585159	0.324365
4.785437	0.332894
4.988557	0.347425
5.189782	0.332894
5.380267	0.319627
5.584020	0.340476
5.783665	0.367643
5.984574	0.357534
6.188959	0.350584
6.387341	0.324681
6.586355	0.336053
6.782526	0.365747
6.985331	0.368590
7.183081	0.368906
7.383358	0.336685
7.587742	0.343319
7.791811	0.353112
7.981348	0.392283
8.185101	0.395757
8.388536	0.364484
8.586287	0.351216
8.792251	0.363852
8.983051	0.401759
9.182697	0.406182
9.382659	0.380910
9.582621	0.354059
9.781003	0.365747
9.989493	0.389755
9.784793	0.408709
9.584831	0.397969
9.383290	0.350900
9.185225	0.354059
8.989685	0.371118
8.786249	0.401128
8.583760	0.382806
8.390432	0.360693
8.186364	0.333842
7.983243	0.351848
7.789599	0.373329
7.588690	0.384385
7.384938	0.370170
7.184029	0.337001
6.985962	0.324049
6.782210	0.352164
6.589514	0.382806
6.390184	0.357218
6.185484	0.340160
5.991840	0.302252
5.783665	0.325313
5.584335	0.355007
5.384058	0.359745
5.185676	0.339844
4.986346	0.301937
4.786384	0.306359
4.586107	0.331631
4.383302	0.347425
4.184920	0.316152
3.986854	0.291512
3.793210	0.266872
3.585667	0.284246
3.384757	0.307623
3.185428	0.302252
2.981359	0.273506
2.788347	0.239705
2.590281	0.247918
2.381474	0.267504
2.187199	0.276033
1.984078	0.254868
1.778746	0.216329
1.582260	0.201482
1.387984	0.216013
1.187075	0.208432
0.982375	0.168945
0.787783	0.088076
0.582136	-0.014904
0.382490	-0.159566
0.188530	-0.342761
-0.013009	-0.552489
-0.214209	-0.739475
-0.415092	-0.894243
-0.610922	-1.102076
-0.818754	-1.308645
-1.005740	-1.443515
-1.211046	-1.530059
-1.403401	-1.570172
-1.612813	-1.602705
-1.812433	-1.702515
-2.014895	-1.833911
-2.211989	-1.910348
-2.410345	-1.932142
-2.613756	-1.914770
-2.815271	-2.015527
-3.017102	-2.151345
-3.215459	-2.252102
-3.418237	-2.282740
-3.614383	-2.236310
-3.811792	-2.289373
-4.012360	-2.431823
-4.213243	-2.538582
-4.413811	-2.617546
-4.616273	-2.578696
-4.812735	-2.550901
-5.012039	-2.681033
-5.212607	-2.833275
-5.416965	-2.921082
-5.615005	-2.918871
-5.817784	-2.853173
-6.015509	-2.927399
-6.213550	-3.104594
-6.414750	-3.211037
-6.614054	-3.256835
-6.818096	-3.183873
-7.017084	-3.180715
-7.217968	-3.337694
-7.411902	-3.524049
-7.610575	-3.581218
-7.816196	-3.518679
-8.011395	-3.441611
-8.218911	-3.549633
-8.413477	-3.742620
-8.612466	-3.836113
-8.813664	-3.842746
-9.016443	-3.731565
-9.215748	-3.770415
-9.398627	-3.951084
-9.375886	-4.052473
-9.390100	-4.062581
-9.512651	-3.956769
-9.583087	-3.847800
-9.473169	-3.927395
-9.355040	-4.024046
-9.218591	-4.023730
-9.017707	-3.863908
-8.813349	-3.657023
-8.611834	-3.636809
-8.419163	-3.708192
-8.216700	-3.747674
-8.015817	-3.651654
-7.813985	-3.431503
-7.615313	-3.333588
-7.411271	-3.394232
-7.217968	-3.448559
-7.021190	-3.397707
-6.818096	-3.214195
-6.614369	-3.064480
-6.414433	-3.065744
-6.216709	-3.109647
-6.012667	-3.097645
-5.813678	-2.992465
-5.617217	-2.822536
-5.412859	-2.753679
-5.214818	-2.803268
-5.011408	-2.812428
-4.812419	-2.711355
-4.617537	-2.555007
-4.409705	-2.441615
-4.215454	-2.471305
-4.013623	-2.478570
-3.810844	-2.438456
-3.605223	-2.298217
-3.417606	-2.161452
-3.215459	-2.131130
-3.013628	-2.153240
-2.814323	-2.105230
-2.611545	-2.000050
-2.412556	-1.884763
-2.214831	-1.789375
-2.017107	-1.789691
-1.811169	-1.750841
-1.614708	-1.673773
-1.412877	-1.551853
-1.211993	-1.428985
-1.010478	-1.364867
-0.817807	-1.288430
-0.617555	-1.134609
-0.408775	-0.911615
-0.214209	-0.693360
-0.012378	-0.509217
0.190110	-0.343077
0.385965	-0.187361
0.585610	-0.030381
0.783045	0.082389
0.987113	0.132617
1.188654	0.176842
1.390195	0.223279
1.584787	0.245075
1.780958	0.228333
1.983762	0.220751
2.186567	0.238758
2.382738	0.272558
2.587438	0.303516
2.791822	0.273506
2.980727	0.256132
3.184480	0.263081
3.381598	0.298778
3.589773	0.323417
3.787524	0.327208
3.988117	0.289617
4.184920	0.276349
4.382354	0.320890
4.583580	0.360377
4.787332	0.360061
4.984135	0.324997
5.187887	0.308570
5.383426	0.327840
5.583388	0.357218
5.784613	0.384069
5.988681	0.348373
6.180429	0.326576
6.387341	0.329735
6.592988	0.368906
6.780630	0.383437
6.985014	0.368590
7.186240	0.339528
7.387149	0.324681
7.583636	0.367011
7.788336	0.396705
7.989245	0.398916
8.184784	0.365116
8.386326	0.354375
8.585971	0.365116
8.791303	0.400812
8.988106	0.428611
9.185540	0.386912
9.385818	0.355639
9.581988	0.364168
9.785741	0.399548
9.987914	0.416922
9.778476	0.397021
9.583252	0.362273
9.382343	0.348057
9.191858	0.355639
8.986842	0.395442
8.790039	0.399548
8.585655	0.361957
8.385378	0.356902
8.185416	0.352480
7.982296	0.391335
7.791811	0.399548
7.592165	0.370170
7.384938	0.344267
7.184976	0.342687
6.982803	0.376488
6.782210	0.377120
6.587303	0.359429
6.391448	0.329735
6.186748	0.326260
5.987102	0.326576
5.791879	0.352480
5.578018	0.354691
5.383426	0.330999
5.186624	0.329419
4.982871	0.319311
4.785752	0.338264
4.583580	0.345846
4.384250	0.327208
4.183341	0.299409
3.989697	0.306043
3.782785	0.307623
3.585983	0.321206
3.385389	0.292776
3.185428	0.270347
2.979464	0.265293
2.790559	0.260554
2.588070	0.262134
2.386213	0.276033
2.185619	0.246971
1.985658	0.228965
1.784433	0.223595
1.582576	0.227701
1.395566	0.222963
1.186127	0.187267
0.989008	0.153150
0.787152	0.095341
0.583083	-0.002586
0.386281	-0.145984
0.185687	-0.326337
-0.014273	-0.522799
-0.214209	-0.733158
-0.411618	-0.963100
-0.616923	-1.146611
-0.815596	-1.295063
-1.009846	-1.386345
-1.216099	-1.484892
-1.415088	-1.582175
-1.607127	-1.662718
-1.816223	-1.736943
-2.016791	-1.766950
-2.216727	-1.825383
-2.413820	-1.904031
-2.613440	-1.994997
-2.812744	-2.083120
-3.006363	-2.111863
-3.216406	-2.157978
-3.417290	-2.244838
-3.615646	-2.335172
-3.815582	-2.406871
-4.011728	-2.439404
-4.215770	-2.461514
-4.416969	-2.540162
-4.619116	-2.623231
-4.815578	-2.703774
-5.012671	-2.733464
-5.212923	-2.746099
-5.412227	-2.819693
-5.618164	-2.909080
-5.816837	-2.987412
-6.012351	-3.041423
-6.215445	-3.053741
-6.413486	-3.092591
-6.615949	-3.198087
-6.815569	-3.300108
-7.018348	-3.342432
-7.217020	-3.359804
-7.412534	-3.343696
-7.614997	-3.457403
-7.815565	-3.579007
-8.015817	-3.639651
-8.219227	-3.645653
-8.411898	-3.628281
-8.611202	-3.680081
-8.814612	-3.820952
-9.016128	-3.918867
-9.215432	-3.943187
-9.411893	-3.907496
-9.516757	-3.892019
-9.473485	-3.961507
-9.436846	-4.023730
-9.444427	-4.006674
-9.476012	-3.952663
-9.416315	-3.850326
-9.216695	-3.847168
-9.012969	-3.873699
-8.813033	-3.852853
-8.610887	-3.764414
-8.413161	-3.609329
-8.216700	-3.541105
-8.015500	-3.588799
-7.815248	-3.581218
-7.614365	-3.512362
-7.412850	-3.367701
-7.217968	-3.259362
-7.017084	-3.262205
-6.814305	-3.294106
-6.617844	-3.259362
-6.412539	-3.139338
-6.214182	-2.982358
-6.010771	-2.950141
-5.816837	-2.967513
-5.615953	-2.961512
-5.415386	-2.886338
-5.211659	-2.721778
-5.014250	-2.634918
-4.813367	-2.635234
-4.617221	-2.635550
-4.417601	-2.575537
-4.215454	-2.443826
-4.015834	-2.325696
-3.813056	-2.308324
-3.618173	-2.314010
-3.417921	-2.265052
-3.214195	-2.193353
-3.020261	-2.061958
-2.816850	-1.989627
-2.613124	-1.983942
-2.415399	-1.951409
-2.219885	-1.867391
-2.013948	-1.764423
-1.806431	-1.665560
-1.614076	-1.629869
-1.413193	-1.599231
-1.217679	-1.526268
-1.011741	-1.402138
-0.817175	-1.223996
-0.615976	-1.084072
-0.418567	-0.961205
-0.214209	-0.772639
-0.008587	-0.573967
0.186635	-0.341814
0.384069	-0.175674
0.586242	-0.041436
0.784308	0.071965
0.987429	0.150623
1.189602	0.183476
1.385457	0.185371
1.581944	0.206852
1.792962	0.228649
1.982815	0.263081
2.186883	0.265293
2.387161	0.238758
2.590913	0.234651
2.796876	0.267504
2.984202	0.355955
3.186691	0.309834
3.387916	0.306359
3.588510	0.258975
3.785944	0.285826
3.987170	0.320258
4.182393	0.330367
4.388988	0.329735
4.583895	0.296566
4.784173	0.301305
4.986030	0.337317
5.188835	0.364168
5.381846	0.373329
5.584967	0.326260
5.785876	0.309518
5.989313	0.362588
6.187063	0.373013
6.387973	0.393862
6.590777	0.346794
6.782210	0.312677
6.989121	0.325945
7.188767	0.372065
7.386201	0.385965
7.589006	0.387544
7.794654	0.347110
7.984191	0.329104
8.187943	0.370802
8.385694	0.415027
8.586287	0.413763
8.788460	0.372697
8.986842	0.336053
9.182065	0.359429
9.383290	0.406814
9.584516	0.421977
9.787004	0.390387
9.985071	0.344267
9.784793	0.352796
9.588939	0.371433
9.380132	0.421345
9.186488	0.406814
8.987158	0.351216
8.786249	0.335106
8.587867	0.385965
8.386009	0.407446
8.183837	0.407761
7.981980	0.377120
7.792442	0.322786
7.583952	0.355639
7.389992	0.388492
7.186240	0.404602
6.979644	0.372381
6.785369	0.323733
6.590146	0.317731
6.384182	0.348689
6.189590	0.389439
5.989629	0.403655
5.783981	0.326576
5.586231	0.297514
5.385322	0.315204
5.183465	0.359745
4.987609	0.362904
4.791122	0.325313
4.583895	0.303832
4.383934	0.292460
4.184920	0.320890
3.989065	0.338264
3.787524	0.325629
3.592616	0.276349
3.383810	0.262766
3.183848	0.274770
2.983571	0.296250
2.781398	0.292460
2.587754	0.253920
2.389688	0.230860
2.184988	0.234335
1.981551	0.258659
1.784433	0.264345
1.581944	0.228333
1.388616	0.190110
1.190866	0.159784
0.983638	0.142409
0.784940	0.079862
0.585294	-0.033540
0.382174	-0.171568
0.185055	-0.331391
-0.011430	-0.542382
-0.211050	-0.767270
-0.417619	-0.967522
-0.616923	-1.083440
-0.816227	-1.215152
-1.012689	-1.371184
-1.211361	-1.512371
-1.410982	-1.610286
-1.614708	-1.648820
-1.813380	-1.674088
-2.013000	-1.728099
-2.218937	-1.872445
-2.412556	-1.967201
-2.614388	-2.015211
-2.807690	-2.029109
-3.018681	-2.046165
-3.214827	-2.177245
-3.412236	-2.307377
-3.613120	-2.354439
-3.812740	-2.357913
-4.012991	-2.360125
-4.213875	-2.443510
-4.416337	-2.579328
-4.618169	-2.688929
-4.813051	-2.674400
-5.013303	-2.650711
-5.212291	-2.701563
-5.418228	-2.835170
-5.609320	-2.974146
-5.810520	-3.010785
-6.014246	-2.964670
-6.217024	-2.969092
-6.411275	-3.095434
-6.610895	-3.253361
-6.813042	-3.339274
-7.018348	-3.285263
-7.217968	-3.258415
-7.415692	-3.339274
-7.612786	-3.548054
-7.814617	-3.635861
-8.016764	-3.592589
-8.215753	-3.553739
-8.414741	-3.595116
-8.612466	-3.764730
-8.814297	-3.904337
-9.014864	-3.912865
-9.219222	-3.844641
-9.416315	-3.849694
-9.455797	-3.949189
-9.397680	-4.051842
-9.413789	-4.059422
-9.485804	-3.964034
-9.511703	-3.895178
-9.415684	-3.880964
-9.214484	-3.979195
-9.019286	-3.952031
-8.814297	-3.805791
-8.610887	-3.653865
-8.421058	-3.588799
-8.217963	-3.621016
-8.016764	-3.661445
-7.814617	-3.559108
-7.614049	-3.399918
-7.412850	-3.317164
-7.217968	-3.314321
-7.016768	-3.367069
-6.815885	-3.320954
-6.614369	-3.181978
-6.416960	-3.068270
-6.212918	-3.005731
-6.014878	-3.066375
-5.816205	-3.040791
-5.610584	-2.916976
-5.420755	-2.798215
-5.214502	-2.728411
-5.012671	-2.717988
-4.809261	-2.717988
-4.617221	-2.627337
-4.414443	-2.514893
-4.216086	-2.440667
-4.012991	-2.390762
-3.811476	-2.393921
-3.613435	-2.347174
-3.410657	-2.240416
-3.215459	-2.142501
-3.017102	-2.090069
-2.811796	-2.053114
-2.614072	-2.022476
-2.411293	-1.922982
-2.214831	-1.828225
-2.014264	-1.758737
-1.818750	-1.708832
-1.615339	-1.667140
-1.413824	-1.582491
-1.211993	-1.478890
-1.013952	-1.372763
-0.817491	-1.260319
-0.619766	-1.122606
-0.417619	-0.940358
-0.213893	-0.708521
-0.015536	-0.513639
0.187582	-0.307070
0.381542	-0.152301
0.584979	-0.008271
0.785256	0.095025
0.985218	0.151570
1.185179	0.191057
1.391459	0.210327
1.581628	0.238126
1.785380	0.239073
1.989133	0.234967
2.185935	0.250762
2.386213	0.264029
2.587122	0.278876
2.791506	0.269715
2.990204	0.268768
3.186059	0.279192
3.389496	0.278876
3.585351	0.294355
3.786892	0.299409
3.990328	0.297830
4.185236	0.288037
4.385829	0.307939
4.584211	0.319943
4.782278	0.319627
4.988241	0.327840
5.191994	0.317731
5.382163	0.333842
5.584651	0.354375
5.786824	0.356271
5.988681	0.349321
6.188643	0.342687
6.392711	0.341739
6.586355	0.359114
6.783157	0.366695
6.985646	0.364484
7.190662	0.344582
7.389044	0.348373
7.589322	0.372065
7.783597	0.381226
7.983875	0.378067
8.181941	0.366379
8.386957	0.349321
8.586287	0.368590
8.787512	0.392914
8.983684	0.397653
9.184277	0.372697
9.390556	0.353112
9.580725	0.376488
9.782898	0.395442
9.986650	0.393862
9.789532	0.375856
9.580093	0.359429
9.382659	0.344898
9.184277	0.372065
8.985579	0.386912
8.786249	0.400180
8.585340	0.366379
8.386957	0.344898
8.181941	0.361009
7.984823	0.389124
7.786440	0.379015
7.586479	0.368906
7.386833	0.341108
7.188451	0.327524
6.982172	0.366695
6.783157	0.377435
6.590146	0.370802
6.389552	0.330683
6.186431	0.315836
5.987733	0.338580
5.780822	0.373961
5.586546	0.363220
5.383426	0.348373
5.189466	0.296566
4.990768	0.306359
4.789543	0.339212
4.585475	0.349321
4.384565	0.319943
4.182709	0.291512
3.988749	0.286774
3.787208	0.291196
3.584719	0.325313
3.386021	0.303832
3.184480	0.265609
2.981043	0.256764
2.788663	0.259291
2.590597	0.274138
2.386529	0.272874
2.193201	0.246971
1.985974	0.216645
1.783801	0.206536
1.586050	0.222331
1.390511	0.215381
1.183916	0.195796
0.985850	0.137987
0.790310	0.056486
0.584031	-0.053754
0.384701	-0.196837
0.185687	-0.366451
-0.012378	-0.550278
-0.211682	-0.735369
-0.415724	-0.942885
-0.616607	-1.164615
-0.821597	-1.332650
-1.013636	-1.433091
-1.212941	-1.462782
-1.412877	-1.545220
-1.618814	-1.659243
-1.815275	-1.750525
-2.017107	-1.806747
-2.217990	-1.841491
-2.414451	-1.849072
-2.612176	-1.959937
-2.814323	-2.092596
-3.014575	-2.165874
-3.218617	-2.199986
-3.418869	-2.181983
-3.612804	-2.248628
-3.812108	-2.378760
-4.011728	-2.497837
-4.212927	-2.535108
-4.416022	-2.515525
-4.613747	-2.512366
-4.812419	-2.645025
-5.011408	-2.775157
-5.214502	-2.852542
-5.416018	-2.836117
-5.615637	-2.780527
-5.819995	-2.891076
-6.013614	-3.043002
-6.214182	-3.140285
-6.415697	-3.170291
-6.618160	-3.106489
-6.812095	-3.136495
-7.019295	-3.301371
-7.219231	-3.439399
-7.415692	-3.508888
-7.613733	-3.450139
-7.814933	-3.403076
-8.018343	-3.535104
-8.216384	-3.699980
-8.415056	-3.812740
-8.616887	-3.764098
-8.813664	-3.656392
-9.014233	-3.736619
-9.220486	-3.931817
-9.344616	-4.044577
-9.399891	-4.034785
-9.532550	-3.922341
-9.592878	-3.857907
-9.495279	-3.939081
-9.367674	-4.055948
-9.332930	-4.064792
-9.216063	-3.908443
-9.019602	-3.703138
-8.813664	-3.710719
-8.614676	-3.795368
-8.418215	-3.795683
-8.217332	-3.684503
-8.016132	-3.476986
-7.815565	-3.404971
-7.613101	-3.480145
-7.410639	-3.506992
-7.217652	-3.432767
-7.015189	-3.272944
-6.816201	-3.115964
-6.608368	-3.139969
-6.415381	-3.180715
-6.214498	-3.158289
-6.011403	-3.030368
-5.812415	-2.860438
-5.621323	-2.819377
-5.414438	-2.853173
-5.212607	-2.834222
-5.013303	-2.753679
-4.811472	-2.603333
-4.617221	-2.507313
-4.418865	-2.528159
-4.216402	-2.541425
-4.013307	-2.490888
-3.816846	-2.343384
-3.609645	-2.223675
-3.411604	-2.195248
-3.216090	-2.211673
-3.014259	-2.179140
-2.816218	-2.062589
-2.613440	-1.939722
-2.413820	-1.877815
-2.218622	-1.868023
-2.009526	-1.843071
-1.813696	-1.763791
-1.615655	-1.623868
-1.411929	-1.521847
-1.211046	-1.473837
-1.013005	-1.406244
-0.818754	-1.284008
-0.616607	-1.068911
-0.416356	-0.834231
-0.207576	-0.641244
-0.007640	-0.479211
0.189478	-0.303280
0.381542	-0.131455
0.584979	-0.002270
0.787467	0.077019
0.985534	0.151255
1.190550	0.195480
1.391775	0.218856
1.586682	0.211591
1.783801	0.207168
1.983131	0.237810
2.186883	0.256132
2.383054	0.303832
2.588070	0.274138
2.790874	0.245707
2.982307	0.257395
3.181953	0.297198
3.385705	0.327840
3.581560	0.309518
3.788471	0.282983
3.990960	0.286142
4.182393	0.304148
4.387093	0.354375
4.584843	0.349321
4.786068	0.311098
4.986346	0.301305
5.188519	0.320258
5.384690	0.364484
5.582440	0.385965
5.790299	0.343635
5.988997	0.325945
6.186748	0.322154
6.390184	0.361957
6.598990	0.386596
6.783473	0.370802
6.985331	0.339212
7.187187	0.320574
7.387465	0.355323
7.587742	0.395442
7.791495	0.390703
7.981980	0.355323
8.184153	0.342055
8.384430	0.369538
8.585655	0.396705
8.788460	0.417238
8.988421	0.391019
9.178591	0.358798
9.382975	0.353743
9.589254	0.397337
9.785425	0.423872
9.983175	0.403023
9.785425	0.358798
9.586095	0.342687
9.379816	0.367643
9.183329	0.407446
8.995687	0.395442
8.784353	0.365747
8.588498	0.347425
8.380323	0.350900
8.186048	0.371118
7.984823	0.406182
7.788968	0.363536
7.583952	0.346794
7.389992	0.334790
7.191610	0.344898
6.986278	0.396705
6.783789	0.364168
6.589829	0.326260
6.388288	0.320890
6.187063	0.339212
5.987102	0.369854
5.783350	0.359745
5.589705	0.324365
5.385953	0.314888
5.187255	0.314256
4.991084	0.341739
4.788280	0.350269
4.585475	0.317415
4.380143	0.308254
4.183024	0.308254
3.990012	0.316784
3.785312	0.323733
3.588510	0.302568
3.387916	0.276033
3.184164	0.268768
2.983255	0.269399
2.795297	0.281403
2.587754	0.276033
2.387476	0.250446
2.184040	0.235914
1.988501	0.228333
1.784117	0.233703
1.583207	0.236230
1.388300	0.198639
1.187707	0.177790
0.987113	0.135460
0.787152	0.064699
0.583715	-0.047437
0.385017	-0.196521
0.187898	-0.366451
-0.011430	-0.571124
-0.213577	-0.786853
-0.411302	-1.003845
-0.608711	-1.175670
-0.817175	-1.295063
-1.007635	-1.403717
-1.210414	-1.506370
-1.413508	-1.593861
-1.614076	-1.680721
-1.814012	-1.722098
-2.015211	-1.777689
-2.218622	-1.843386
-2.411609	-1.917612
-2.613124	-2.012685
-2.814639	-2.050903
-3.016154	-2.089753
-3.217670	-2.165558
-3.408762	-2.255893
-3.611224	-2.326960
-3.815582	-2.383182
-4.014886	-2.405292
-4.214822	-2.474464
-4.411284	-2.546163
-4.617853	-2.630180
-4.813367	-2.676295
-5.012039	-2.704090
-5.217661	-2.757785
-5.415386	-2.836749
-5.615953	-2.910975
-5.819364	-2.990254
-6.007613	-3.006363
-6.206601	-3.027209
-6.416645	-3.124808
-6.614054	-3.215143
-6.817148	-3.279261
-7.020875	-3.299476
-7.219547	-3.296949
-7.411271	-3.391706
-7.617839	-3.494042
-7.814617	-3.557529
-8.018974	-3.590062
-8.217332	-3.581218
-8.416951	-3.638704
-8.614992	-3.765046
-8.812717	-3.857275
-9.014864	-3.892019
-9.220486	-3.867383
-9.414104	-3.890124
-9.452007	-3.968140
-9.416315	-4.024678
-9.457692	-4.006042
-9.483909	-3.966245
-9.502228	-3.908443
-9.404944	-3.930553
-9.217011	-3.951716
-9.012338	-3.931817
-8.810506	-3.807370
-8.614676	-3.668394
-8.419478	-3.621332
-8.216068	-3.655444
-8.013605	-3.672500
-7.814617	-3.564162
-7.611838	-3.415395
-7.413482	-3.324744
-7.221126	-3.338642
-7.014241	-3.344643
-6.818727	-3.282420
-6.616896	-3.172187
-6.415065	-3.056900
-6.212918	-3.025314
-6.013614	-3.041423
-5.819364	-2.997835
-5.615637	-2.910343
-5.416965	-2.783685
-5.217977	-2.723041
-5.012671	-2.723357
-4.811156	-2.705985
-4.617537	-2.637761
-4.415074	-2.518999
-4.214822	-2.420137
-4.015203	-2.400870
-3.814950	-2.391078
-3.611540	-2.338962
-3.418553	-2.255577
-3.220512	-2.122918
-3.016786	-2.071118
-2.813692	-2.059431
-2.604596	-2.030372
-2.413820	-1.943196
-2.216727	-1.816223
-2.010789	-1.731258
-1.821908	-1.703463
-1.614392	-1.672825
-1.411613	-1.589755
-1.212941	-1.462466
-1.012373	-1.301380
-0.812121	-1.186725
-0.611238	-1.076807
-0.418882	-0.889822
-0.214840	-0.669039
-0.011746	-0.450784
0.190741	-0.281486
0.383753	-0.126401
0.585294	0.003100
0.786836	0.100711
0.988061	0.147780
1.184864	0.169261
1.390827	0.195796
1.581628	0.233703
1.781590	0.251393
1.982499	0.258027
2.186567	0.232755
2.389372	0.239705
2.586806	0.268768
2.786452	0.299409
2.991468	0.290248
3.180057	0.272242
3.384757	0.257711
3.585983	0.286458
3.785628	0.315836
3.990012	0.319627
4.181761	0.311413
4.384250	0.286774
4.586107	0.293091
4.785752	0.333842
4.988557	0.363220
5.186624	0.355639
5.385005	0.314256
5.583072	0.309202
5.782718	0.337001
5.985206	0.375856
6.193065	0.369538
6.388288	0.350584
6.591093	0.308254
6.787264	0.521800
6.986910	0.376172
7.183712	0.398600
7.388412	0.379331
7.586163	0.320258
7.783913	0.343003
7.982296	0.372381
8.187311	0.391651
8.384430	0.403023
8.589446	0.363220
8.788775	0.334790
8.985579	0.369222
9.182065	0.402391
9.388029	0.407446
9.586411	0.392914
9.786057	0.339212
9.988545	0.339528
9.787637	0.396073
9.584831	0.406182
9.382975	0.400812
9.182065	0.348373
8.985894	0.331631
8.789092	0.365431
8.588814	0.402391
8.381587	0.406814
8.188575	0.361325
7.984191	0.324049
7.783913	0.343951
7.585531	0.400496
7.388729	0.386912
7.184976	0.376488
6.985014	0.325945
6.782210	0.329104
6.588250	0.354059
6.389236	0.382174
6.188959	0.365116
5.985838	0.323417
5.786508	0.299093
5.584967	0.332262
5.381846	0.361957
5.192626	0.376172
4.981607	0.331315
4.786384	0.292460
4.585475	0.300041
4.382670	0.327840
4.181129	0.347741
3.988117	0.328156
3.790998	0.278560
3.585667	0.264977
3.384757	0.291196
3.185428	0.308254
2.980096	0.307623
2.789295	0.253920
2.591229	0.234335
2.386213	0.241285
2.181513	0.264029
1.981551	0.264345
1.783169	0.234651
1.585419	0.193585
1.386721	0.188846
1.187075	0.188214
0.986165	0.152518
0.783993	0.077019
0.585294	-0.036382
0.380594	-0.169673
0.186003	-0.359186
-0.006692	-0.572388
-0.208523	-0.780220
-0.420146	-0.934041
-0.616291	-1.078387
-0.811174	-1.256529
-1.013321	-1.442567
-1.211677	-1.547431
-1.410666	-1.588492
-1.617235	-1.611865
-1.814012	-1.673457
-2.015527	-1.792850
-2.220833	-1.915085
-2.413188	-1.951409
-2.612808	-1.949829
-2.816534	-1.975098
-3.018365	-2.106177
-3.214827	-2.212620
-3.418553	-2.304850
-3.611540	-2.306113
-3.807686	-2.293479
-4.017413	-2.380655
-4.216718	-2.514577
-4.411284	-2.630812
-4.615326	-2.628285
-4.811472	-2.590698
-5.017409	-2.634286
-5.214502	-2.783370
-5.414438	-2.929926
-5.615637	-2.953299
-5.819364	-2.915081
-6.012667	-2.900236
-6.212286	-3.037632
-6.419487	-3.196192
-6.617844	-3.283367
-6.814621	-3.228724
-7.016137	-3.194928
-7.220494	-3.272944
-7.412218	-3.446980
-7.607416	-3.576164
-7.813354	-3.555318
-8.018974	-3.494674
-8.210067	-3.535419
-8.423901	-3.703454
-8.614361	-3.857275
-8.811138	-3.861065
-9.015496	-3.785892
-9.216063	-3.780522
-9.413789	-3.894230
-9.402418	-4.021835
-9.380624	-4.075531
-9.493383	-3.974773
-9.555923	-3.883807
-9.512335	-3.888860
-9.379676	-3.986775
-9.217958	-4.034470
-9.017076	-3.880648
-8.811138	-3.715772
-8.615308	-3.633650
-8.417583	-3.662393
-8.215753	-3.720510
-8.017079	-3.646916
-7.816828	-3.464668
-7.615313	-3.361699
-7.410323	-3.369280
-7.221758	-3.426134
-7.017400	-3.381598
-6.819359	-3.223355
-6.614686	-3.105541
-6.413170	-3.069850
-6.212918	-3.109016
-6.012351	-3.113438
-5.819364	-2.981726
-5.615953	-2.853173
-5.416965	-2.779895
-5.214818	-2.791898
-5.011724	-2.796951
-4.812419	-2.700932
-4.616590	-2.573958
-4.414127	-2.494047
-4.217665	-2.450459
-4.016150	-2.454881
-3.813371	-2.418874
-3.612804	-2.294427
-3.415710	-2.199670
-3.217354	-2.131762
-3.014259	-2.136184
-2.815903	-2.087858
-2.612808	-1.993733
-2.404660	-1.898661
-2.217042	-1.822540
-2.012053	-1.784006
-1.813696	-1.765054
-1.615655	-1.683564
-1.415088	-1.555327
-1.212309	-1.466256
-1.011425	-1.384450
-0.821281	-1.308329
-0.617239	-1.152613
-0.418882	-0.932462
-0.213577	-0.730631
-0.007008	-0.541434
0.193269	-0.352553
0.380594	-0.176938
0.584031	-0.026275
0.785888	0.080178
0.982691	0.136723
1.185179	0.184108
1.387036	0.216645
1.588893	0.224226
1.779062	0.234967
1.984394	0.235599
2.187831	0.249814
2.382106	0.275401
2.585543	0.288353
2.790243	0.274454
2.985782	0.267820
3.183216	0.281403
3.386969	0.295303
3.588826	0.303832
3.790367	0.300041
3.990012	0.297514
4.184288	0.303832
4.380143	0.322786
4.584211	0.331631
4.786700	0.336685
4.987926	0.319311
5.182517	0.323733
5.383110	0.339528
5.585283	0.351532
5.787456	0.358482
5.988050	0.334790
6.186431	0.341739
6.386709	0.340476
6.594568	0.353427
6.785685	0.373013
6.985014	0.352796
7.187819	0.346794
7.391572	0.363852
7.590586	0.373645
7.788652	0.386281
7.986402	0.359429
8.183520	0.365116
8.384430	0.371118
8.592605	0.374592
8.787512	0.385333
8.988106	0.390387
9.182697	0.362588
9.382343	0.374277
9.583252	0.384701
9.789216	0.399864
9.985387	0.405866
9.787004	0.367959
9.585464	0.359429
9.380763	0.374277
9.185856	0.384701
8.988737	0.383437
8.777404	0.375540
8.584707	0.358482
8.390748	0.365116
8.181310	0.397653
7.983559	0.388176
7.788336	0.379015
7.588058	0.343003
7.385885	0.352480
7.188135	0.372697
6.984699	0.372065
6.784737	0.367959
6.592673	0.330051
6.392711	0.316152
6.188643	0.341423
5.987418	0.353427
5.784613	0.354375
5.584651	0.331947
5.382163	0.307623
5.189782	0.317100
4.987609	0.337001
4.790491	0.328788
4.585475	0.335737
4.384565	0.299725
4.184288	0.292460
3.986854	0.313309
3.788156	0.328472
3.582824	0.307939
3.386653	0.282667
3.183532	0.261818
2.981991	0.279192
2.789295	0.273822
2.587754	0.274770
2.382422	0.252025
2.184356	0.228965
1.984710	0.229597
1.783485	0.232124
1.582260	0.236546
1.388300	0.216013
1.187075	0.178737
0.984270	0.143673
0.784308	0.093762
0.584663	-0.025012
0.379015	-0.159882
0.186003	-0.311808
-0.012693	-0.491529
-0.216104	-0.703151
-0.416356	-0.926776
-0.614080	-1.121659
-0.820649	-1.268215
-1.013321	-1.343704
-1.213572	-1.463729
-1.413824	-1.588176
-1.615655	-1.693356
-1.815591	-1.745471
-2.015211	-1.764107
-2.213568	-1.812433
-2.413188	-1.912243
-2.612176	-2.029741
-2.819061	-2.101124
-3.015839	-2.114390
-3.212616	-2.108704
-3.420132	-2.216727
-3.607118	-2.332645
-3.813687	-2.432455
-4.020888	-2.465304
-4.214507	-2.436561
-4.417285	-2.465620
-4.616905	-2.590698
-4.812735	-2.718619
-5.011408	-2.762839
-5.207869	-2.756522
-5.415701	-2.723357
-5.616269	-2.846856
-5.821259	-2.987727
-6.014246	-3.087222
-6.209128	-3.111542
-6.414433	-3.035737
-6.615317	-3.101119
-6.815885	-3.251782
-7.019927	-3.372754
-7.219231	-3.423923
-7.408744	-3.376544
-7.611522	-3.362963
-7.820302	-3.481724
-8.017079	-3.665867
-8.216068	-3.729038
-8.416951	-3.700295
-8.610887	-3.623227
-8.813981	-3.701243
-9.014233	-3.891703
-9.215116	-4.033838
-9.362936	-4.028152
-9.524338	-3.887281
-9.572032	-3.856643
-9.492436	-3.957085
-9.388520	-4.057527
-9.368305	-4.068266
-9.405892	-3.948873
-9.219538	-3.767888
-9.008231	-3.802316
-8.813033	-3.879385
-8.608991	-3.838008
-8.421373	-3.722089
-8.216068	-3.531945
-8.018027	-3.474775
-7.815880	-3.539210
-7.610891	-3.556266
-7.414113	-3.486146
-7.220494	-3.308004
-7.018032	-3.172187
-6.811147	-3.217670
-6.614686	-3.276418
-6.409064	-3.223987
-6.218604	-3.071745
-6.012982	-2.912870
-5.818416	-2.893287
-5.612795	-2.948877
-5.413490	-2.937823
-5.216082	-2.832959
-5.011724	-2.659870
-4.816525	-2.578064
-4.615958	-2.603964
-4.415390	-2.628917
-4.217665	-2.552164
-4.008885	-2.416978
-3.812424	-2.284319
-3.615330	-2.274528
-3.417921	-2.287162
-3.216090	-2.250207
-3.014575	-2.137447
-2.813692	-1.997208
-2.610597	-1.943196
-2.413188	-1.934984
-2.217674	-1.903399
-2.014580	-1.825067
-1.814644	-1.696514
-1.613760	-1.592598
-1.410982	-1.577121
-1.214836	-1.526268
-1.011425	-1.434671
-0.809279	-1.289378
-0.619766	-1.059120
-0.415724	-0.898981
-0.212313	-0.758742
-0.011746	-0.570808
0.185687	-0.353500
0.384385	-0.182307
0.585294	-0.050596
0.785888	0.052063
0.988377	0.144305
1.186127	0.197691
1.387984	0.204325
1.586366	0.197375
1.783485	0.222647
1.983762	0.260870
2.185303	0.276033
2.389372	0.267820
2.594072	0.244444
2.796245	0.245707
2.982307	0.296566
3.184164	0.336053
3.381914	0.311098
3.588510	0.283931
3.788156	0.273822
3.989065	0.297830
4.186815	0.327840
4.386461	0.351532
4.586107	0.310466
4.781014	0.296882
4.992980	0.313625
5.190414	0.346478
5.385322	0.370802
5.584651	0.349005
5.789351	0.317100
5.983311	0.324049
6.186748	0.348057
6.386393	0.380910
6.589829	0.377751
6.785369	0.336685
6.985646	0.314256
7.186556	0.340476
7.382095	0.378383
7.593429	0.392914
7.789599	0.357218
7.980716	0.330683
8.184468	0.341739
8.385062	0.382806
8.587234	0.410920
8.789092	0.388176
8.987790	0.351532
9.182065	0.338580
9.379816	0.381858
9.587675	0.407446
9.787637	0.409025
9.985703	0.356902
9.790164	0.337001
9.584831	0.368906
9.380132	0.405234
9.182697	0.405550
8.989054	0.371433
8.787512	0.331315
8.587551	0.346162
8.386009	0.384701
8.186680	0.397969
7.983559	0.375856
7.787388	0.340792
7.587742	0.325629
7.391256	0.361957
7.186240	0.398916
6.985646	0.384069
6.786316	0.330683
6.587934	0.323102
6.388605	0.339212
6.189590	0.367959
5.984890	0.374592
5.781138	0.348057
5.585599	0.309834
5.388165	0.302884
5.190098	0.349321
4.986662	0.357850
4.788280	0.339528
4.585791	0.310150
4.383302	0.295303
4.186183	0.315836
3.989065	0.337949
3.785944	0.321522
3.586298	0.288353
3.386969	0.260238
3.185112	0.270347
2.982623	0.297514
2.787400	0.285826
2.588386	0.257395
2.390003	0.235283
2.185935	0.231492
1.985026	0.240653
1.783485	0.251393
1.582891	0.229597
1.387036	0.189478
1.186759	0.166102
0.986797	0.139251
0.786204	0.058065
0.578029	-0.051228
0.382490	-0.194310
0.194532	-0.363608
-0.012062	-0.553752
-0.217683	-0.787485
-0.414460	-0.993422
-0.615344	-1.139031
-0.819386	-1.266636
-1.008899	-1.389188
-1.218626	-1.508265
-1.416035	-1.611865
-1.613444	-1.661454
-1.814644	-1.695567
-2.018054	-1.755895
-2.217674	-1.852862
-2.410661	-1.951409
-2.617862	-2.009526
-2.815903	-2.022160
-3.014575	-2.068907
-3.215143	-2.163031
-3.418553	-2.271054
-3.612804	-2.344964
-3.815898	-2.360125
-4.013307	-2.394237
-4.211664	-2.456144
-4.411916	-2.566062
-4.621011	-2.661134
-4.808945	-2.673452
-5.010776	-2.699036
-5.215450	-2.745783
-5.407805	-2.835170
-5.616269	-2.942245
-5.817153	-2.979199
-6.013614	-2.989307
-6.205338	-3.040475
-6.420119	-3.104909
-6.615949	-3.234410
-6.815885	-3.288421
-7.022769	-3.282420
-7.219547	-3.322217
-7.409376	-3.402760
-7.617839	-3.487409
-7.816512	-3.588799
-8.013605	-3.581218
-8.216068	-3.594484
-8.419794	-3.660182
-8.613729	-3.778943
-8.817455	-3.844325
-9.017076	-3.853485
-9.211326	-3.867383
-9.408419	-3.921078
-9.454218	-3.963086
-9.452007	-3.993408
-9.452639	-4.012676
-9.494016	-3.952979
-9.478223	-3.934659
-9.403681	-3.946662
-9.216695	-3.921394
-9.015496	-3.894546
-8.813981	-3.773258
-8.608044	-3.708823
-8.418847	-3.675975
-8.216068	-3.674711
-8.016448	-3.621648
-7.814617	-3.521206
-7.613418	-3.426134
-7.418220	-3.402445
-7.220494	-3.373070
-7.014557	-3.332325
-6.818727	-3.270417
-6.616896	-3.142496
-6.413802	-3.104594
-6.211655	-3.088485
-6.018036	-3.051846
-5.819679	-2.989623
-5.611216	-2.874336
-5.414438	-2.809270
-5.213554	-2.792213
-5.011408	-2.768840
-4.813051	-2.699668
-4.616273	-2.590383
-4.415706	-2.485835
-4.218613	-2.463409
-4.014571	-2.446669
-3.814003	-2.380023
-3.612172	-2.307693
-3.419185	-2.202513
-3.214827	-2.152924
-3.016470	-2.119759
-2.816218	-2.093543
-2.612492	-2.008578
-2.403397	-1.898977
-2.220201	-1.815591
-2.015527	-1.785901
-1.810538	-1.741681
-1.614708	-1.656085
-1.412561	-1.559117
-1.213572	-1.457728
-1.011425	-1.363603
-0.815912	-1.277059
-0.619134	-1.130818
-0.416040	-0.915406
-0.211682	-0.689570
-0.012693	-0.507638
0.186635	-0.327285
0.384701	-0.161777
0.581188	-0.012378
0.786836	0.093762
0.989640	0.142725
1.185811	0.179369
1.387984	0.219804
1.584471	0.232124
1.781590	0.234967
1.984394	0.223279
2.190358	0.233703
2.387161	0.252025
2.588386	0.282983
2.790559	0.278560
2.983255	0.260238
3.183848	0.260870
3.385705	0.279192
3.581560	0.310150
3.787524	0.313941
3.990644	0.294355
4.183972	0.277929
4.388041	0.296250
4.582948	0.330999
4.786700	0.341739
4.987609	0.343951
5.186307	0.305727
5.384058	0.306359
5.584335	0.334474
5.783350	0.368275
5.987418	0.371118
6.188327	0.336053
6.387657	0.304464
6.592988	0.334474
6.785685	0.367011
6.984383	0.373329
7.186240	0.360061
7.384938	0.321522
7.586163	0.328788
7.791811	0.375540
7.987034	0.389124
8.182889	0.382806
8.386642	0.340476
8.586919	0.336685
8.788144	0.363852
8.988421	0.415975
9.182697	0.405234
9.382343	0.375224
9.587358	0.342371
9.787320	0.362273
9.982860	0.403023
9.784793	0.418818
9.590834	0.390703
9.384870	0.353427
9.183645	0.338896
8.989054	0.371118
8.789723	0.415975
8.583760	0.405866
8.390748	0.358798
8.185101	0.343951
7.983559	0.353112
7.788336	0.391335
7.593112	0.403655
7.387465	0.371118
7.186240	0.327524
6.988173	0.321206
6.788528	0.353743
6.590461	0.379647
6.387657	0.365431
6.189275	0.319627
5.987418	0.298778
5.788404	0.324997
5.581808	0.368275
5.388480	0.361641
5.191046	0.335737
4.985714	0.294671
4.786068	0.305095
4.586422	0.338264
4.381091	0.350269
4.183341	0.331631
3.990328	0.288669
3.784681	0.267820
3.589142	0.300357
3.388232	0.332262
3.179741	0.306359
2.982307	0.274138
2.790559	0.248866
2.589333	0.243812
2.384633	0.272874
2.182460	0.272874
1.981867	0.246023
1.780010	0.212854
1.588262	0.193900
1.385457	0.211591
1.186759	0.208432
0.986165	0.161363
0.783677	0.081442
0.583399	-0.031645
0.392283	-0.180096
0.190110	-0.356975
-0.013325	-0.563860
-0.212629	-0.738211
-0.415408	-0.897402
-0.612501	-1.103023
-0.817491	-1.310856
-1.015216	-1.456149
-1.212309	-1.510476
-1.414456	-1.546799
-1.615339	-1.601442
-1.816223	-1.718624
-2.014895	-1.842123
-2.216095	-1.904662
-2.413504	-1.895818
-2.613756	-1.912243
-2.812112	-2.034163
-3.017734	-2.159873
-3.213563	-2.248944
-3.422343	-2.263473
-3.610909	-2.235046
-3.813687	-2.320959
-4.013307	-2.445405
-4.215454	-2.563535
-4.421391	-2.581223
-4.616590	-2.549321
-4.813683	-2.567325
-5.013935	-2.729358
-5.213554	-2.863597
-5.417281	-2.919187
-5.617533	-2.862333
-5.817784	-2.835170
-6.018668	-2.962775
-6.214498	-3.117544
-6.413170	-3.212616
-6.612159	-3.210721
-6.817464	-3.139969
-7.017400	-3.208826
-7.223022	-3.416974
-7.413166	-3.548369
-7.612786	-3.544895
-7.816828	-3.458982
-8.017079	-3.466879
-8.216068	-3.629544
-8.419163	-3.795052
-8.612782	-3.851274
-8.813349	-3.757149
-9.016128	-3.708823
-9.217327	-3.820004
-9.366726	-4.010780
-9.356935	-4.081216
-9.442215	-4.010465
-9.563503	-3.900547
-9.556239	-3.880017
-9.435899	-3.975405
-9.337983	-4.055948
-9.214800	-3.988355
-9.010758	-3.788735
-8.814297	-3.653233
-8.605832	-3.712929
-8.416320	-3.771047
-8.215436	-3.732512
-8.018343	-3.548685
-7.814933	-3.406235
-7.612786	-3.398338
-7.414113	-3.462457
-7.221442	-3.463720
-7.018979	-3.315269
-6.814621	-3.152920
-6.617528	-3.088801
-6.411275	-3.153551
-6.206917	-3.172818
-6.013299	-3.080904
-5.820943	-2.923925
-5.617217	-2.809270
-5.418228	-2.808638
-5.217029	-2.840855
-5.012039	-2.792529
-4.810208	-2.647552
-4.618801	-2.537003
-4.417285	-2.481097
-4.213559	-2.504786
-4.018361	-2.482992
-3.814950	-2.362651
-3.612804	-2.243258
-3.417921	-2.167137
-3.217354	-2.176929
-3.016786	-2.164295
-2.815587	-2.078698
-2.612808	-1.959621
-2.410977	-1.870550
-2.217674	-1.839596
-2.014264	-1.832963
-1.811169	-1.755263
-1.605864	-1.643135
-1.412877	-1.533849
-1.215152	-1.459307
-1.011110	-1.414140
-0.812753	-1.318120
-0.621661	-1.121659
-0.415724	-0.896770
-0.212313	-0.701256
-0.009851	-0.531958
0.184108	-0.335497
0.383122	-0.147879
0.585610	-0.013325
0.783993	0.084285
0.991852	0.140830
1.185495	0.199902
1.387036	0.218856
1.582576	0.221383
1.785380	0.219172
1.986921	0.219172
2.186567	0.268768
2.387476	0.284878
2.589649	0.268136
2.788663	0.258975
2.990204	0.261818
3.184796	0.282667
3.386337	0.305727
3.584719	0.315836
3.788787	0.292776
3.991276	0.277929
4.182077	0.298778
4.391831	0.307939
4.584843	0.344898
4.787648	0.326576
4.984450	0.322154
5.188835	0.322154
5.382794	0.341108
5.585915	0.367643
5.787456	0.362273
5.985838	0.345530
6.183273	0.326576
6.386077	0.345846
6.593936	0.368906
6.780630	0.366063
6.985331	0.341423
7.191294	0.336685
7.387781	0.344267
7.586795	0.365747
7.793390	0.390071
7.981032	0.365747
8.181941	0.353743
8.386642	0.357850
8.587551	0.383437
8.788775	0.398600
8.991897	0.372065
9.182697	0.365747
9.385502	0.361641
9.581041	0.391019
9.785425	0.396705
9.987914	0.397969
9.779739	0.367011
9.582936	0.360693
9.384554	0.373013
9.183645	0.378383
8.988421	0.387544
8.785933	0.363220
8.587551	0.361009
8.385694	0.357534
8.186364	0.374592
7.985455	0.393230
7.787072	0.368275
7.586479	0.359429
7.387465	0.361957
7.189399	0.365431
6.987226	0.368906
6.784737	0.360061
6.585723	0.330999
6.392395	0.333842
6.187063	0.355007
5.987418	0.337317
5.792511	0.341108
5.586546	0.325945
5.388796	0.319943
5.191678	0.325945
4.988241	0.337633
4.784489	0.329104
4.582948	0.313941
4.389936	0.301621
4.183341	0.310782
3.988117	0.318995
3.786892	0.316468
3.586614	0.292144
3.384442	0.274138
3.185428	0.278244
2.986098	0.277613
2.789927	0.273506
2.588386	0.267820
2.387161	0.243496
2.186567	0.229281
1.980288	0.246339
1.781590	0.248550
1.579101	0.227701
1.388932	0.202745
1.188022	0.182844
0.980795	0.155677
0.785572	0.095025
0.586874	-0.002586
0.381858	-0.139983
0.190110	-0.298226
-0.012693	-0.500373
-0.213261	-0.732842
-0.415092	-0.933094
-0.617239	-1.094179
-0.822860	-1.219890
-1.014268	-1.361708
-1.211677	-1.511107
-1.411929	-1.606495
-1.614708	-1.667140
-1.811169	-1.701568
-2.011737	-1.741365
-2.222096	-1.844334
-2.410977	-1.946671
-2.612492	-2.011105
-2.819377	-2.041111
-3.014891	-2.058799
-3.217670	-2.146923
-3.415710	-2.268842
-3.613120	-2.352228
-3.814003	-2.396132
-4.015518	-2.384761
-4.217033	-2.444142
-4.411284	-2.569852
-4.616590	-2.681664
-4.814946	-2.714829
-5.012987	-2.700616
-5.212923	-2.703774
-5.416965	-2.815903
-5.617533	-2.953299
-5.817469	-3.021208
-6.011403	-3.032895
-6.218604	-2.981095
-6.413486	-3.060374
-6.615317	-3.208194
-6.818096	-3.327271
-7.018348	-3.349065
-7.217652	-3.287789
-7.416008	-3.293791
-7.614681	-3.431503
-7.813037	-3.581218
-8.015500	-3.634282
-8.220806	-3.630491
-8.417583	-3.556897
-8.612149	-3.663972
-8.815244	-3.829164
-9.017076	-3.953611
-9.214169	-3.961823
-9.417263	-3.852853
-9.534760	-3.861065
-9.474433	-3.962770
-9.412841	-4.043945
-9.385993	-4.067950
-9.457061	-3.975405
-9.415999	-3.831691
-9.218591	-3.857591
-9.013285	-3.939081
-8.813033	-3.909075
-8.617204	-3.771363
-8.417899	-3.564162
-8.213857	-3.531313
-8.018659	-3.590694
-7.814301	-3.598274
-7.610891	-3.526575
-7.413166	-3.351276
-7.217336	-3.236621
-7.017084	-3.263784
-6.814937	-3.304530
-6.612159	-3.266627
-6.420119	-3.133337
-6.215445	-2.964986
-6.011719	-2.954247
-5.817469	-3.003836
-5.611531	-2.993097
-5.413806	-2.902447
-5.213871	-2.736623
-5.012671	-2.630180
-4.810524	-2.659239
-4.616905	-2.672189
-4.416337	-2.612808
-4.215770	-2.464356
-4.017097	-2.326960
-3.814003	-2.319695
-3.613751	-2.339278
-3.417606	-2.300112
-3.216722	-2.199986
-3.015207	-2.057536
-2.814008	-2.004472
-2.613756	-1.993733
-2.408450	-1.973203
-2.216095	-1.898029
-2.015527	-1.768213
-1.815275	-1.658612
-1.611549	-1.633027
-1.416983	-1.602705
-1.211677	-1.537639
-1.010794	-1.398979
-0.820965	-1.227470
-0.614080	-1.097022
-0.414776	-0.954572
-0.212629	-0.778009
-0.014904	-0.557227
0.187267	-0.335497
0.382806	-0.174095
0.584663	-0.037646
0.785888	0.065331
0.985218	0.154098
1.190234	0.183160
1.389564	0.182528
1.582576	0.206536
1.783169	0.247918
1.984710	0.275401
2.181513	0.264661
2.386213	0.240969
2.589017	0.248866
2.792138	0.268768
2.985782	0.309834
3.186375	0.314256
3.381914	0.280456
3.590405	0.255816
3.790683	0.290248
3.988433	0.327524
4.184288	0.331315
4.386777	0.322786
4.585791	0.283299
4.784805	0.302568
4.989820	0.342687
5.189782	0.373329
5.382478	0.360693
5.585599	0.318995
5.783981	0.307939
5.986786	0.345530
6.190538	0.374908
6.389868	0.380279
6.592673	0.343003
6.789791	0.325313
6.985646	0.343003
7.183397	0.396705
7.386833	0.401128
7.590270	0.364484
7.787704	0.329419
7.987350	0.343003
8.185101	0.379647
8.384746	0.422608
8.585340	0.400496
8.790039	0.347425
8.990317	0.337317
9.180170	0.383437
9.386765	0.414079
9.581988	0.416606
9.784793	0.380910
9.986335	0.348373
9.781319	0.360377
9.584516	0.403023
9.383607	0.408709
9.179854	0.383437
8.989054	0.334474
8.788775	0.345214
8.586287	0.375224
8.386326	0.419450
8.185732	0.408393
7.983875	0.346162
7.789284	0.325629
7.589006	0.355323
7.384938	0.393862
7.186240	0.400496
6.989121	0.342371
6.788212	0.316468
6.589829	0.326576
6.390816	0.361641
6.191802	0.395126
5.984574	0.352164
5.782402	0.316784
5.586863	0.315836
5.383426	0.338580
5.189150	0.371749
4.986346	0.351532
4.783857	0.318363
4.584843	0.294039
4.384565	0.318047
4.185867	0.327524
3.987170	0.343003
3.786576	0.304464
3.588510	0.278876
3.384442	0.272242
3.182585	0.298146
2.985782	0.302568
2.785820	0.276981
2.586490	0.242548
2.388424	0.229281
2.189094	0.244444
1.984394	0.262450
1.786328	0.238758
1.580996	0.224226
1.387352	0.197059
1.187075	0.182528
0.987113	0.157257
0.784624	0.091234
0.584663	-0.018063
0.377751	-0.167146
0.188846	-0.339287
-0.009851	-0.551541
-0.210418	-0.778957
-0.416040	-0.945728
-0.615976	-1.094179
-0.818123	-1.253370
-1.009530	-1.418246
-1.212625	-1.533217
-1.412877	-1.595756
-1.615339	-1.624183
-1.808958	-1.679774
-2.021844	-1.763475
-2.217358	-1.881289
-2.408450	-1.964043
-2.615335	-1.981099
-2.816218	-2.013000
-3.014891	-2.082488
-3.218301	-2.223991
-3.418553	-2.302639
-3.605223	-2.312746
-3.812108	-2.328539
-4.019309	-2.390762
-4.213875	-2.504786
-4.415706	-2.611545
-4.617221	-2.634918
-4.814314	-2.620704
-5.012671	-2.679769
-5.212923	-2.753995
-5.420124	-2.894235
-5.617533	-2.940349
-5.817153	-2.923609
-6.017720	-2.951404
-6.214498	-3.049003
-6.411275	-3.161132
-6.612159	-3.259047
-6.822202	-3.240727
-7.013926	-3.242622
-7.217968	-3.304530
-7.405269	-3.414447
-7.615629	-3.528155
-7.815565	-3.549949
-8.016448	-3.536051
-8.223017	-3.581850
-8.411898	-3.674711
-8.614992	-3.809897
-8.815560	-3.842114
-9.014233	-3.829480
-9.213536	-3.874331
-9.404313	-3.934344
-9.431161	-3.990250
-9.423265	-4.035417
-9.484856	-3.982669
-9.502228	-3.942556
-9.472221	-3.946978
-9.387888	-3.975405
-9.217327	-3.967824
-9.010126	-3.874963
-8.813349	-3.759044
-8.614676	-3.708192
-8.416951	-3.670289
-8.212594	-3.622595
-8.017712	-3.611856
-7.815248	-3.495306
-7.611522	-3.433082
-7.414745	-3.387915
-7.219863	-3.385072
-7.014873	-3.344959
-6.812410	-3.221144
-6.618160	-3.155446
-6.415065	-3.124492
-6.208812	-3.109963
-6.017720	-3.037317
-5.816205	-2.964986
-5.613742	-2.874020
-5.414438	-2.835486
-5.217345	-2.813060
-5.013618	-2.751153
-4.811156	-2.669030
-4.612167	-2.572379
-4.415074	-2.526264
-4.218613	-2.480149
-4.013939	-2.417926
-3.812108	-2.364862
-3.618805	-2.256524
-3.421396	-2.198407
-3.216090	-2.165874
-3.015523	-2.127656
-2.818114	-2.037637
-2.614072	-1.965306
-2.409714	-1.885079
-2.220833	-1.839596
-2.013632	-1.802325
-1.816539	-1.733785
-1.604916	-1.647557
-1.410666	-1.543956
-1.211993	-1.468783
-1.011110	-1.403085
-0.815912	-1.289062
-0.619450	-1.126397
-0.413829	-0.900245
-0.210734	-0.723050
-0.016168	-0.538275
0.186951	-0.350026
0.385017	-0.170937
0.581820	-0.017115
0.784940	0.083337
0.985534	0.155045
1.182968	0.207168
1.387036	0.220436
1.580680	0.228649
1.786960	0.216013
1.982183	0.232440
2.186567	0.257079
2.387792	0.271295
2.583963	0.277929
2.789927	0.258975
2.985466	0.261186
3.180373	0.284562
3.388548	0.307623
3.589142	0.315204
3.787208	0.290564
3.988433	0.279824
4.185236	0.288985
4.379195	0.331631
4.589581	0.352796
4.788280	0.329104
4.985082	0.298778
5.188835	0.306991
5.384690	0.337001
5.589074	0.356271
5.784613	0.365116
5.988681	0.337001
6.185800	0.318363
6.388920	0.343635
6.592041	0.380279
6.785685	0.373013
6.985331	0.359429
7.192873	0.308886
7.383358	0.331631
7.588374	0.363852
7.790863	0.389755
7.982927	0.372381
8.183837	0.338896
8.386642	0.336053
8.586287	0.367011
8.786249	0.408077
8.989369	0.417554
9.183329	0.382174
9.381395	0.343635
9.584831	0.367327
9.789216	0.391019
9.983175	0.406814
9.785425	0.396705
9.584200	0.338580
9.381395	0.339844
9.183013	0.369538
8.988737	0.406498
8.794147	0.389124
8.585024	0.356271
8.385694	0.341108
8.178150	0.355955
7.983875	0.393546
7.788020	0.407761
7.583636	0.376804
7.383674	0.327524
7.186240	0.333210
6.989753	0.365747
6.782526	0.379647
6.588250	0.369538
6.387657	0.327208
6.195909	0.297198
5.986786	0.337317
5.785245	0.355007
5.586863	0.364168
5.387533	0.329735
5.185992	0.292460
4.986662	0.307623
4.787332	0.333526
4.584843	0.348689
4.383934	0.330051
4.181445	0.294987
3.990012	0.277929
3.784997	0.300673
3.585351	0.318995
3.384442	0.317731
3.181637	0.278876
2.981359	0.247287
2.787400	0.257079
2.587122	0.286774
2.382106	0.273822
2.186567	0.257395
1.985658	0.219804
1.778746	0.210327
1.582891	0.222963
1.393354	0.215381
1.180757	0.203061
0.986481	0.132301
0.785572	0.061540
0.585294	-0.043331
0.383753	-0.186413
0.189162	-0.363292
-0.014589	-0.534485
-0.220210	-0.693360
-0.415092	-0.906878
-0.615028	-1.139663
-0.816859	-1.325701
-1.010162	-1.418246
-1.211677	-1.451411
-1.413824	-1.536376
-1.612813	-1.649452
-1.816855	-1.768529
-2.016791	-1.832647
-2.215147	-1.838649
-2.411293	-1.839912
-2.613440	-1.967833
-2.814323	-2.091648
-3.012996	-2.177561
-3.214195	-2.185141
-3.420764	-2.168717
-3.611224	-2.247365
-3.807054	-2.405292
-4.010465	-2.517420
-4.215454	-2.539214
-4.415074	-2.494994
-4.621327	-2.521526
-4.813367	-2.664924
-5.011408	-2.801057
-5.212923	-2.861701
-5.418544	-2.818114
-5.616269	-2.781474
-5.817784	-2.905289
-6.014246	-3.057215
-6.213866	-3.168080
-6.411591	-3.152604
-6.619423	-3.075851
-6.816833	-3.139338
-7.017084	-3.312110
-7.216704	-3.458035
-7.415692	-3.469090
-7.610891	-3.408130
-7.814617	-3.394548
-8.012658	-3.552160
-8.213541	-3.723037
-8.420110	-3.789998
-8.613097	-3.724616
-8.813349	-3.646284
-9.014548	-3.764414
-9.215116	-3.955190
-9.328824	-4.071109
-9.416631	-4.022151
-9.546763	-3.898968
-9.591615	-3.860434
-9.462746	-3.966877
-9.364515	-4.062896
-9.348722	-4.046156
-9.221749	-3.853485
-9.014233	-3.702506
-8.813664	-3.729986
-8.614361	-3.823163
-8.418215	-3.795368
-8.215120	-3.612804
-8.013921	-3.451086
-7.817144	-3.410657
-7.612786	-3.473512
-7.416640	-3.499412
-7.220179	-3.393916
-7.014557	-3.235673
-6.818096	-3.135547
-6.615949	-3.200929
-6.412854	-3.230620
-6.216077	-3.140917
-6.015825	-2.975093
-5.818732	-2.867387
-5.611847	-2.853489
-5.420439	-2.905921
-5.207237	-2.866123
-5.012987	-2.724621
-4.813051	-2.584697
-4.615958	-2.533213
-4.415074	-2.546479
-4.211348	-2.550269
-4.014255	-2.436561
-3.813371	-2.301376
-3.615015	-2.225570
-3.413184	-2.229361
-3.214827	-2.223675
-3.015839	-2.150397
-2.806111	-2.031320
-2.607754	-1.931194
-2.411925	-1.901504
-2.213884	-1.895818
-2.014580	-1.832647
-1.813064	-1.723678
-1.612181	-1.614708
-1.413824	-1.546799
-1.212941	-1.508581
-1.011110	-1.440356
-0.818123	-1.298853
-0.616291	-1.093548
-0.413513	-0.901824
-0.214524	-0.738211
-0.008271	-0.555332
0.189162	-0.345288
0.381858	-0.171884
0.582767	-0.026591
0.787467	0.070385
0.987429	0.143673
1.183916	0.194848
1.389248	0.206536
1.584787	0.201798
1.780010	0.218540
1.987237	0.234335
2.187515	0.276981
2.387476	0.267504
2.593124	0.258975
2.791506	0.266556
2.978832	0.286774
3.183532	0.310782
3.386653	0.307623
3.583771	0.295303
3.786576	0.284878
3.991276	0.294039
4.182393	0.318995
4.381091	0.341108
4.584843	0.319311
4.787016	0.307623
4.982555	0.318047
5.187887	0.341108
5.385322	0.364168
5.585283	0.350269
5.784297	0.336369
5.988681	0.330367
6.188327	0.344898
6.387973	0.377435
6.590146	0.364800
6.784421	0.343319
6.980276	0.334790
7.186872	0.339844
7.387149	0.366379
7.590901	0.373329
7.799077	0.359114
7.986402	0.348689
8.186996	0.359745
8.384114	0.381858
8.585024	0.411236
8.787512	0.383122
8.985263	0.371118
9.190279	0.365747
9.382659	0.387544
9.583568	0.396705
9.788268	0.403971
9.984123	0.386912
9.784477	0.373961
9.585464	0.389124
9.380763	0.385333
9.180801	0.401128
8.994424	0.370170
8.791619	0.357850
8.584707	0.368275
8.386326	0.384069
8.180362	0.386596
7.987666	0.370170
7.789284	0.361957
7.583952	0.354375
7.386833	0.378699
7.187819	0.377120
6.981855	0.368590
6.782842	0.350584
6.591409	0.337949
6.388288	0.344267
6.191486	0.354375
5.987102	0.353112
5.784613	0.333210
5.583704	0.329735
5.379635	0.334790
5.186939	0.336685
4.985082	0.337001
4.788280	0.321838
4.584527	0.317731
4.383618	0.317100
4.183024	0.330367
3.989065	0.319311
3.787524	0.306359
3.590405	0.280140
3.388548	0.285510
3.183848	0.293407
2.984518	0.289301
2.787715	0.274454
2.588070	0.251077
2.386529	0.243812
2.182776	0.253920
1.988185	0.250130
1.780010	0.234651
1.586366	0.210327
1.387984	0.202745
1.181705	0.180633
0.993115	0.149991
0.783361	0.096605
0.587506	-0.014589
0.383122	-0.140930
0.188214	-0.304543
-0.014589	-0.514902
-0.218946	-0.722103
-0.408775	-0.907825
-0.616291	-1.059435
-0.818123	-1.241999
-1.013952	-1.404033
-1.210414	-1.525005
-1.416035	-1.591334
-1.616287	-1.633027
