# Configuration automatically generated by WRITE_CONFIG()
connection eth
ip 192.168.0.10
samplehz 1000.000000
settleus 10.000000
nsample 128

# Analog Inputs
aichannel 0
ainegative 199
airange 10.000000
airesolution 0

aichannel 1
ainegative 199
airange 10.000000
airesolution 0

# Analog Outputs
aochannel 0
aosignal triangle
aofrequency 5.000000
aoamplitude 2.000000
aooffset 2.500000
aoduty 0.500000

# Meta Parameters
int:periods 10
flt:tip_T_C 436.019125
flt:plate_T_C 295.154566
flt:plate_Q_kW 0.480076
flt:cool_Thigh_C 49.491668
flt:cool_Tlow_C 12.967811
flt:air_psig 20.000000
flt:water_gph 2.600000
flt:standoff_in 0.228000
flt:oxygen_scfh 7.968750
flt:fuel_scfh 4.405906
flt:flow_scfh 12.374656
flt:ratio_fto 0.552898

## End Configuration ##
#: Wed Apr 12 18:09:19 2017
-7.414745	-3.231883
-9.602985	-3.838956
-9.517073	-3.919814
-9.474433	-3.941608
-9.416947	-3.903390
-9.216695	-3.723353
-9.014864	-3.663024
-8.817140	-3.705349
-8.612782	-3.776100
-8.418215	-3.669973
-8.229650	-3.513309
-8.009500	-3.383178
-7.821250	-3.410973
-7.606153	-3.464984
-7.422641	-3.436557
-7.210071	-3.281788
-7.026560	-3.120386
-6.814305	-3.082484
-6.622898	-3.130494
-6.414750	-3.131125
-6.222710	-3.048687
-6.006665	-2.880337
-5.825049	-2.793477
-5.609636	-2.799794
-5.424861	-2.845593
-5.212607	-2.809901
-5.011724	-2.629864
-4.820000	-2.507313
-4.611220	-2.480781
-4.424550	-2.524685
-4.216086	-2.482992
-4.012044	-2.385393
-3.816846	-2.214200
-3.613120	-2.167137
-3.412868	-2.153240
-3.231883	-2.167453
-3.008258	-2.075224
-2.820009	-1.964675
-2.603964	-1.848440
-2.422348	-1.844966
-2.211989	-1.813696
-2.029109	-1.780847
-1.815591	-1.649452
-1.620709	-1.535112
-1.410666	-1.476363
-1.213572	-1.439724
-1.003845	-1.346547
-0.829177	-1.190831
-0.607132	-0.935936
-0.431201	-0.768218
-0.211366	-0.610606
-0.014273	-0.404353
0.182844	-0.231581
0.383753	-0.060387
0.578029	0.023633
0.784624	0.122824
0.983006	0.171156
1.187707	0.216645
1.390511	0.196428
1.584471	0.207484
1.779062	0.174947
1.999557	0.248550
2.173615	0.247603
2.391899	0.282667
2.579857	0.226753
2.792770	0.250130
2.976937	0.252657
3.188586	0.305727
3.381598	0.311098
3.588510	0.292460
3.779310	0.278560
3.995383	0.286774
4.166282	0.310150
4.393095	0.355639
4.572839	0.314572
4.794598	0.283615
4.987294	0.306675
5.183780	0.309834
5.383742	0.374592
5.584335	0.345846
5.784929	0.336053
5.988365	0.311413
6.181377	0.340160
6.388920	0.373645
6.588882	0.397337
6.778419	0.322154
6.993544	0.342371
7.176131	0.311413
7.391256	0.384069
7.579845	0.374277
7.792127	0.397337
7.975030	0.307939
8.190154	0.329735
8.384114	0.363536
8.588182	0.405550
8.781195	0.382806
8.997267	0.346794
9.172588	0.327208
9.390556	0.380594
9.571880	0.391019
9.792690	0.413763
9.980332	0.381858
9.788584	0.313941
9.586411	0.370486
9.378868	0.370802
9.179854	0.428611
8.985894	0.373329
8.779299	0.349321
8.586287	0.321522
8.383799	0.374592
8.182573	0.380279
7.991140	0.407446
7.776332	0.319311
7.594376	0.341108
7.379883	0.317415
7.187819	0.392598
6.976801	0.363852
6.792634	0.347425
6.586039	0.313625
6.390500	0.321206
6.180746	0.361009
5.987418	0.382490
5.781454	0.335737
5.592865	0.326260
5.374265	0.288353
5.192941	0.335421
4.977501	0.356902
4.785752	0.318995
4.583263	0.305411
4.382986	0.266872
4.186815	0.303832
3.989381	0.322470
3.779626	0.327524
3.585351	0.286458
3.384442	0.274770
3.179110	0.256764
2.985782	0.298778
2.788347	0.270031
2.586490	0.286458
2.384949	0.221067
2.186567	0.244128
1.977760	0.216013
1.790434	0.247603
1.574994	0.225174
1.391775	0.191373
1.182968	0.180001
0.982059	0.167997
0.779886	0.111452
0.583399	0.054275
0.378699	-0.084392
0.193900	-0.217367
-0.025012	-0.415092
-0.205365	-0.636822
-0.418567	-0.822229
-0.618502	-1.018374
-0.820649	-1.142821
-1.008899	-1.302959
-1.219574	-1.416667
-1.415719	-1.544588
-1.616287	-1.594493
-1.815591	-1.659243
-2.019633	-1.696198
-2.221464	-1.806747
-2.410029	-1.862338
-2.615651	-1.952040
-2.817798	-1.956462
-3.020892	-2.036058
-3.209773	-2.081225
-3.428344	-2.192406
-3.608066	-2.269158
-3.813371	-2.286215
-4.012991	-2.320643
-4.215138	-2.395500
-4.417285	-2.487730
-4.622907	-2.593541
-4.807997	-2.591014
-5.021831	-2.619757
-5.212923	-2.697457
-5.417597	-2.771999
-5.610899	-2.880969
-5.823786	-2.893603
-6.010771	-2.910343
-6.221762	-2.943192
-6.416013	-3.050267
-6.615633	-3.139022
-6.819675	-3.205983
-7.018663	-3.185768
-7.220494	-3.224303
-7.416956	-3.308952
-7.614681	-3.414447
-7.815880	-3.470037
-8.021186	-3.519627
-8.211646	-3.478881
-8.427691	-3.594168
-8.610570	-3.699032
-8.819666	-3.760939
-9.013917	-3.793473
-9.220486	-3.769468
-9.420106	-3.805475
-9.510124	-3.897073
-9.504123	-3.938134
-9.517388	-3.945083
-9.558765	-3.881280
-9.561924	-3.832323
-9.413472	-3.857907
-9.222381	-3.877490
-9.007283	-3.816846
-8.821245	-3.702506
-8.610254	-3.594800
-8.416320	-3.550264
-8.219543	-3.598590
-8.017712	-3.547422
-7.811458	-3.478565
-7.621945	-3.321586
-7.412850	-3.261889
-7.223653	-3.260942
-7.018348	-3.278314
-6.813042	-3.169028
-6.624161	-3.078694
-6.411907	-2.985517
-6.221762	-2.970987
-6.009508	-2.994676
-5.821259	-2.941297
-5.613742	-2.829800
-5.417281	-2.715145
-5.214502	-2.679769
-5.018356	-2.685771
-4.809893	-2.648816
-4.622275	-2.561008
-4.410652	-2.436245
-4.222087	-2.368968
-4.007938	-2.355703
-3.818109	-2.326328
-3.615330	-2.260314
-3.417606	-2.139026
-3.222723	-2.063537
-3.011732	-2.036058
-2.816850	-2.018686
-2.609650	-1.949829
-2.409398	-1.864233
-2.224307	-1.738207
-2.017422	-1.707885
-1.811169	-1.658927
-1.624499	-1.627658
-1.410666	-1.523426
-1.221153	-1.381607
-1.008267	-1.261582
-0.822545	-1.146927
-0.613449	-1.004793
-0.415092	-0.801698
-0.214524	-0.581863
-0.010798	-0.365819
0.190426	-0.207892
0.375224	-0.065757
0.588453	0.048273
0.781465	0.131353
0.992483	0.166418
1.178230	0.179685
1.387036	0.191373
1.585419	0.257079
1.771165	0.217908
1.989448	0.224542
2.179933	0.216013
2.378315	0.255500
2.584279	0.275717
2.788663	0.289301
2.981043	0.264029
3.188902	0.263397
3.379387	0.254236
3.586614	0.306359
3.777415	0.314572
3.995067	0.318363
4.177654	0.268452
4.389304	0.283615
4.577261	0.304780
4.790807	0.320258
4.985398	0.345530
5.188835	0.299409
5.379951	0.282351
5.586863	0.300673
5.784297	0.346162
5.994367	0.361325
6.176323	0.350584
6.391131	0.298146
6.591409	0.333526
6.775260	0.334474
6.988489	0.400180
7.178342	0.374908
7.387149	0.333842
7.587742	0.311098
7.786125	0.373013
7.982612	0.382806
8.182257	0.411236
8.379375	0.340792
8.593868	0.324365
8.776140	0.333526
8.993160	0.397653
9.173536	0.395126
9.387713	0.389755
9.574723	0.331315
9.794586	0.330051
9.984439	0.391651
9.779423	0.403655
9.582305	0.403971
9.383607	0.351848
9.171640	0.314572
8.997267	0.355955
8.776140	0.376172
8.591341	0.380910
8.386009	0.373961
8.178782	0.295935
7.990193	0.341423
7.785177	0.361325
7.587742	0.410604
7.380831	0.355007
7.186240	0.334158
6.982487	0.321522
6.785369	0.364484
6.578142	0.378383
6.393027	0.391335
6.179798	0.312361
5.998790	0.312361
5.772609	0.309518
5.590969	0.382174
5.368579	0.349321
5.191678	0.327840
4.981291	0.290248
4.786384	0.275717
4.586107	0.322786
4.385197	0.331631
4.175759	0.319943
3.994119	0.285194
3.784681	0.251077
3.591669	0.294355
3.380651	0.333210
3.180689	0.288985
2.987677	0.283615
2.783925	0.232440
2.588386	0.305411
2.378000	0.253289
2.184040	0.277613
1.983131	0.227069
1.784117	0.215381
1.578785	0.181265
1.395250	0.222015
1.178861	0.195796
0.988693	0.184424
0.783045	0.083969
0.585294	0.047641
0.372381	-0.104607
0.197375	-0.239477
-0.021221	-0.436254
-0.212945	-0.611554
-0.416987	-0.770113
-0.607763	-0.999107
-0.827598	-1.206939
-1.009215	-1.345916
-1.222732	-1.436566
-1.406875	-1.476363
-1.616287	-1.549642
-1.812433	-1.686407
-2.015527	-1.743576
-2.224307	-1.829489
-2.410661	-1.812433
-2.614703	-1.881921
-2.817482	-1.964990
-3.018681	-2.094491
-3.215775	-2.138079
-3.419816	-2.161136
-3.608066	-2.150081
-3.820636	-2.249891
-4.013307	-2.362335
-4.224614	-2.498469
-4.409705	-2.452354
-4.624170	-2.498785
-4.803576	-2.525632
-5.020252	-2.669662
-5.211028	-2.801057
-5.422019	-2.805164
-5.615953	-2.783054
-5.826628	-2.809586
-6.012351	-2.931821
-6.223341	-3.078694
-6.409064	-3.099224
-6.624793	-3.066059
-6.818727	-3.104909
-7.019927	-3.166185
-7.221758	-3.342116
-7.417903	-3.406867
-7.614049	-3.392969
-7.821881	-3.358225
-8.019922	-3.446033
-8.216700	-3.549949
-8.422953	-3.703770
-8.613097	-3.691452
-8.822193	-3.668078
-9.013285	-3.667447
-9.217958	-3.827901
-9.403049	-3.931185
-9.468431	-3.954558
-9.551501	-3.883491
-9.616567	-3.848431
-9.569820	-3.853801
-9.488014	-3.928026
-9.400522	-3.948557
-9.222381	-3.814635
-9.013285	-3.701243
-8.823457	-3.663656
-8.608991	-3.665236
-8.427059	-3.679765
-8.213225	-3.572374
-8.015817	-3.442874
-7.820934	-3.396759
-7.616576	-3.356646
-7.405901	-3.382230
-7.224600	-3.297897
-7.017716	-3.207246
-6.812095	-3.106805
-6.617844	-3.094802
-6.413802	-3.073640
-6.217972	-3.036685
-6.017720	-2.893287
-5.819048	-2.851594
-5.617217	-2.795056
-5.416333	-2.809586
-5.209764	-2.732833
-5.023726	-2.665240
-4.810840	-2.560061
-4.627960	-2.512366
-4.410020	-2.493415
-4.226193	-2.463093
-4.015203	-2.363915
-3.819057	-2.267895
-3.609013	-2.196512
-3.426450	-2.186404
-3.211668	-2.138395
-3.023735	-2.057536
-2.812744	-1.968781
-2.619125	-1.880973
-2.404976	-1.855705
-2.225570	-1.808642
-2.011737	-1.759685
-1.816223	-1.644398
-1.619130	-1.574910
-1.413193	-1.496262
-1.213257	-1.430565
-1.016479	-1.309908
-0.819070	-1.168089
-0.616923	-0.942885
-0.415724	-0.760637
-0.212945	-0.556279
-0.022801	-0.397404
0.197059	-0.196205
0.372381	-0.052807
0.587190	0.058697
0.776095	0.133880
0.987429	0.178737
1.180125	0.194532
1.389248	0.214434
1.574994	0.193900
1.786012	0.217908
1.980603	0.240337
2.187831	0.251393
2.376104	0.257395
2.595967	0.244128
2.777607	0.244128
2.984518	0.270979
3.184164	0.308886
3.377492	0.286774
3.585351	0.288037
3.783417	0.274770
3.986854	0.301305
4.184920	0.315520
4.380143	0.325313
4.582632	0.297830
4.785120	0.305727
4.979396	0.290564
5.189150	0.336685
5.377424	0.340476
5.588758	0.330683
5.775768	0.296250
5.988681	0.318995
6.183589	0.332262
6.388920	0.359429
6.586671	0.354375
6.783789	0.341108
6.979960	0.320258
7.189714	0.341739
7.384938	0.356902
7.593112	0.370802
7.776648	0.348689
7.987034	0.309202
8.181941	0.354375
8.379692	0.352164
8.591973	0.385333
8.780562	0.362904
8.988106	0.340792
9.181118	0.335421
9.381395	0.369538
9.583884	0.389755
9.788584	0.403655
9.981596	0.347425
9.788268	0.351216
9.575987	0.349637
9.390556	0.389124
9.176695	0.381542
8.993476	0.363220
8.782142	0.320258
8.589130	0.337949
8.380008	0.373645
8.183520	0.378067
7.981664	0.361957
7.792758	0.321522
7.581425	0.310782
7.391256	0.349005
7.176131	0.363852
6.992912	0.359745
6.781894	0.346162
6.582248	0.298146
6.393343	0.329735
6.182641	0.338580
5.991840	0.365747
5.780822	0.339528
5.583388	0.303200
5.379004	0.280140
5.184728	0.324997
4.982555	0.333210
4.788596	0.345846
4.579157	0.276033
4.389304	0.273506
4.179234	0.274770
3.995383	0.317100
3.777731	0.314572
3.589458	0.294039
3.383178	0.258975
3.180057	0.259291
2.980412	0.288669
2.788979	0.298462
2.579857	0.277929
2.389056	0.235599
2.179302	0.214118
1.986921	0.231176
1.778430	0.251077
1.582260	0.203693
1.391143	0.207800
1.179177	0.152834
0.990904	0.162943
0.783993	0.108293
0.581504	0.063752
0.379015	-0.060703
0.188214	-0.197152
-0.014904	-0.387929
-0.212629	-0.577125
-0.422988	-0.828862
-0.611554	-0.989947
-0.826651	-1.129871
-1.003845	-1.229365
-1.222732	-1.433091
-1.408455	-1.557222
-1.621025	-1.626710
-1.816855	-1.658612
-2.015211	-1.669982
-2.220517	-1.768213
-2.415083	-1.893607
-2.610597	-1.976677
-2.820640	-2.003209
-3.011101	-1.988364
-3.223671	-2.034794
-3.425818	-2.206303
-3.609013	-2.271369
-3.821268	-2.343700
-4.009833	-2.292532
-4.224298	-2.345279
-4.412548	-2.457092
-4.623854	-2.626706
-4.814630	-2.657028
-5.017093	-2.643446
-5.212291	-2.626390
-5.424230	-2.739782
-5.608057	-2.872125
-5.823470	-2.990570
-6.011719	-2.935611
-6.223658	-2.917924
-6.406853	-2.941613
-6.616896	-3.137127
-6.818096	-3.265048
-7.017716	-3.264416
-7.220494	-3.216090
-7.420430	-3.201561
-7.611522	-3.361699
-7.820618	-3.509835
-8.016764	-3.595747
-8.224912	-3.524364
-8.418530	-3.500360
-8.607096	-3.566057
-8.822509	-3.803264
-9.013285	-3.867698
-9.223644	-3.845588
-9.417579	-3.754938
-9.584666	-3.793788
-9.516126	-3.906233
-9.474433	-3.989302
-9.494331	-3.953927
-9.565083	-3.832639
-9.412525	-3.730302
-9.227118	-3.785892
-9.013285	-3.833902
-8.829457	-3.827585
-8.603937	-3.620384
-8.428322	-3.507624
-8.212277	-3.512994
-8.018659	-3.554055
-7.812406	-3.561951
-7.620366	-3.404024
-7.408744	-3.248939
-7.223969	-3.189874
-7.013926	-3.219249
-6.824413	-3.229356
-6.615317	-3.159236
-6.414433	-2.982358
-6.222394	-2.918871
-6.008245	-2.878442
-5.818100	-2.970671
-5.620059	-2.875283
-5.420755	-2.765050
-5.207237	-2.628917
-5.019620	-2.612808
-4.808945	-2.610913
-4.621643	-2.613124
-4.417917	-2.480149
-4.221456	-2.380655
-4.012044	-2.276107
-3.818425	-2.320327
-3.604276	-2.258103
-3.431503	-2.203777
-3.209773	-2.083436
-3.023103	-1.984258
-2.814323	-1.971308
-2.619125	-1.943512
-2.406871	-1.894555
-2.227150	-1.788744
-2.013316	-1.685459
-1.821592	-1.627974
-1.606495	-1.617866
-1.412561	-1.536376
-1.215468	-1.438777
-1.013321	-1.253686
-0.818123	-1.149770
-0.622609	-0.965942
-0.411934	-0.830441
-0.217051	-0.583758
-0.019958	-0.395509
0.192637	-0.203470
0.378699	-0.074601
0.586558	0.048589
0.784624	0.109872
0.986165	0.190110
1.186443	0.162943
1.391775	0.220436
1.568676	0.209063
1.792646	0.231492
1.974601	0.244128
2.193201	0.231492
2.378000	0.245075
2.591229	0.270979
2.782977	0.272874
2.984834	0.286142
3.178478	0.273822
3.388232	0.279192
3.580928	0.306359
3.789735	0.292460
3.984642	0.327208
4.185552	0.288985
4.379511	0.310466
4.587370	0.284878
4.783857	0.351216
4.978448	0.321522
5.194205	0.325629
5.374897	0.299093
5.585283	0.331631
5.780190	0.337001
5.987102	0.370170
6.183904	0.328788
6.391448	0.345846
6.580353	0.312677
6.788844	0.359745
6.973958	0.371433
7.192873	0.362588
7.377357	0.332262
7.593429	0.337949
7.782650	0.348373
7.982927	0.368906
8.177835	0.369222
8.388221	0.343635
8.579337	0.329419
8.788460	0.341108
8.985579	0.384701
9.189647	0.393862
9.376341	0.373329
9.595256	0.333842
9.780686	0.377751
9.980017	0.361641
9.790795	0.401128
9.572827	0.382806
9.389924	0.355007
9.181434	0.336685
8.987158	0.371433
8.787828	0.364800
8.584707	0.382490
8.377165	0.327524
8.188259	0.336685
7.976609	0.334790
7.796865	0.368275
7.585847	0.354691
7.389676	0.349953
7.179606	0.318995
6.991964	0.320258
6.779683	0.348373
6.590461	0.359745
6.386077	0.344267
6.194013	0.311413
5.984259	0.312677
5.786192	0.330367
5.574227	0.344582
5.389112	0.329104
5.182833	0.316152
4.979396	0.297830
4.790175	0.320574
4.579157	0.312677
4.386777	0.322786
4.184288	0.293091
3.986854	0.279192
3.789103	0.270663
3.578401	0.310782
3.380967	0.293091
3.192693	0.306359
2.969355	0.254552
2.795613	0.260238
2.575118	0.246971
2.388108	0.265924
2.175511	0.241285
1.988817	0.232124
1.776535	0.204325
1.577521	0.197059
1.383878	0.214434
1.185811	0.204009
0.981111	0.172104
0.789047	0.126615
0.579292	0.043218
0.386596	-0.057229
0.187582	-0.213577
-0.016168	-0.410038
-0.210102	-0.572704
-0.424884	-0.772008
-0.614080	-0.980156
-0.821281	-1.206308
-1.016163	-1.332334
-1.213888	-1.420457
-1.416035	-1.469099
-1.614076	-1.590387
-1.810853	-1.678195
-2.024055	-1.784953
-2.209146	-1.802957
-2.425190	-1.817171
-2.611229	-1.861390
-2.824431	-2.003840
-3.012364	-2.105230
-3.223671	-2.153240
-3.418869	-2.144396
-3.611856	-2.161768
-3.813056	-2.259999
-4.018992	-2.409714
-4.211664	-2.483939
-4.423602	-2.492468
-4.613431	-2.445721
-4.818105	-2.520895
-5.015198	-2.713881
-5.213554	-2.772315
-5.422650	-2.826642
-5.613426	-2.770420
-5.819995	-2.802953
-6.013614	-2.910343
-6.216077	-3.068270
-6.419487	-3.141865
-6.621318	-3.096066
-6.814621	-3.043318
-7.026244	-3.174397
-7.218284	-3.326639
-7.420746	-3.445717
-7.607100	-3.415710
-7.826303	-3.369596
-8.009500	-3.411288
-8.222385	-3.594800
-8.422005	-3.746094
-8.612782	-3.742620
-8.819350	-3.658287
-9.016443	-3.639967
-9.214800	-3.805159
-9.401155	-3.959612
-9.424212	-4.000673
-9.541393	-3.910339
-9.645309	-3.808318
-9.591299	-3.834849
-9.468116	-3.947294
-9.377150	-3.989934
-9.221117	-3.866751
-9.013917	-3.657023
-8.819350	-3.609013
-8.614361	-3.654181
-8.425480	-3.708508
-8.217332	-3.639335
-8.020238	-3.451718
-7.814933	-3.304846
-7.624788	-3.371491
-7.409376	-3.409393
-7.221442	-3.387599
-7.009188	-3.199666
-6.824728	-3.053109
-6.610895	-3.034158
-6.413170	-3.081220
-6.219867	-3.096066
-6.014562	-2.962775
-5.816837	-2.811796
-5.615953	-2.733780
-5.414754	-2.763155
-5.219872	-2.779579
-5.009512	-2.728411
-4.812735	-2.543636
-4.622907	-2.460250
-4.411600	-2.413820
-4.217981	-2.466252
-4.010780	-2.414136
-3.819688	-2.291268
-3.609013	-2.150397
-3.419501	-2.121023
-3.218301	-2.108388
-3.019945	-2.104914
-2.813060	-1.997208
-2.621968	-1.879078
-2.410661	-1.782742
-2.224623	-1.814328
-2.011421	-1.753684
-1.826014	-1.681985
-1.611549	-1.576173
-1.415719	-1.450148
-1.215152	-1.419825
-1.010794	-1.334861
-0.821913	-1.224311
-0.621345	-1.005424
-0.414145	-0.774850
-0.218315	-0.588496
-0.014273	-0.432780
0.182212	-0.224948
0.377120	-0.090394
0.587822	0.061540
0.785888	0.088076
0.984902	0.184739
1.180125	0.188846
1.392722	0.235914
1.574994	0.203693
1.786328	0.205589
1.983131	0.214434
2.188147	0.259922
2.381790	0.272874
2.588701	0.279192
2.782977	0.236862
2.991152	0.272242
3.173424	0.284246
3.387600	0.314888
3.584087	0.326576
3.789419	0.271926
3.983063	0.301621
4.183024	0.308254
4.376984	0.349637
4.577578	0.333210
4.782909	0.315520
4.987609	0.289933
5.182201	0.322786
5.379319	0.321838
5.587810	0.387544
5.777979	0.315836
5.988365	0.329735
6.185800	0.302568
6.391448	0.365747
6.585723	0.352796
6.790107	0.376488
6.977433	0.334790
7.187187	0.338264
7.381463	0.356271
7.588374	0.385333
7.789599	0.357218
7.990193	0.367959
8.168042	0.325629
8.392643	0.344582
8.579969	0.384385
8.789092	0.384701
8.981472	0.382174
9.191226	0.338896
9.378552	0.365431
9.587358	0.377120
9.780686	0.415343
9.986650	0.378067
9.787320	0.364484
9.581041	0.346162
9.382343	0.390387
9.181118	0.388808
8.983367	0.390071
8.785933	0.330367
8.589446	0.364484
8.376848	0.319311
8.188891	0.375540
7.978189	0.370170
7.793706	0.359745
7.580793	0.331315
7.386833	0.346162
7.181501	0.354691
6.988489	0.382806
6.772733	0.332894
6.597727	0.336053
6.383550	0.329104
6.190538	0.335421
5.984574	0.365747
5.791879	0.339212
5.571068	0.317100
5.385953	0.306675
5.187255	0.313941
4.983819	0.330367
4.783857	0.336053
4.586107	0.286774
4.377300	0.294987
4.190290	0.279824
3.983063	0.308254
3.784681	0.295619
3.584403	0.315520
3.378124	0.246655
3.190482	0.284878
2.972514	0.283931
2.794665	0.284562
2.581752	0.255816
2.385897	0.247603
2.179617	0.238442
1.985658	0.246971
1.775903	0.216961
1.588578	0.230544
1.377560	0.225490
1.195288	0.171472
0.975741	0.159468
0.791574	0.131985
0.576134	0.050484
0.393230	-0.064809
0.181896	-0.193046
-0.014589	-0.388560
-0.214524	-0.585022
-0.420462	-0.802330
-0.621345	-0.970996
-0.813069	-1.123870
-1.024376	-1.266636
-1.211046	-1.417614
-1.416983	-1.507949
-1.618498	-1.621657
-1.810222	-1.630500
-2.028793	-1.705358
-2.211041	-1.785269
-2.422032	-1.882868
-2.614388	-1.944776
-2.817482	-1.988364
-3.012680	-1.998155
-3.223039	-2.106809
-3.412868	-2.186089
-3.624806	-2.277055
-3.808949	-2.304534
-4.025310	-2.313694
-4.206610	-2.372443
-4.424866	-2.497837
-4.614063	-2.576169
-4.816841	-2.623863
-5.007617	-2.637129
-5.219556	-2.651974
-5.417912	-2.775789
-5.617848	-2.878758
-5.817469	-2.935611
-6.021511	-2.936243
-6.206917	-2.920766
-6.421698	-3.005100
-6.617844	-3.167449
-6.810515	-3.196192
-7.031929	-3.252729
-7.213230	-3.193349
-7.423905	-3.287789
-7.608364	-3.410341
-7.820618	-3.535104
-8.016448	-3.553739
-8.224912	-3.516468
-8.414425	-3.520574
-8.618466	-3.662393
-8.810506	-3.787787
-9.026551	-3.836745
-9.209115	-3.801053
-9.426423	-3.779575
-9.546131	-3.835165
-9.510440	-3.926131
-9.492436	-3.966561
-9.511072	-3.936239
-9.559082	-3.838956
-9.416631	-3.783681
-9.216063	-3.824110
-9.017076	-3.856012
-8.807347	-3.773574
-8.619099	-3.617857
-8.423901	-3.518995
-8.214489	-3.512678
-8.023081	-3.574585
-7.801035	-3.502254
-7.625420	-3.408762
-7.411902	-3.229040
-7.224916	-3.229356
-7.015189	-3.242306
-6.819043	-3.246412
-6.622266	-3.141549
-6.422646	-2.989307
-6.210076	-2.905289
-6.013930	-2.943192
-5.814310	-2.948877
-5.625113	-2.897709
-5.408753	-2.735991
-5.223662	-2.624811
-5.008249	-2.620704
-4.809893	-2.590067
-4.624486	-2.600806
-4.416969	-2.490888
-4.217665	-2.355387
-4.014571	-2.288110
-3.817477	-2.312746
-3.616910	-2.279582
-3.418553	-2.223991
-3.216722	-2.064801
-3.026262	-1.991522
-2.807059	-1.945407
-2.619757	-1.948882
-2.409398	-1.897398
-2.228097	-1.806116
-2.012053	-1.675984
-1.822540	-1.632396
-1.615024	-1.614076
-1.410666	-1.556590
-1.211993	-1.451095
-1.022796	-1.269163
-0.815280	-1.099233
-0.623556	-0.983314
-0.409407	-0.795381
-0.222737	-0.585022
-0.017115	-0.374031
0.189162	-0.162093
0.379015	-0.065757
0.584347	0.086180
0.780834	0.152518
0.984902	0.185687
1.185179	0.172420
1.386405	0.186951
1.581628	0.215697
1.780642	0.253920
1.978076	0.233071
2.188778	0.240021
2.378000	0.208432
2.592492	0.260870
2.781713	0.276033
2.990836	0.320890
3.177214	0.279192
3.386653	0.255500
3.578085	0.276349
3.790051	0.312045
3.986854	0.334790
4.185236	0.320258
4.375089	0.282351
4.588634	0.295619
4.772801	0.392598
4.989189	0.341423
5.190098	0.364800
5.375213	0.289301
5.590337	0.309202
5.781138	0.308886
5.986154	0.369854
6.188011	0.361641
6.387973	0.348689
6.586039	0.313941
6.784105	0.339844
6.980276	0.363220
7.188767	0.406498
7.378936	0.358482
7.593744	0.351848
7.777279	0.308570
7.991140	0.381542
8.175623	0.385965
8.386642	0.382806
8.581864	0.355639
8.786565	0.318995
8.981788	0.346794
9.185225	0.399232
9.381711	0.400812
9.585148	0.382490
9.779423	0.346794
9.990441	0.355007
9.789216	0.407446
9.576303	0.404287
9.386765	0.413132
9.181749	0.329419
8.986210	0.350584
8.782142	0.357218
8.587234	0.412500
8.380639	0.386281
8.186048	0.349953
7.985138	0.305095
7.793706	0.358166
7.577950	0.366063
7.384938	0.415659
7.182449	0.326892
6.992596	0.343319
6.769890	0.310150
6.593936	0.358166
6.383866	0.389755
6.188643	0.348057
5.978889	0.321838
5.785876	0.307623
5.580544	0.330051
5.385322	0.361009
5.177778	0.341423
4.995507	0.304780
4.780698	0.305727
4.579473	0.275401
4.384250	0.349321
4.176391	0.327840
3.985906	0.313309
3.786260	0.262134
3.583140	0.290564
3.381598	0.277929
3.187007	0.316152
2.979464	0.276033
2.788031	0.264977
2.580804	0.232124
2.387161	0.274138
2.175511	0.243180
1.987237	0.272874
1.775903	0.197691
1.588893	0.200218
1.379771	0.197059
1.189918	0.180949
0.977320	0.177790
0.787152	0.120613
0.577397	0.028687
0.384069	-0.081866
0.178106	-0.244847
-0.008271	-0.424568
-0.217999	-0.601762
-0.415408	-0.804225
-0.621029	-0.953940
-0.814648	-1.193358
-1.020269	-1.320963
-1.210730	-1.451727
-1.412877	-1.487418
-1.616603	-1.595756
-1.807379	-1.640924
-2.021528	-1.759369
-2.216411	-1.811485
-2.418558	-1.851283
-2.617862	-1.885711
-2.814955	-1.980151
-3.016470	-2.048692
-3.227777	-2.164611
-3.407182	-2.154819
-3.625438	-2.207251
-3.806422	-2.282108
-4.018677	-2.366126
-4.209137	-2.450775
-4.424550	-2.491204
-4.613431	-2.504154
-4.818420	-2.583118
-5.010460	-2.649131
-5.217345	-2.733464
-5.413806	-2.802953
-5.624166	-2.787791
-5.817469	-2.864544
-6.021511	-2.928663
-6.211023	-3.028789
-6.414750	-3.070481
-6.619739	-3.112490
-6.813042	-3.106489
-7.022769	-3.216406
-7.216073	-3.303582
-7.416008	-3.380651
-7.620050	-3.385072
-7.820618	-3.379703
-8.024029	-3.459930
-8.224596	-3.622911
-8.412530	-3.667762
-8.625416	-3.703454
-8.813033	-3.654181
-9.020865	-3.697137
-9.212905	-3.821584
-9.404944	-3.941293
-9.468431	-3.943819
-9.566031	-3.880332
-9.622252	-3.828848
-9.566978	-3.868330
-9.481381	-3.927395
-9.419474	-3.898652
-9.217327	-3.808002
-9.024340	-3.639651
-8.808295	-3.643126
-8.617204	-3.669973
-8.420742	-3.707560
-8.214489	-3.595432
-8.022133	-3.428344
-7.810827	-3.338010
-7.616260	-3.388231
-7.411902	-3.399918
-7.210387	-3.349381
-7.023401	-3.187979
-6.820307	-3.081536
-6.609948	-3.052794
-6.424225	-3.109963
-6.207865	-3.068902
-6.021511	-2.973514
-5.814310	-2.794109
-5.622271	-2.757154
-5.410648	-2.786528
-5.222398	-2.794109
-5.015198	-2.705985
-4.814314	-2.548690
-4.616905	-2.452670
-4.420760	-2.459934
-4.214191	-2.471621
-4.023415	-2.414767
-3.807054	-2.283372
-3.618805	-2.149450
-3.422659	-2.154187
-3.212300	-2.123549
-3.024367	-2.114390
-2.808322	-2.003840
-2.619441	-1.875919
-2.412556	-1.801694
-2.222412	-1.808642
-2.019633	-1.773583
-1.817486	-1.701884
-1.606180	-1.560697
-1.422668	-1.467204
-1.203781	-1.406875
-1.016795	-1.350653
-0.814332	-1.197464
-0.626715	-0.995317
-0.409723	-0.741686
-0.220526	-0.571756
-0.013325	-0.415724
0.190741	-0.212629
0.382174	-0.077128
0.578977	0.046377
0.786836	0.122192
0.981111	0.172104
1.182336	0.205273
1.380403	0.223910
1.578785	0.198639
1.787591	0.210011
1.975549	0.205273
2.189726	0.259607
2.382422	0.278560
2.589333	0.274770
2.786452	0.243812
2.985150	0.256132
3.182269	0.286142
3.385705	0.324049
3.581560	0.315836
3.786576	0.293407
3.979272	0.266872
4.189658	0.307307
4.382039	0.314888
4.589266	0.353427
4.780698	0.323417
4.986346	0.264029
5.188519	0.308254
5.379319	0.333842
5.582756	0.365747
5.781454	0.345214
5.982048	0.301937
6.187695	0.303516
6.384498	0.358166
6.588566	0.371118
6.787896	0.396389
6.977433	0.329419
7.193821	0.317731
7.381463	0.325313
7.593744	0.397653
7.779491	0.389755
7.986086	0.362904
8.180362	0.323102
8.386642	0.327208
8.580601	0.378699
8.790671	0.401444
8.979893	0.383437
9.189015	0.354375
9.372866	0.319311
9.588622	0.385017
9.776580	0.427031
9.987914	0.393862
9.787320	0.375856
9.576934	0.322154
9.382975	0.366379
9.177643	0.384385
8.983684	0.411868
8.790039	0.367959
8.583760	0.332578
8.385378	0.318363
8.187311	0.382174
7.972819	0.383753
7.795286	0.391967
7.577002	0.312677
7.388729	0.331947
7.178027	0.331631
6.995123	0.386596
6.776840	0.390071
6.589829	0.337001
6.385761	0.316152
6.185800	0.323102
5.980152	0.350269
5.786192	0.371433
5.572963	0.329735
5.390692	0.302252
5.182517	0.289301
4.983503	0.309518
4.786700	0.370170
4.580105	0.302252
4.382986	0.302884
4.181129	0.255816
3.989381	0.302568
3.788787	0.307939
3.584403	0.326576
3.383178	0.272242
3.187007	0.272242
2.971882	0.241285
2.794034	0.300041
2.577961	0.277297
2.390951	0.273190
2.184040	0.203377
1.994187	0.234019
1.766111	0.222963
1.583839	0.233071
1.382930	0.230860
1.186759	0.180633
0.980479	0.147780
0.787467	0.123772
0.572659	0.035005
0.385965	-0.061967
0.177474	-0.226843
-0.007324	-0.403721
-0.221473	-0.578705
-0.421725	-0.853182
-0.614712	-1.035430
-0.820965	-1.207255
-1.010794	-1.267584
-1.213888	-1.399927
-1.415403	-1.518056
-1.617550	-1.633343
-1.815907	-1.665560
-2.020897	-1.722098
-2.213884	-1.733469
-2.420137	-1.862338
-2.607123	-1.942881
-2.820640	-2.049639
-3.008890	-2.015211
-3.227777	-2.064801
-3.411288	-2.141553
-3.619121	-2.243258
-3.811476	-2.354755
-4.017729	-2.364231
-4.207558	-2.358861
-4.420444	-2.437509
-4.615958	-2.528475
-4.819368	-2.671557
-5.007301	-2.678822
-5.221767	-2.658291
-5.421071	-2.740729
-5.617217	-2.809270
-5.809888	-2.962143
-6.022142	-2.981726
-6.217024	-2.984253
-6.416329	-2.979199
-6.619423	-3.077114
-6.817780	-3.191770
-7.022138	-3.299476
-7.215441	-3.256835
-7.419799	-3.302634
-7.616892	-3.320322
-7.816196	-3.478250
-8.011079	-3.523101
-8.231861	-3.603644
-8.411266	-3.570479
-8.618466	-3.593221
-8.815244	-3.719247
-9.020234	-3.792841
-9.212589	-3.872120
-9.418210	-3.854748
-9.534445	-3.858539
-9.551186	-3.887597
-9.510440	-3.940661
-9.502859	-3.939397
-9.523705	-3.884754
-9.417579	-3.796631
-9.217327	-3.810529
-9.026235	-3.768836
-8.814612	-3.777048
-8.612149	-3.647864
-8.424216	-3.563215
-8.215753	-3.520258
-8.021502	-3.531313
-7.814301	-3.466879
-7.619735	-3.425818
-7.411902	-3.271049
-7.221126	-3.250203
-7.015505	-3.193033
-6.822202	-3.216722
-6.608052	-3.123229
-6.424541	-3.005100
-6.211971	-2.942560
-6.015193	-2.917924
-5.819995	-2.891076
-5.620059	-2.868650
-5.410648	-2.760944
-5.224294	-2.660818
-5.009829	-2.632391
-4.818105	-2.617230
-4.617221	-2.603964
-4.422655	-2.486151
-4.220192	-2.379076
-4.018992	-2.309904
-3.808949	-2.313378
-3.614383	-2.250207
-3.423291	-2.202197
-3.215459	-2.067327
-3.019313	-2.006367
-2.816218	-1.965622
-2.614388	-1.950145
-2.416031	-1.873708
-2.219253	-1.795692
-2.018370	-1.663349
-1.820961	-1.650083
-1.607759	-1.584386
-1.419510	-1.537323
-1.206308	-1.423932
-1.019954	-1.240736
-0.814332	-1.091653
-0.621029	-0.962468
-0.412565	-0.798540
-0.222421	-0.589128
-0.011746	-0.366451
0.183792	-0.182623
0.384385	-0.047437
0.577713	0.068174
0.786836	0.142409
0.980479	0.175263
1.185495	0.170208
1.385141	0.206852
1.574994	0.204641
1.791066	0.250446
1.979024	0.245391
2.187515	0.229912
2.383370	0.216329
2.585543	0.255816
2.793718	0.281403
2.979464	0.313941
3.176898	0.263397
3.391391	0.269083
3.576506	0.277613
3.787524	0.310150
3.980852	0.328788
4.188079	0.309202
4.377616	0.271611
4.590213	0.270347
4.782909	0.316468
4.985398	0.337317
5.183465	0.335106
5.383110	0.296882
5.581808	0.295619
5.793458	0.303832
5.980468	0.353427
6.189275	0.360377
6.386393	0.349321
6.583196	0.286774
6.790107	0.334158
6.982172	0.357534
7.185608	0.387228
7.382411	0.367011
7.587742	0.327840
7.790863	0.309202
7.981032	0.362588
8.180677	0.379015
8.389169	0.398600
8.580285	0.337317
8.796989	0.306359
8.979576	0.347425
9.187119	0.388176
9.374129	0.400496
9.585464	0.368275
9.782582	0.344582
9.983175	0.330367
9.787952	0.389439
9.583568	0.410604
9.381711	0.404602
9.179222	0.355955
8.985894	0.335421
8.791935	0.363852
8.579021	0.401128
8.379375	0.376488
8.190154	0.357534
7.975030	0.299409
7.793074	0.335421
7.582688	0.377751
7.387781	0.391335
7.183397	0.367327
6.986594	0.321206
6.778103	0.325313
6.590777	0.362904
6.384182	0.375224
6.186431	0.367011
5.984574	0.313309
5.791563	0.301305
5.571383	0.317415
5.391324	0.352480
5.183148	0.362588
4.978448	0.298146
4.790175	0.290880
4.577578	0.277613
4.386145	0.324365
4.182709	0.324681
3.986538	0.320890
3.785628	0.272558
3.583771	0.269715
3.383178	0.271611
3.190166	0.324049
2.972514	0.295619
2.794981	0.265293
2.575750	0.228017
2.391899	0.253920
2.177406	0.250130
1.987553	0.259607
1.775903	0.236230
1.584155	0.190110
1.379771	0.194216
1.183916	0.193900
0.983954	0.174631
0.789679	0.116822
0.572343	0.035637
0.391651	-0.081550
0.179053	-0.233476
-0.015852	-0.460891
-0.211366	-0.616923
-0.424884	-0.812437
-0.614080	-0.949518
-0.821597	-1.181987
-1.013636	-1.353180
-1.215468	-1.480154
-1.414140	-1.491524
-1.619446	-1.556590
-1.810853	-1.607443
-2.028477	-1.758737
-2.207567	-1.835806
-2.427086	-1.887290
-2.607123	-1.868023
-2.824115	-1.943512
-3.009521	-2.042691
-3.224934	-2.162400
-3.415079	-2.216411
-3.614383	-2.193669
-3.814319	-2.219253
-4.022783	-2.334540
-4.212927	-2.460882
-4.424866	-2.552796
-4.605535	-2.527212
-4.825685	-2.526896
-5.015198	-2.607123
-5.210080	-2.730938
-5.422966	-2.879389
-5.614058	-2.838960
-5.822522	-2.834538
-6.010771	-2.842119
-6.217972	-2.998151
-6.408116	-3.112490
-6.615949	-3.186084
-6.817464	-3.111542
-7.027192	-3.139022
-7.207229	-3.203456
-7.422009	-3.422028
-7.608995	-3.459298
-7.825988	-3.454876
-8.007920	-3.395180
-8.226807	-3.482987
-8.415689	-3.642810
-8.615624	-3.763150
-8.821245	-3.762519
-9.014864	-3.692399
-9.212589	-3.723984
-9.425159	-3.868330
-9.447901	-3.957717
-9.478223	-3.976984
-9.571715	-3.887597
-9.609303	-3.822531
-9.543289	-3.854432
-9.400207	-3.924868
-9.224276	-3.926131
-9.016128	-3.732828
-8.818087	-3.658602
-8.612149	-3.601749
-8.422637	-3.654496
-8.215753	-3.630176
-8.027187	-3.522785
-7.808300	-3.369280
-7.619103	-3.345275
-7.408112	-3.307056
-7.229023	-3.357593
-7.009503	-3.242622
-6.822518	-3.137758
-6.611843	-3.050583
-6.419171	-3.010785
-6.216393	-3.032579
-6.014562	-2.980147
-5.808625	-2.874336
-5.624166	-2.794425
-5.408121	-2.736623
-5.223030	-2.742624
-5.008881	-2.711987
-4.815578	-2.581223
-4.621643	-2.530686
-4.412863	-2.430244
-4.216718	-2.448880
-4.014571	-2.373390
-3.814319	-2.327907
-3.610909	-2.190826
-3.420764	-2.163979
-3.216090	-2.104914
-3.020261	-2.059431
-2.811165	-1.986784
-2.622284	-1.922982
-2.412556	-1.813064
-2.218937	-1.806116
-2.009210	-1.716097
-1.829489	-1.693356
-1.607127	-1.580595
-1.416983	-1.487734
-1.209466	-1.428985
-1.014900	-1.317173
-0.815596	-1.186409
-0.621345	-0.979524
-0.408459	-0.740738
-0.225264	-0.571124
-0.010167	-0.387929
0.184739	-0.198732
0.382174	-0.074285
0.582136	0.068806
0.790310	0.105450
0.983638	0.194848
1.184548	0.186635
1.387036	0.231808
1.576573	0.202430
1.786644	0.205589
1.978708	0.233703
2.183724	0.259922
2.382422	0.260870
2.591861	0.276033
2.784241	0.241601
2.987361	0.276665
3.176583	0.274770
3.392339	0.309834
3.579665	0.319627
3.788787	0.270979
3.984642	0.282983
4.180182	0.303200
4.378563	0.326260
4.588950	0.321522
4.779750	0.322786
4.986978	0.291828
5.185676	0.310782
5.380899	0.333526
5.584335	0.363536
5.786192	0.320890
5.985206	0.313625
6.188959	0.294355
6.389236	0.363220
6.578773	0.361325
6.788528	0.371433
6.980908	0.344582
7.186872	0.301305
7.381147	0.339212
7.588690	0.382806
7.782650	0.372065
7.983875	0.361009
8.176255	0.304148
8.390116	0.339212
8.579337	0.373645
8.787512	0.376804
8.981788	0.389124
9.184592	0.337317
9.375710	0.332894
9.581041	0.365116
9.785425	0.413132
9.981596	0.392598
9.784477	0.378383
9.581988	0.327840
9.381080	0.363852
9.183645	0.376488
8.983051	0.413448
8.785617	0.362273
8.594816	0.326576
8.377481	0.312045
8.189838	0.363852
7.979768	0.384385
7.791179	0.368275
7.585531	0.325313
7.389360	0.305411
7.179922	0.342055
6.985962	0.376172
6.777155	0.366379
6.591725	0.339212
6.384814	0.302568
6.188959	0.301621
5.982679	0.378383
5.786192	0.356271
5.580544	0.351848
5.380267	0.283615
5.187571	0.306675
4.983819	0.307307
4.789859	0.340476
4.579473	0.336369
4.382986	0.295935
4.190922	0.600457
3.982115	0.292460
3.790051	0.302252
3.586614	0.334158
3.378124	0.451039
3.188586	0.293723
2.975989	0.252657
2.789611	0.270031
2.583647	0.278244
2.388108	0.270663
2.183408	0.226753
1.992292	0.194216
1.778115	0.218224
1.582576	0.227069
1.384825	0.253605
1.186443	0.177158
0.980795	0.156309
0.787783	0.101027
0.577081	0.045114
0.381226	-0.100817
0.185055	-0.226211
-0.019642	-0.421409
-0.212945	-0.597656
-0.423304	-0.844338
-0.614396	-1.058804
-0.821913	-1.219574
-1.006056	-1.288114
-1.204413	-1.396768
-1.420457	-1.504790
-1.621972	-1.640924
-1.809590	-1.689881
-2.025319	-1.716413
-2.214515	-1.737259
-2.415399	-1.822856
-2.608386	-1.934353
-2.826326	-2.040480
-3.005415	-2.067959
-3.219249	-2.031004
-3.425818	-2.111863
-3.617226	-2.237257
-3.815898	-2.365494
-4.018677	-2.389183
-4.210084	-2.370548
-4.425181	-2.372443
-4.612484	-2.527212
-4.814630	-2.631759
-5.016146	-2.735991
-5.207869	-2.673452
-5.424861	-2.696826
-5.610268	-2.762207
-5.817153	-2.935927
-6.012351	-3.022156
-6.218604	-3.018681
-6.415697	-2.964038
-6.617212	-3.028473
-6.809567	-3.182926
-7.032245	-3.331061
-7.210387	-3.358541
-7.424537	-3.277682
-7.607732	-3.277050
-7.828515	-3.435925
-8.011395	-3.571111
-8.223017	-3.647548
-8.427059	-3.614067
-8.614676	-3.524680
-8.819982	-3.640599
-9.016443	-3.816530
-9.217958	-3.964034
-9.414736	-3.923289
-9.566346	-3.818425
-9.630149	-3.795368
-9.547079	-3.898968
-9.463694	-3.968456
-9.463378	-3.970351
-9.408103	-3.804843
-9.229329	-3.701243
-9.006652	-3.719878
-8.820298	-3.811792
-8.601411	-3.775469
-8.427375	-3.598590
-8.213541	-3.440663
-8.021502	-3.429924
-7.805457	-3.486146
-7.632369	-3.493411
-7.405585	-3.349697
-7.228391	-3.219565
-7.013610	-3.112490
-6.826308	-3.173134
-6.616580	-3.210721
-6.413170	-3.092907
-6.220815	-2.965302
-6.013614	-2.841487
-5.819995	-2.829800
-5.626692	-2.873072
-5.412859	-2.849067
-5.219872	-2.693035
-5.011092	-2.599542
-4.806734	-2.509524
-4.627960	-2.566377
-4.410020	-2.523737
-4.227141	-2.447932
-4.009517	-2.292216
-3.817477	-2.248944
-3.609645	-2.206935
-3.423923	-2.220517
-3.212932	-2.142817
-3.024683	-2.021528
-2.810217	-1.923298
-2.623547	-1.909400
-2.406239	-1.869602
-2.229045	-1.845913
-2.005104	-1.720203
-1.827910	-1.619130
-1.612813	-1.579332
-1.411929	-1.510792
-1.220521	-1.474468
-1.003529	-1.313067
-0.819070	-1.139663
-0.617871	-0.955835
-0.409723	-0.794749
-0.222105	-0.588812
-0.010167	-0.392666
0.195164	-0.169041
0.374277	-0.061335
0.595403	0.081758
0.778622	0.114927
0.986797	0.205589
1.179177	0.176526
1.398093	0.202745
1.574994	0.213170
1.786328	0.226122
1.979972	0.243180
2.187199	0.248234
2.377684	0.237178
2.592176	0.259922
2.777291	0.254236
2.992732	0.303832
3.174687	0.287721
3.386021	0.273822
3.586298	0.301937
3.782470	0.281087
3.987170	0.315520
4.178918	0.318363
4.386461	0.307307
4.581684	0.307623
4.781962	0.318363
4.990137	0.321838
5.187887	0.351532
5.378056	0.307939
5.590022	0.327524
5.776084	0.297830
5.988365	0.359114
6.181377	0.339528
6.390184	0.357534
6.584775	0.317415
6.788528	0.330051
6.982172	0.343951
7.184029	0.373961
7.380199	0.365116
7.591218	0.350584
7.780755	0.321838
7.992088	0.355007
8.175623	0.361325
8.385378	0.364168
8.585340	0.371118
8.783405	0.324681
8.987790	0.367643
9.181749	0.359429
9.383923	0.397969
9.578830	0.373329
9.782898	0.361009
9.983175	0.364484
9.787320	0.390071
9.577250	0.388176
9.387713	0.402075
9.184909	0.336685
8.985894	0.358482
8.782458	0.335106
8.591341	0.382806
8.376848	0.355007
8.184153	0.342055
7.980084	0.345846
7.788968	0.331315
7.584268	0.370802
7.385570	0.357534
7.182765	0.342371
6.987857	0.324681
6.781894	0.324049
6.593305	0.339528
6.391448	0.355007
6.184852	0.332894
5.985838	0.335421
5.785876	0.295619
5.580861	0.339212
5.382794	0.317731
5.189150	0.344267
4.981607	0.303200
4.787016	0.286142
4.579789	0.281403
4.392147	0.308886
4.180813	0.308254
3.987801	0.300041
3.784049	0.254552
3.589142	0.282983
3.375912	0.277613
3.183216	0.296250
2.981359	0.286774
2.788031	0.250130
2.584595	0.244760
2.386845	0.234335
2.184040	0.252657
1.983446	0.241285
1.780958	0.214118
1.584471	0.191057
1.384193	0.197691
1.188654	0.174631
0.984586	0.204009
0.783993	0.137355
0.583399	0.075756
0.382174	-0.058176
0.189162	-0.169357
-0.022485	-0.371188
-0.210102	-0.570493
-0.420462	-0.745476
-0.619134	-0.911615
-0.818123	-1.132082
-1.016479	-1.321279
-1.216415	-1.460255
-1.409402	-1.502895
-1.626710	-1.560381
-1.811801	-1.628605
-2.021213	-1.736312
-2.217990	-1.855705
-2.415715	-1.876867
-2.610597	-1.903083
-2.820009	-1.927404
-3.016786	-2.049008
-3.217985	-2.155135
-3.426134	-2.239468
-3.615646	-2.206935
-3.811476	-2.223991
-4.020888	-2.304850
-4.218613	-2.464672
-4.417601	-2.541425
-4.619432	-2.581854
-4.807682	-2.518999
-5.022462	-2.600174
-5.209133	-2.748941
-5.420755	-2.865808
-5.616269	-2.912238
-5.825681	-2.844330
-6.012035	-2.839592
-6.218288	-2.994992
-6.413802	-3.140917
-6.623529	-3.223671
-6.813042	-3.167133
-7.024981	-3.098277
-7.215756	-3.217038
-7.421694	-3.387915
-7.610259	-3.494042
-7.816828	-3.478565
-8.015817	-3.423923
-8.217963	-3.437189
-8.425163	-3.632703
-8.609623	-3.773890
-8.817140	-3.821899
-9.017707	-3.709139
-9.218591	-3.691136
-9.416947	-3.827269
-9.451059	-3.965613
-9.448849	-3.997199
-9.551186	-3.922657
-9.626675	-3.802316
-9.587193	-3.797263
-9.406208	-3.894546
-9.224908	-3.931817
-9.011390	-3.812424
-8.811138	-3.636493
-8.606464	-3.538578
-8.426427	-3.600485
-8.211330	-3.639967
-8.018343	-3.586272
-7.814617	-3.419185
-7.623525	-3.262205
-7.403690	-3.280209
-7.230917	-3.353487
-7.012031	-3.316848
-6.818096	-3.138390
-6.620371	-3.028789
-6.415381	-2.957090
-6.222078	-3.034158
-6.009508	-3.027841
-5.820627	-2.934980
-5.616901	-2.748941
-5.414754	-2.698720
-5.214502	-2.715777
-5.024673	-2.752100
-4.798522	-2.651342
-4.627960	-2.517104
-4.406862	-2.406239
-4.225245	-2.387920
-4.009201	-2.399922
-3.819688	-2.370232
-3.613120	-2.233151
-3.423923	-2.112810
-3.213563	-2.048060
-3.021208	-2.060063
-2.814008	-2.043954
-2.620704	-1.938774
-2.410029	-1.820645
-2.230624	-1.741681
-2.005420	-1.724309
-1.820961	-1.682932
-1.621025	-1.637765
-1.409402	-1.491209
-1.219574	-1.387608
-1.008899	-1.287482
-0.820965	-1.217679
-0.618502	-1.051539
-0.417303	-0.837074
-0.216104	-0.590391
-0.018379	-0.427095
0.191689	-0.224948
0.372065	-0.103028
0.596983	0.051116
0.768830	0.103238
0.993115	0.165786
1.178230	0.177474
1.396513	0.212538
1.575942	0.233387
1.783801	0.218224
1.984710	0.209379
2.185619	0.229281
2.378000	0.265609
2.595020	0.300357
2.776975	0.264661
2.993363	0.258975
3.177214	0.279824
3.383494	0.271295
3.588510	0.336369
3.773309	0.305411
3.992224	0.307623
4.178286	0.277613
4.381722	0.312361
4.582632	0.325629
4.788280	0.337317
4.982239	0.299409
5.194205	0.307623
5.368579	0.309834
5.598235	0.346162
5.779243	0.340476
5.997526	0.343319
6.172848	0.304464
6.395238	0.336685
6.582248	0.346478
6.783473	0.367959
6.982487	0.368275
7.186872	0.344267
7.378304	0.334474
7.596272	0.350269
7.781702	0.358798
7.992404	0.367959
8.175940	0.355007
8.385062	0.328788
8.586919	0.376172
8.782142	0.357534
8.992212	0.397969
9.176064	0.351532
9.385818	0.380279
9.582936	0.361325
9.784162	0.395126
9.981912	0.391019
9.787952	0.401128
9.575355	0.362588
9.387397	0.379015
9.171957	0.365431
8.991581	0.406182
8.782458	0.350584
8.591658	0.360693
8.380008	0.343951
8.185732	0.339528
7.982612	0.389124
7.786440	0.356902
7.589954	0.341739
7.387149	0.331631
7.181501	0.339528
6.996387	0.349953
6.776208	0.358166
6.590461	0.331947
6.389868	0.338580
6.178534	0.319627
5.991840	0.363536
5.776084	0.326260
5.590653	0.348057
5.379319	0.293723
5.189782	0.312045
4.978765	0.313625
4.785752	0.344582
4.582000	0.311098
4.381722	0.300673
4.177022	0.279824
3.994435	0.311413
3.781206	0.296566
3.590721	0.325629
3.375912	0.287721
3.188271	0.245707
2.980096	0.279192
2.784241	0.272242
2.594704	0.272558
2.383686	0.264661
2.182145	0.237494
1.985342	0.215697
1.779062	0.224226
1.583839	0.233387
1.387984	0.228017
1.179493	0.169892
0.988061	0.171156
0.779570	0.116506
0.584031	0.073544
0.375856	-0.071442
0.192637	-0.197468
-0.017431	-0.369609
-0.215788	-0.562280
-0.418882	-0.789064
-0.618187	-1.007635
-0.824124	-1.170300
-1.011110	-1.246421
-1.215468	-1.387292
-1.410034	-1.511423
-1.625447	-1.638713
-1.813696	-1.710727
-2.018370	-1.705674
-2.220517	-1.763159
-2.413820	-1.834543
-2.615019	-1.973518
-2.816218	-2.029109
-3.014259	-2.075855
-3.220196	-2.043006
-3.419185	-2.116285
-3.614383	-2.242942
-3.813687	-2.367073
-4.012044	-2.380339
-4.218613	-2.389499
-4.416337	-2.375917
-4.618484	-2.541109
-4.803576	-2.635234
-5.024990	-2.722726
-5.216397	-2.704090
-5.417912	-2.669978
-5.615322	-2.788107
-5.823470	-2.916660
-6.010771	-2.999414
-6.218288	-3.027209
-6.418224	-2.963407
-6.623529	-3.007310
-6.814305	-3.176924
-7.017716	-3.286842
-7.227443	-3.368964
-7.413797	-3.273260
-7.612786	-3.279577
-7.816828	-3.401497
-8.012974	-3.610593
-8.214805	-3.666499
-8.430218	-3.630176
-8.610887	-3.536367
-8.815876	-3.628596
-9.018970	-3.825374
-9.222065	-3.928342
-9.407472	-3.928974
-9.573295	-3.825374
-9.622568	-3.790630
-9.550553	-3.902127
-9.476644	-3.964666
-9.450111	-3.976668
-9.418842	-3.811160
-9.218591	-3.664604
-9.012653	-3.701243
-8.818402	-3.773890
-8.610887	-3.765677
-8.422637	-3.632703
-8.214173	-3.460562
-8.018974	-3.398338
-7.813669	-3.510467
-7.614997	-3.490252
-7.415061	-3.410973
-7.220179	-3.191138
-7.018348	-3.117860
-6.817464	-3.121334
-6.623529	-3.161448
-6.412539	-3.130494
-6.219552	-2.970040
-6.009824	-2.823167
-5.821575	-2.824431
-5.616585	-2.854121
-5.420755	-2.863597
-5.203447	-2.703143
-5.021515	-2.595120
-4.809893	-2.513946
-4.623538	-2.536687
-4.409389	-2.571431
-4.222719	-2.461830
-4.008569	-2.322222
-3.818109	-2.202513
-3.610909	-2.211989
-3.422343	-2.213568
-3.217038	-2.157346
-3.022156	-2.019633
-2.817798	-1.923929
-2.615967	-1.856652
-2.410661	-1.874024
-2.224939	-1.825383
-2.017422	-1.760317
-1.810222	-1.610917
-1.626078	-1.559433
-1.406875	-1.527216
-1.222416	-1.475732
-1.011741	-1.338019
-0.821281	-1.152297
-0.615344	-0.940674
-0.419514	-0.809910
-0.211050	-0.599235
-0.020906	-0.445730
0.192637	-0.218631
0.375856	-0.070179
0.590033	0.016051
0.775779	0.125351
0.989324	0.193900
1.180125	0.195164
1.390827	0.180633
1.584787	0.202114
1.785380	0.206220
1.979972	0.270979
2.187515	0.254236
2.385265	0.252341
2.585859	0.226438
2.778555	0.268452
2.986729	0.291196
3.187007	0.335106
3.375281	0.271611
3.594196	0.287405
3.778679	0.278244
3.992856	0.322470
4.177654	0.331631
4.386145	0.343003
4.582000	0.279508
4.786384	0.301937
4.976869	0.320574
5.198627	0.349005
5.369211	0.355639
5.593812	0.312993
5.774189	0.303516
5.993104	0.329419
6.178850	0.361641
6.394290	0.370802
6.586355	0.354059
6.785053	0.308254
6.985646	0.337001
7.178974	0.358482
7.388412	0.400812
7.588374	0.379015
7.781386	0.340792
7.987350	0.322470
8.182573	0.378067
8.377481	0.360061
8.593868	0.410604
8.775192	0.346162
9.001058	0.346162
9.171640	0.340160
9.387397	0.403023
9.578830	0.396073
9.787320	0.380594
9.984123	0.345530
9.792690	0.361009
9.575039	0.379963
9.387713	0.406498
9.172588	0.375224
8.993476	0.362273
8.772665	0.330683
8.588814	0.354059
8.384114	0.384069
8.180677	0.365747
7.985138	0.346162
7.784861	0.323417
7.589006	0.351848
7.388729	0.356271
7.183712	0.370802
6.988489	0.349005
6.777472	0.338580
6.582248	0.308570
6.395238	0.369538
6.175375	0.356271
5.993420	0.381226
5.775768	0.306675
5.588442	0.323417
5.375529	0.321522
5.191046	0.344582
4.980976	0.321206
4.788596	0.306991
4.578525	0.299409
4.390568	0.297198
4.170389	0.299725
3.996962	0.322154
3.768886	0.286142
3.593248	0.279508
3.380335	0.287089
3.184480	0.258343
2.984202	0.300357
2.782977	0.264345
2.588070	0.256448
2.383370	0.241285
2.182460	0.246339
1.986921	0.240337
1.776535	0.236862
1.578785	0.189478
1.397145	0.209695
1.172544	0.171788
0.994695	0.181580
0.776411	0.115558
0.590033	0.061540
0.371118	-0.084077
0.190110	-0.210102
-0.017115	-0.410670
-0.212313	-0.599551
-0.419830	-0.774850
-0.614080	-0.947307
-0.823492	-1.163036
-1.009215	-1.309592
-1.218626	-1.453306
-1.408139	-1.509844
-1.624499	-1.550905
-1.815591	-1.658296
-2.015843	-1.721782
-2.222096	-1.827278
-2.412872	-1.859495
-2.622600	-1.894871
-2.814639	-1.940670
-3.011732	-2.045218
-3.219249	-2.131446
-3.419501	-2.202829
-3.611224	-2.205356
-3.820952	-2.229361
-4.014255	-2.314326
-4.222403	-2.470674
-4.410652	-2.524369
-4.624802	-2.569220
-4.805470	-2.526580
-5.021515	-2.599542
-5.215765	-2.741361
-5.412543	-2.837065
-5.614690	-2.876547
-5.824101	-2.829169
-6.014878	-2.832327
-6.217340	-2.997835
-6.409380	-3.133021
-6.623213	-3.191138
-6.816201	-3.164606
-7.015505	-3.094171
-7.225548	-3.225882
-7.406848	-3.386968
-7.619103	-3.497201
-7.815565	-3.482671
-8.019922	-3.415079
-8.221753	-3.443506
-8.420110	-3.634598
-8.613413	-3.730618
-8.824088	-3.803580
-9.015180	-3.711350
-9.223644	-3.697453
-9.413789	-3.823795
-9.451691	-3.964982
-9.458324	-3.986144
-9.531286	-3.940029
-9.632676	-3.803580
-9.556555	-3.828848
-9.407472	-3.930869
-9.217958	-3.948557
-9.018023	-3.834218
-8.817771	-3.632387
-8.607728	-3.534788
-8.424216	-3.598906
-8.217015	-3.671553
-8.018343	-3.586904
-7.819039	-3.435293
-7.602678	-3.238200
-7.418851	-3.293475
-7.210387	-3.320322
-7.021822	-3.327587
-6.816516	-3.185452
-6.621950	-3.005731
-6.414433	-2.945719
-6.222078	-3.012996
-6.012035	-3.020261
-5.823470	-2.953931
-5.611216	-2.760944
-5.421387	-2.686086
-5.207869	-2.687034
-5.021199	-2.732833
-4.812735	-2.686086
-4.616590	-2.504154
-4.420760	-2.395816
-4.216718	-2.359177
-4.016466	-2.394553
-3.809897	-2.353492
-3.612804	-2.249891
-3.421080	-2.109336
-3.218933	-2.042691
-3.015207	-2.039848
-2.817166	-2.047113
-2.608070	-1.954251
-2.415399	-1.842755
-2.221464	-1.706937
-2.022160	-1.726520
-1.808011	-1.669035
-1.624815	-1.630500
-1.411613	-1.512371
-1.212309	-1.375290
-1.010794	-1.283692
-0.822860	-1.179460
-0.613449	-1.037326
-0.420462	-0.835810
-0.208207	-0.566071
-0.025328	-0.399299
0.192005	-0.242004
0.380279	-0.063862
0.582767	0.029635
0.783677	0.139566
0.987429	0.143357
1.182020	0.189162
1.387984	0.198955
1.576258	0.243496
1.780010	0.223910
1.985658	0.236862
2.179617	0.210959
2.388424	0.272874
2.584279	0.272874
2.786136	0.308886
2.985150	0.246971
3.192377	0.270347
3.371806	0.312361
3.589142	0.335421
3.780258	0.334158
3.992856	0.290564
4.177338	0.272874
4.388356	0.294039
4.578841	0.324049
4.790175	0.362904
4.977501	0.321838
5.193257	0.293723
5.379319	0.315520
5.584967	0.319627
5.782086	0.385965
5.988365	0.343951
6.182325	0.325945
6.387657	0.299725
6.597411	0.347741
6.781578	0.368590
6.981855	0.391651
7.181185	0.339844
7.387465	0.332894
7.594692	0.302252
7.786125	0.384069
7.982612	0.371118
8.192681	0.395126
8.371795	0.315204
8.596395	0.330367
8.779931	0.376172
8.993476	0.393546
9.175431	0.392283
9.388345	0.364484
9.576934	0.336685
9.788268	0.382806
9.981912	0.401759
9.785425	0.409341
9.577882	0.373645
9.386133	0.330367
9.177958	0.344898
8.993160	0.391019
8.778667	0.408709
8.592921	0.346794
8.383799	0.357534
8.176887	0.313309
7.986086	0.365431
7.783913	0.379015
7.588690	0.380279
7.389992	0.321522
7.182449	0.334790
6.983119	0.321206
6.786948	0.393862
6.579721	0.353743
6.397766	0.340476
6.181377	0.303200
5.991840	0.320890
5.776716	0.336685
5.630140	0.892029
5.375844	0.332578
5.196732	0.301937
4.980028	0.290564
4.789227	0.310466
4.580737	0.332262
4.388041	0.315204
4.172600	0.312045
3.996330	0.279824
3.778995	0.282351
3.590089	0.298778
3.384126	0.324681
3.177530	0.262766
2.986729	0.269399
2.785504	0.252025
2.589965	0.268452
2.385265	0.266240
2.181513	0.253920
1.988185	0.218224
1.781274	0.230544
1.574678	0.191373
1.392407	0.226753
1.172544	0.185687
0.993747	0.170840
0.775147	0.106082
0.588769	0.052063
0.376488	-0.069863
0.193269	-0.206628
-0.017747	-0.389192
-0.213893	-0.573967
-0.420146	-0.774535
-0.611870	-1.006688
-0.828862	-1.175038
-1.006056	-1.276428
-1.222416	-1.411929
-1.407507	-1.507317
-1.620077	-1.574910
