# Configuration automatically generated by WRITE_CONFIG()
connection eth
ip 192.168.0.10
samplehz 1000.000000
settleus 10.000000
nsample 128

# Analog Inputs
aichannel 0
ainegative 199
airange 10.000000
airesolution 0

aichannel 1
ainegative 199
airange 10.000000
airesolution 0

# Analog Outputs
aochannel 0
aosignal triangle
aofrequency 5.000000
aoamplitude 2.000000
aooffset 2.500000
aoduty 0.500000

# Meta Parameters
int:periods 10
flt:tip_T_C 458.621628
flt:plate_T_C 271.711542
flt:plate_Q_kW 0.423902
flt:cool_Thigh_C 47.035923
flt:cool_Tlow_C 13.401539
flt:air_psig 20.000000
flt:water_gph 2.500000
flt:standoff_in 0.228000
flt:oxygen_scfh 6.425781
flt:fuel_scfh 3.491844
flt:flow_scfh 9.917625
flt:ratio_fto 0.543412

## End Configuration ##
#: Wed Apr 12 17:33:58 2017
-7.616576	-2.967197
-9.900205	-3.505413
-9.793761	-3.575217
-9.618778	-3.576164
-9.415684	-3.512046
-9.218274	-3.378124
-9.019602	-3.287789
-8.814297	-3.331377
-8.614676	-3.344643
-8.420742	-3.304846
-8.215753	-3.171555
-8.013289	-3.057215
-7.814301	-3.067639
-7.613418	-3.083431
-7.416008	-3.059111
-7.217336	-2.950773
-7.015189	-2.810533
-6.814305	-2.802005
-6.617212	-2.813376
-6.414750	-2.808638
-6.209128	-2.720515
-6.006665	-2.594805
-5.812415	-2.543636
-5.617533	-2.544899
-5.414438	-2.549006
-5.216082	-2.463725
-5.009197	-2.335172
-4.812419	-2.262525
-4.614694	-2.259367
-4.416022	-2.230624
-4.214822	-2.163979
-4.014255	-2.111231
-3.815582	-2.034163
-3.611540	-1.998787
-3.418237	-1.950461
-3.210721	-1.878446
-3.015839	-1.799483
-2.817482	-1.739786
-2.614388	-1.686407
-2.411925	-1.648188
-2.214831	-1.595125
-2.018686	-1.524689
-1.814012	-1.468151
-1.615024	-1.387924
-1.412245	-1.322226
-1.211677	-1.219890
-1.010794	-1.096706
-0.810226	-0.981735
-0.611870	-0.819070
-0.412249	-0.632400
-0.214524	-0.494056
-0.013641	-0.352237
0.190110	-0.215472
0.379647	-0.092920
0.586874	-0.001007
0.791890	0.061540
0.987429	0.113031
1.188022	0.135776
1.386405	0.161363
1.586682	0.170840
1.786328	0.162943
1.981551	0.170208
2.185935	0.184424
2.387476	0.196112
2.585859	0.192953
2.788347	0.182844
2.982623	0.186319
3.184796	0.204957
3.383494	0.223595
3.587562	0.222647
3.789735	0.202745
3.985274	0.186951
4.183656	0.214118
4.389936	0.232124
4.587054	0.226753
4.787964	0.224858
4.991716	0.198323
5.187571	0.222331
5.384058	0.240653
5.583388	0.246655
5.783350	0.234967
5.986154	0.226122
6.189275	0.216961
6.392395	0.250130
6.590777	0.259291
6.787580	0.238126
6.984067	0.218540
7.187503	0.227385
7.388412	0.235599
7.590901	0.247918
7.784861	0.250130
7.982927	0.245075
8.182257	0.234651
8.387273	0.236230
8.585971	0.259922
8.790987	0.245707
8.984631	0.250762
9.183961	0.248866
9.382975	0.247918
9.579145	0.265924
9.786689	0.254236
9.986966	0.251709
9.785741	0.250446
9.584831	0.242232
9.382975	0.244128
9.185540	0.239389
8.990001	0.244760
8.784986	0.245075
8.592921	0.252025
8.386009	0.242548
8.184784	0.232440
7.984823	0.245075
7.789284	0.252657
7.585847	0.252341
7.385254	0.233071
7.188135	0.222647
6.993228	0.234019
6.784737	0.261818
6.589829	0.246655
6.388920	0.234335
6.184220	0.208747
5.987418	0.216961
5.788404	0.238126
5.584335	0.241601
5.383742	0.223910
5.186307	0.208116
4.988241	0.206852
4.786068	0.231808
4.592424	0.220120
4.382670	0.226122
4.184288	0.201166
3.991592	0.188214
3.785312	0.208432
3.588194	0.215697
3.387285	0.207168
3.189534	0.186319
2.984518	0.185687
2.790559	0.172420
2.585227	0.187582
2.390951	0.193585
2.191937	0.165154
1.984078	0.153466
1.787591	0.159468
1.581312	0.157257
1.387668	0.163259
1.186443	0.144621
0.985850	0.125667
0.782097	0.093762
0.585610	0.029003
0.378699	-0.055965
0.191373	-0.160197
-0.013325	-0.289382
-0.217683	-0.436254
-0.410986	-0.596077
-0.615976	-0.763164
-0.818123	-0.899613
-1.008267	-1.049644
-1.211677	-1.181039
-1.412561	-1.288114
-1.612813	-1.390451
-1.815275	-1.458360
-2.015843	-1.527216
-2.217358	-1.598915
-2.413188	-1.639660
-2.612808	-1.691776
-2.813060	-1.760001
-3.015523	-1.848756
-3.217354	-1.908453
-3.416026	-1.958673
-3.615646	-1.964990
-3.812424	-2.043638
-4.014571	-2.125129
-4.217349	-2.199986
-4.413811	-2.241679
-4.616590	-2.245153
-4.815578	-2.278318
-5.011724	-2.393921
-5.206606	-2.487414
-5.415701	-2.526264
-5.618164	-2.506997
-5.819995	-2.525316
-6.011719	-2.645657
-6.217340	-2.754943
-6.416960	-2.807374
-6.615317	-2.793161
-6.818096	-2.769472
-7.016452	-2.871493
-7.210703	-3.004468
-7.405585	-3.078694
-7.614049	-3.072376
-7.814617	-3.005100
-8.012974	-3.105225
-8.218595	-3.221144
-8.410003	-3.328535
-8.606149	-3.336747
-8.813981	-3.261889
-9.016128	-3.308004
-9.214800	-3.438768
-9.418210	-3.560372
-9.617515	-3.577428
-9.806080	-3.526891
-9.895782	-3.509519
-9.795973	-3.554686
-9.619094	-3.587851
-9.418210	-3.515836
-9.217643	-3.395496
-9.015812	-3.320638
-8.813664	-3.295054
-8.611834	-3.302950
-8.416636	-3.246728
-8.213541	-3.153551
-8.008552	-3.104909
-7.811142	-3.023419
-7.618155	-3.012996
-7.413166	-2.977936
-7.217020	-2.914765
-7.016768	-2.870229
-6.817148	-2.810533
-6.611843	-2.767893
-6.415381	-2.705038
-6.213550	-2.665240
-6.012982	-2.633655
-5.819048	-2.586276
-5.611847	-2.506681
-5.417912	-2.438141
-5.215450	-2.422032
-5.012987	-2.383814
-4.812735	-2.328855
-4.612484	-2.255577
-4.418233	-2.161768
-4.217033	-2.134604
-4.012044	-2.133341
-3.814635	-2.100808
-3.606171	-2.015527
-3.415710	-1.912874
-3.216090	-1.875604
-3.014575	-1.857284
-2.812428	-1.824435
-2.617862	-1.755263
-2.411293	-1.641240
-2.217358	-1.579648
-2.017738	-1.560697
-1.817486	-1.526900
-1.613760	-1.456149
-1.411297	-1.342441
-1.216731	-1.238841
-1.012373	-1.159561
-0.811490	-1.058804
-0.615660	-0.892348
-0.416356	-0.692097
-0.212313	-0.509848
-0.014273	-0.365187
0.188530	-0.222737
0.383753	-0.085656
0.586874	0.001836
0.783993	0.069122
0.983638	0.112399
1.192761	0.138935
1.391775	0.155677
1.583839	0.158204
1.787591	0.150939
1.990396	0.151255
2.186883	0.173683
2.385897	0.194532
2.591861	0.187582
2.787400	0.180001
2.983886	0.183792
3.184480	0.195480
3.380019	0.199587
3.592616	0.202114
3.788471	0.207800
3.987170	0.197691
4.181761	0.200850
4.390252	0.209063
4.584527	0.202745
4.786068	0.214118
4.988241	0.223595
5.195785	0.216329
5.383426	0.228965
5.584651	0.224226
5.785561	0.225490
5.983311	0.239073
6.188327	0.234335
6.392079	0.223595
6.592673	0.221067
6.786001	0.239073
6.979329	0.254868
7.185924	0.245391
7.387465	0.236862
7.592165	0.220751
7.783597	0.232440
7.985138	0.257079
8.188259	0.265609
8.387589	0.245391
8.584707	0.237494
8.789408	0.246023
8.992528	0.264029
9.179538	0.291196
9.384238	0.268768
9.586095	0.238758
9.785741	0.243496
9.988230	0.266240
9.787004	0.281403
9.583568	0.265924
9.382343	0.245707
9.182382	0.231808
8.986842	0.245707
8.791935	0.269715
8.584392	0.270979
8.383166	0.236230
8.186996	0.226753
7.987982	0.237494
7.786757	0.263081
7.586795	0.269083
7.387781	0.243180
7.188767	0.217593
6.981540	0.239073
6.790107	0.239389
6.584144	0.250130
6.388920	0.222647
6.187379	0.220120
5.987733	0.207168
5.782402	0.225806
5.587494	0.232755
5.383742	0.215065
5.185992	0.210643
4.985398	0.214118
4.791439	0.211591
4.581052	0.216645
4.382670	0.217908
4.183341	0.211591
3.984958	0.212538
3.787524	0.201482
3.585351	0.198955
3.384442	0.192005
3.184480	0.194216
2.982623	0.180633
2.791190	0.177158
2.588386	0.174947
2.385265	0.159152
2.186567	0.169892
1.983762	0.167365
1.787276	0.161679
1.576889	0.144621
1.387984	0.149991
1.187075	0.147148
0.988061	0.127562
0.784940	0.093130
0.587190	0.025212
0.386912	-0.077759
0.186951	-0.199048
-0.013009	-0.358238
-0.219578	-0.544277
-0.415092	-0.700309
-0.613765	-0.864869
-0.810226	-1.052802
-1.010794	-1.200938
-1.216099	-1.310540
-1.415719	-1.373711
-1.613760	-1.399927
-1.813064	-1.486787
-2.013316	-1.585017
-2.216095	-1.655453
-2.417294	-1.687986
-2.615019	-1.692092
-2.812744	-1.771372
-3.015839	-1.869918
-3.217354	-1.951409
-3.415710	-1.999103
-3.616594	-1.994365
-3.815266	-2.043322
-4.011096	-2.138079
-4.215138	-2.231256
-4.412548	-2.257788
-4.613747	-2.248628
-4.811156	-2.284003
-5.015830	-2.368021
-5.214502	-2.459619
-5.413806	-2.499732
-5.614058	-2.505102
-5.820943	-2.535424
-6.012667	-2.592278
-6.211023	-2.681349
-6.417592	-2.747994
-6.616265	-2.753363
-6.812095	-2.814323
-7.016452	-2.840855
-7.218599	-2.918555
-7.412850	-2.958353
-7.614997	-3.015523
-7.818407	-3.063848
-8.021186	-3.096381
-8.216700	-3.131757
-8.418530	-3.174713
-8.613729	-3.249887
-8.813033	-3.324113
-9.013917	-3.370859
-9.212274	-3.383178
-9.416947	-3.409393
-9.621621	-3.502254
-9.781444	-3.587219
-9.819345	-3.605223
-9.795656	-3.559424
-9.617199	-3.445085
-9.415051	-3.446033
-9.218906	-3.472248
-9.012653	-3.438136
-8.806085	-3.354750
-8.612782	-3.211984
-8.423584	-3.178819
-8.217332	-3.207562
-8.014553	-3.211984
-7.816828	-3.124177
-7.612786	-2.986148
-7.414429	-2.922346
-7.211650	-2.958985
-7.018032	-2.959616
-6.816201	-2.904658
-6.615001	-2.767893
-6.418540	-2.655764
-6.213866	-2.675663
-6.013299	-2.693983
-5.819364	-2.652290
-5.617217	-2.529423
-5.413175	-2.417610
-5.215765	-2.410029
-5.017725	-2.403081
-4.812419	-2.378760
-4.615642	-2.272001
-4.416337	-2.171559
-4.215454	-2.127971
-4.013307	-2.099229
-3.814635	-2.089121
-3.611224	-1.993417
-3.425818	-1.915401
-3.217670	-1.856336
-3.011101	-1.832647
-2.818114	-1.790955
-2.614388	-1.709464
-2.405923	-1.651347
-2.214831	-1.574910
-2.014895	-1.526584
-1.813696	-1.475416
-1.615339	-1.396768
-1.413508	-1.329175
-1.210098	-1.237577
-1.008267	-1.110288
-0.817491	-0.960257
-0.616607	-0.801066
-0.416671	-0.638401
-0.212629	-0.466576
-0.012693	-0.301069
0.188530	-0.165567
0.383437	-0.051859
0.584347	0.029003
0.782729	0.088391
0.985850	0.118401
1.187075	0.124403
1.387668	0.142094
1.589525	0.164206
1.786328	0.168945
1.982815	0.181265
2.186251	0.170524
2.383370	0.167049
2.587122	0.187267
2.787084	0.194532
2.986414	0.203061
3.187323	0.209063
3.380967	0.181580
3.587246	0.192953
3.789103	0.212854
3.987170	0.225806
4.184288	0.215697
4.382354	0.208432
4.584527	0.202114
4.786700	0.226438
4.988241	0.255184
5.191994	0.235283
5.381531	0.222963
5.585283	0.219172
5.787140	0.235599
5.983627	0.249498
6.188011	0.251393
6.390500	0.229597
6.591725	0.223910
6.784105	0.234967
6.985014	0.253920
7.185292	0.248234
7.385885	0.234019
7.585847	0.217593
7.791495	0.220751
7.982612	0.246655
8.187311	0.266872
8.383166	0.250130
8.586287	0.243180
8.789723	0.236230
8.986526	0.257395
9.187752	0.261186
9.386450	0.259607
9.583884	0.249814
9.786057	0.243496
9.988862	0.249814
9.780371	0.253920
9.584516	0.240021
9.384870	0.254236
9.186804	0.235914
8.986210	0.237178
8.786880	0.248550
8.586603	0.240021
8.382218	0.252657
8.184468	0.255184
7.989561	0.232124
7.787072	0.231176
7.587742	0.241285
7.387465	0.251393
7.183712	0.242232
6.984383	0.239389
6.785053	0.228649
6.583196	0.219804
6.386709	0.235599
6.187063	0.243180
5.988681	0.227701
5.782086	0.217593
5.587494	0.207168
5.383110	0.224226
5.187887	0.239073
4.987609	0.237810
4.787964	0.218856
4.583580	0.204957
4.383934	0.218856
4.181445	0.229912
3.986854	0.231492
3.787524	0.214434
3.588826	0.181580
3.384757	0.183476
3.184796	0.201482
2.984518	0.205273
2.788347	0.191689
2.587754	0.166418
2.385265	0.163259
2.184040	0.167997
1.985342	0.175578
1.783801	0.174315
1.582891	0.149043
1.387352	0.139251
1.185811	0.154729
0.988061	0.122824
0.781781	0.101659
0.583715	0.035005
0.383753	-0.055965
0.190426	-0.160513
-0.012062	-0.309913
-0.213577	-0.483948
-0.416671	-0.626715
-0.614396	-0.783694
-0.809594	-0.947623
-1.005424	-1.093548
-1.207255	-1.214836
-1.411613	-1.312119
-1.618182	-1.390767
-1.815275	-1.456780
-2.016475	-1.525953
-2.217042	-1.581227
-2.410661	-1.642503
-2.609650	-1.709780
-2.814008	-1.763475
-3.018997	-1.792218
-3.217038	-1.854125
-3.417606	-1.935300
-3.614067	-1.996892
-3.814319	-2.054061
-4.014571	-2.075224
-4.215138	-2.116601
-4.418549	-2.195248
-4.617853	-2.290952
-4.807682	-2.342752
-5.013303	-2.374338
-5.216082	-2.373075
-5.415070	-2.458355
-5.617217	-2.572379
-5.819364	-2.638392
-6.011403	-2.655764
-6.213550	-2.624495
-6.416960	-2.700616
-6.614686	-2.817166
-6.816833	-2.911291
-7.017084	-2.955826
-7.219231	-2.900236
-7.411586	-2.924241
-7.613418	-3.052794
-7.814301	-3.170607
-8.013605	-3.218933
-8.221753	-3.152920
-8.416951	-3.147234
-8.611202	-3.263153
-8.814297	-3.462457
-9.015812	-3.451086
-9.214169	-3.434030
-9.419158	-3.371491
-9.618778	-3.476986
-9.778916	-3.593852
-9.793130	-3.645337
-9.796604	-3.558161
-9.616251	-3.436557
-9.415368	-3.412552
-9.216063	-3.421080
-9.012653	-3.436557
-8.815560	-3.324113
-8.606149	-3.233146
-8.416320	-3.175661
-8.218595	-3.160184
-8.016132	-3.157657
-7.809247	-3.067955
-7.612154	-2.996887
-7.412534	-2.937823
-7.218599	-2.897709
-7.017716	-2.882548
-6.815253	-2.809901
-6.614686	-2.763787
-6.412854	-2.715145
-6.213866	-2.639340
-6.013299	-2.605859
-5.819995	-2.543952
-5.618164	-2.517104
-5.415701	-2.479833
-5.213554	-2.410661
-5.011724	-2.338331
-4.809893	-2.293795
-4.614063	-2.280845
-4.414443	-2.226202
-4.215138	-2.171243
-4.012044	-2.084068
-3.817162	-2.023108
-3.613435	-2.013632
-3.418237	-1.983626
-3.221144	-1.929299
-3.015207	-1.841175
-2.813060	-1.754631
-2.606175	-1.739154
-2.414136	-1.702515
-2.219569	-1.655453
-2.013000	-1.567014
-1.815907	-1.461834
-1.614392	-1.417299
-1.415088	-1.379080
-1.212625	-1.292852
-1.014584	-1.203149
-0.818123	-0.991527
-0.616607	-0.844023
-0.411302	-0.713891
-0.216420	-0.552489
-0.011114	-0.376874
0.190110	-0.215156
0.382490	-0.088183
0.584663	0.006575
0.784624	0.077967
0.984902	0.127247
1.192129	0.130405
1.385457	0.143041
1.583839	0.151570
1.782853	0.180633
1.991660	0.177790
2.190358	0.168313
2.382738	0.186319
2.588701	0.178737
2.789927	0.188846
2.981675	0.208432
3.184796	0.198007
3.391391	0.184424
3.582824	0.187267
3.786576	0.205589
3.990012	0.215381
4.189658	0.194848
4.386461	0.204325
4.585159	0.220120
4.788280	0.212538
4.983503	0.229281
5.185992	0.227701
5.389112	0.227069
5.584020	0.240337
5.782718	0.234019
5.987102	0.232124
6.186431	0.229597
6.387025	0.241285
6.596779	0.240969
6.781262	0.226438
6.984699	0.225174
7.186872	0.227701
7.387465	0.240021
7.585215	0.253289
7.791811	0.254868
7.985770	0.228649
8.184468	0.234019
8.384114	0.262450
8.588498	0.266556
8.784986	0.263397
8.986842	0.244444
9.182697	0.251709
9.384870	0.252657
9.585148	0.275401
9.787637	0.279824
9.986650	0.244444
9.784162	0.230228
9.584200	0.245707
9.387081	0.245075
9.187752	0.275401
8.984631	0.254236
8.790671	0.233703
8.592289	0.225806
8.385694	0.254236
8.183520	0.274770
7.986402	0.248550
7.786440	0.228017
7.594060	0.235599
7.387465	0.245075
7.184976	0.255500
6.985331	0.246023
6.783789	0.215065
6.589198	0.215381
6.389552	0.217908
6.189275	0.228649
5.985522	0.231176
5.785245	0.210011
5.590969	0.214749
5.385953	0.216645
5.185360	0.230544
4.983819	0.234019
4.786700	0.218224
4.584527	0.212854
4.384565	0.203061
4.184288	0.216961
3.990328	0.215381
3.786260	0.205589
3.585983	0.201166
3.392023	0.190741
3.180057	0.187582
2.983255	0.189478
2.788663	0.174631
2.588070	0.175578
2.387476	0.174947
2.185303	0.167049
1.984710	0.158520
1.779378	0.155993
1.581944	0.174947
1.387984	0.157572
1.185811	0.139882
0.985534	0.111452
0.782413	0.073228
0.583083	-0.003218
0.382174	-0.119452
0.186319	-0.248321
-0.008587	-0.398984
-0.214840	-0.559438
-0.415092	-0.742949
-0.616291	-0.914142
-0.816227	-1.057224
-1.009215	-1.141242
-1.212625	-1.256529
-1.415088	-1.386029
-1.614076	-1.477627
-1.813696	-1.534165
-2.015211	-1.531954
-2.217042	-1.585649
-2.412241	-1.670930
-2.612176	-1.766950
-2.815587	-1.822540
-3.015207	-1.826962
-3.214511	-1.848440
-3.423291	-1.939406
-3.609013	-2.049008
-3.816214	-2.129551
-4.018677	-2.118812
-4.216402	-2.119443
-4.415390	-2.211673
-4.616273	-2.296954
-4.811788	-2.380023
-5.006354	-2.368968
-5.217029	-2.372759
-5.415386	-2.429928
-5.615637	-2.518999
-5.825049	-2.613124
-6.010140	-2.616598
-6.211023	-2.635865
-6.416960	-2.686718
-6.613106	-2.768209
-6.816201	-2.856648
-7.018348	-2.880337
-7.221126	-2.907185
-7.410955	-2.949825
-7.608048	-3.003520
-7.815565	-3.062585
-8.018974	-3.110911
-8.213857	-3.171239
-8.422637	-3.216090
-8.613097	-3.242306
-8.813033	-3.291895
-9.015496	-3.353171
-9.218591	-3.426450
-9.416631	-3.484251
-9.618463	-3.510467
-9.808290	-3.516152
-9.877779	-3.535735
-9.787128	-3.572374
-9.619410	-3.554055
-9.415999	-3.502570
-9.220486	-3.399602
-9.013600	-3.308004
-8.813664	-3.332009
-8.612149	-3.342432
-8.416004	-3.280841
-8.215436	-3.171871
-8.020238	-3.049319
-7.816196	-3.060058
-7.613733	-3.069218
-7.413482	-3.050267
-7.218599	-2.938454
-7.018032	-2.802637
-6.819991	-2.803268
-6.614686	-2.831695
-6.414750	-2.810849
-6.206601	-2.714513
-6.014562	-2.573642
-5.819995	-2.543636
-5.614058	-2.551848
-5.413490	-2.552164
-5.213871	-2.469094
-5.011092	-2.347806
-4.811788	-2.274212
-4.615958	-2.271685
-4.415074	-2.264105
-4.214191	-2.214515
-4.013307	-2.099229
-3.818109	-2.023739
-3.613751	-2.001314
-3.410025	-1.986469
-3.217985	-1.935300
-3.016470	-1.834543
-2.813060	-1.754000
-2.613440	-1.714202
-2.411925	-1.671562
-2.217358	-1.627658
-2.018686	-1.543325
-1.811801	-1.481733
-1.603969	-1.406560
-1.417930	-1.325385
-1.211677	-1.224627
-1.012373	-1.083756
-0.817491	-0.939727
-0.610922	-0.768533
-0.413197	-0.606816
-0.215472	-0.437834
-0.010798	-0.285592
0.187898	-0.146300
0.380910	-0.034172
0.584031	0.051432
0.789679	0.093446
0.983006	0.125667
1.185811	0.141462
1.394302	0.144621
1.581312	0.162311
1.783801	0.155361
1.985342	0.166418
2.186883	0.186319
2.388740	0.203061
2.585859	0.196112
2.790243	0.184108
2.983255	0.180001
3.183532	0.199902
3.389496	0.213170
3.587878	0.212854
3.786892	0.197691
3.992856	0.188214
4.180182	0.211591
4.384565	0.228965
4.587370	0.235914
4.784489	0.216645
4.984450	0.206536
5.189150	0.234335
5.382478	0.238758
5.582440	0.255500
5.785561	0.240337
5.991209	0.223595
6.187063	0.236546
6.390184	0.250762
6.592357	0.259922
6.786001	0.244128
6.986594	0.219172
7.186240	0.230544
7.387465	0.240653
7.582057	0.256132
7.788968	0.251709
7.994931	0.224858
8.180677	0.229281
8.383482	0.251709
8.592605	0.256764
8.783405	0.259607
8.987473	0.248550
9.183329	0.240337
9.382659	0.242548
9.585464	0.252973
9.789216	0.252657
9.986966	0.255184
9.784162	0.246023
9.585148	0.235599
9.386450	0.244760
9.184592	0.231808
8.994740	0.230860
8.791303	0.240653
8.585971	0.239389
8.386957	0.245707
8.184784	0.242548
7.979768	0.243496
7.790863	0.258343
7.588374	0.249498
7.386833	0.235599
7.185292	0.226122
6.987857	0.236546
6.785685	0.236862
6.588882	0.239389
6.387973	0.224226
6.191486	0.198955
5.989313	0.214749
5.785245	0.229912
5.585599	0.237178
5.381531	0.222647
5.187571	0.198639
4.986978	0.212854
4.784489	0.232755
4.583263	0.235599
4.389304	0.228017
4.182077	0.204957
3.985906	0.200850
3.787840	0.214434
3.585351	0.217908
3.383810	0.211591
3.186059	0.185055
2.977569	0.174947
2.788031	0.180001
2.595651	0.185371
2.383370	0.186951
2.186883	0.170840
1.985658	0.154414
1.782853	0.149359
1.590157	0.157572
1.393354	0.169892
1.185811	0.144305
0.984902	0.114611
0.787152	0.078915
0.584031	0.003100
0.381542	-0.080602
0.190110	-0.194310
-0.010167	-0.335497
-0.209471	-0.482369
-0.414460	-0.645666
-0.615976	-0.820649
-0.818754	-0.945096
-1.014584	-1.068279
-1.213257	-1.169984
-1.415088	-1.308013
-1.617235	-1.392978
-1.814960	-1.451095
-2.014264	-1.513634
-2.210093	-1.578384
-2.413188	-1.615024
-2.613124	-1.694935
-2.817798	-1.743892
-3.019629	-1.814644
-3.217985	-1.880026
-3.417290	-1.924561
-3.611224	-1.982678
-3.815898	-2.034163
-4.013939	-2.113758
-4.211348	-2.176929
-4.416337	-2.214200
-4.616590	-2.228413
-4.811472	-2.283056
-5.010144	-2.378444
-5.214186	-2.447616
-5.413490	-2.494047
-5.621954	-2.498469
-5.820311	-2.527527
-6.012982	-2.638077
-6.215445	-2.741045
-6.417908	-2.785581
-6.615001	-2.772315
-6.813990	-2.777052
-7.019927	-2.880337
-7.219231	-2.991834
-7.412218	-3.067323
-7.612154	-3.059427
-7.815248	-3.010469
-8.018343	-3.100803
-8.219227	-3.235989
-8.417583	-3.327271
-8.609939	-3.327903
-8.811769	-3.236305
-9.015812	-3.296001
-9.215116	-3.443190
-9.418842	-3.557845
-9.617199	-3.575217
-9.812713	-3.498464
-9.900836	-3.504781
-9.796920	-3.548054
-9.617199	-3.579955
-9.422001	-3.527523
-9.219538	-3.376860
-9.010758	-3.296001
-8.806085	-3.297897
-8.614992	-3.305793
-8.418847	-3.262205
-8.217332	-3.146602
-8.009500	-3.074588
-7.813669	-3.032263
-7.614365	-3.030368
-7.414429	-2.997203
-7.218915	-2.886338
-7.020875	-2.849699
-6.812410	-2.790003
-6.614369	-2.770104
-6.414118	-2.732517
-6.211971	-2.657344
-6.013614	-2.627337
-5.817784	-2.572379
-5.614058	-2.514261
-5.415070	-2.459619
-5.213239	-2.423927
-5.014566	-2.372443
-4.811788	-2.325065
-4.616590	-2.243574
-4.421075	-2.189247
-4.214191	-2.149450
-4.014571	-2.142817
-3.810213	-2.096702
-3.607118	-2.010158
-3.418869	-1.918244
-3.216090	-1.884448
-3.018049	-1.861706
-2.814008	-1.815275
-2.616598	-1.750209
-2.413188	-1.641555
-2.215779	-1.594493
-2.016475	-1.570804
-1.819066	-1.535112
-1.611549	-1.453622
-1.413193	-1.348442
-1.213257	-1.238841
-1.011110	-1.160825
-0.816227	-1.058172
-0.614396	-0.896454
-0.414460	-0.680410
-0.213261	-0.507638
-0.012693	-0.366451
0.189794	-0.218315
0.385965	-0.097658
0.581188	0.013208
0.786836	0.069122
0.988693	0.110820
1.183916	0.131037
1.390511	0.174631
1.586366	0.167365
1.779378	0.151570
1.983131	0.166733
2.186251	0.182212
2.383686	0.208432
2.585543	0.191373
2.789611	0.182528
2.983886	0.183160
3.183532	0.192953
3.387916	0.205273
3.588510	0.207484
3.784997	0.201482
3.989697	0.198323
4.178918	0.203693
4.385829	0.211906
4.584843	0.217593
4.783541	0.217908
4.984135	0.216961
5.185992	0.233387
5.383742	0.227385
5.581176	0.226122
5.785245	0.231492
5.988681	0.240969
6.186116	0.226122
6.389236	0.229281
6.588566	0.230544
6.785369	0.232124
6.983119	0.242864
7.188451	0.244128
7.386517	0.224226
7.588690	0.223595
7.789284	0.243180
7.978189	0.249498
8.187943	0.256132
8.386009	0.250762
8.585655	0.236230
8.787512	0.248234
8.990633	0.269399
9.188383	0.265924
9.383290	0.268768
9.584516	0.242232
9.780371	0.244128
9.985387	0.273506
9.786689	0.285510
9.583568	0.267188
9.382659	0.235914
9.183645	0.233071
8.988421	0.254552
8.790039	0.264345
8.586919	0.269715
8.388221	0.235914
8.180994	0.222963
7.984507	0.246339
7.788968	0.262766
7.591218	0.275401
7.383674	0.241285
7.184029	0.226753
6.985014	0.245707
6.782210	0.244760
6.588882	0.247287
6.393027	0.216329
6.185168	0.223595
5.991209	0.216329
5.790615	0.224226
5.582440	0.242232
5.382794	0.232124
5.195153	0.219172
4.983187	0.224226
4.787016	0.221067
4.583895	0.240969
4.383934	0.216013
4.182393	0.214118
3.988117	0.198955
3.785312	0.205589
3.588194	0.206852
3.387600	0.190110
3.181637	0.195480
2.985466	0.185055
2.789611	0.180317
2.582700	0.166733
2.393162	0.172420
2.184988	0.172735
1.985658	0.171156
1.781590	0.164522
1.584155	0.164522
1.389879	0.137671
1.184548	0.149675
0.985850	0.135776
0.785888	0.096605
0.581820	0.040691
0.382490	-0.050596
0.194216	-0.181991
-0.017115	-0.339287
-0.213577	-0.520903
-0.412881	-0.682937
-0.622609	-0.847181
-0.817807	-1.036062
-1.009215	-1.198727
-1.216415	-1.304539
-1.408139	-1.365814
-1.612181	-1.403085
-1.818434	-1.487103
-2.016159	-1.591334
-2.217358	-1.657348
-2.412872	-1.685459
-2.614703	-1.688302
-2.813060	-1.775162
-3.020261	-1.870234
-3.219565	-1.945723
-3.417606	-1.978888
-3.614699	-1.967201
-3.810213	-2.032268
-4.013623	-2.118180
-4.218613	-2.223675
-4.416337	-2.263473
-4.618484	-2.252734
-4.813683	-2.290952
-5.011408	-2.379392
-5.213871	-2.471305
-5.415701	-2.514893
-5.615005	-2.510471
-5.818416	-2.536687
-6.013614	-2.615967
-6.215761	-2.705669
-6.414118	-2.769788
-6.616580	-2.776105
-6.816833	-2.812744
-7.018979	-2.872441
-7.217020	-2.964986
-7.412218	-2.997519
-7.616892	-3.015207
-7.811774	-3.072061
-8.017395	-3.099856
-8.214805	-3.168080
-8.423584	-3.204404
-8.614045	-3.256204
-8.813033	-3.354435
-9.015180	-3.368332
-9.211641	-3.397075
-9.418210	-3.437189
-9.618778	-3.512046
-9.784602	-3.584693
-9.832612	-3.590694
-9.803553	-3.541736
-9.617199	-3.448559
-9.414420	-3.427081
-9.215116	-3.449823
-9.016128	-3.413499
-8.814297	-3.320954
-8.603937	-3.212932
-8.417268	-3.183241
-8.215436	-3.215775
-8.012341	-3.192401
-7.817460	-3.114069
-7.614681	-2.953931
-7.411271	-2.919187
-7.223653	-2.952668
-7.018348	-2.950457
-6.806093	-2.890760
-6.612159	-2.759681
-6.415065	-2.685139
-6.212918	-2.696194
-6.009824	-2.706933
-5.816521	-2.654185
-5.613426	-2.535740
-5.420439	-2.417294
-5.213239	-2.414136
-5.013935	-2.421084
-4.813999	-2.380655
-4.617221	-2.268842
-4.416337	-2.155451
-4.217349	-2.138079
-4.013307	-2.128603
-3.806107	-2.102703
-3.614067	-1.995944
-3.418553	-1.908137
-3.214195	-1.867076
-3.017418	-1.830436
-2.814323	-1.805168
-2.614703	-1.712623
-2.412872	-1.638397
-2.217674	-1.562908
-2.013316	-1.527532
-1.815591	-1.475100
-1.614708	-1.393294
-1.413193	-1.297590
-1.212941	-1.182303
-1.010794	-1.064805
-0.810858	-0.947939
-0.615660	-0.790643
-0.418567	-0.618187
-0.208207	-0.457417
-0.011430	-0.301700
0.185687	-0.171568
0.381226	-0.054702
0.584663	0.032162
0.785256	0.092814
0.986481	0.123140
1.191181	0.137355
1.386405	0.145568
1.581944	0.165154
1.784433	0.175578
1.983131	0.174315
2.184988	0.183476
2.387161	0.178106
2.585543	0.181265
2.788347	0.197691
2.985150	0.201166
3.181637	0.192005
3.386969	0.187898
3.587878	0.199902
3.785944	0.210011
3.990012	0.226753
4.183972	0.214749
4.380459	0.199587
4.585159	0.209063
4.784489	0.233703
4.985082	0.251709
5.188835	0.243180
5.385005	0.223279
5.584651	0.216013
5.782718	0.246971
5.986786	0.269083
6.189275	0.254236
6.387657	0.229912
6.590146	0.221067
6.783789	0.233703
6.986910	0.256764
7.186240	0.263397
7.385254	0.237494
7.588058	0.224858
7.794022	0.237178
7.986718	0.267504
8.182257	0.265609
8.387589	0.244760
8.586603	0.240337
8.786880	0.238442
8.984631	0.262134
9.180486	0.272558
9.383923	0.258975
9.580409	0.246023
9.783214	0.244444
9.988862	0.249814
9.781950	0.257395
9.589254	0.240969
9.383923	0.246023
9.183961	0.239389
8.983999	0.241916
8.787828	0.251709
8.587867	0.244760
8.386957	0.245707
8.183837	0.249498
7.985770	0.241601
7.786757	0.236230
7.586795	0.240653
7.389360	0.244444
7.182449	0.244444
6.985646	0.234019
6.786001	0.224542
6.592988	0.214749
6.388920	0.236546
6.189275	0.229912
5.987733	0.224542
5.782086	0.215065
5.585599	0.220751
5.381846	0.221699
5.186307	0.233703
4.987609	0.236230
4.786700	0.218540
4.585159	0.199587
4.384881	0.211591
4.183656	0.238758
3.983063	0.228649
3.786576	0.210327
3.594196	0.181265
3.388864	0.192953
3.184480	0.217908
2.985150	0.205589
2.786768	0.185687
2.587438	0.166418
2.392215	0.163259
2.185619	0.173999
1.984078	0.184108
1.780326	0.172420
1.581944	0.158836
1.389248	0.138935
1.185495	0.144621
0.986797	0.126299
0.783993	0.085232
0.589401	0.012577
0.385017	-0.057861
0.189478	-0.186098
-0.015220	-0.328548
-0.212313	-0.483317
-0.416987	-0.634295
-0.617555	-0.781483
-0.815596	-0.945728
-1.010478	-1.108077
-1.210098	-1.224943
-1.412561	-1.316541
-1.613128	-1.393610
-1.817486	-1.454254
-2.015211	-1.541430
-2.219253	-1.595756
-2.415083	-1.647241
-2.614072	-1.704095
-2.812112	-1.766318
-3.013312	-1.833911
-3.216090	-1.878130
-3.415710	-1.943512
-3.617542	-2.014264
-3.810213	-2.072065
-4.007306	-2.108388
-4.215138	-2.142501
-4.415074	-2.229361
-4.621011	-2.294743
-4.811788	-2.344964
-5.012671	-2.365494
-5.213554	-2.388867
-5.415070	-2.454881
-5.618164	-2.570168
-5.820943	-2.623547
-6.012351	-2.636813
-6.211655	-2.633339
-6.417592	-2.704406
-6.608368	-2.827905
-6.816833	-2.909395
-7.018032	-2.925188
-7.218915	-2.893919
-7.410639	-2.946982
-7.614681	-3.064480
-7.811142	-3.173766
-8.015817	-3.203456
-8.220490	-3.141233
-8.417583	-3.149445
-8.611518	-3.290632
-8.815244	-3.398970
-9.012653	-3.456772
-9.213536	-3.386336
-9.417263	-3.373386
-9.619725	-3.497517
-9.762177	-3.615962
-9.780811	-3.661129
-9.791551	-3.575533
-9.618463	-3.442242
-9.415684	-3.445085
-9.213536	-3.448875
-9.014233	-3.442874
-8.813664	-3.316532
-8.614045	-3.196507
-8.418215	-3.155446
-8.211015	-3.166817
-8.017079	-3.152288
-7.814617	-3.068902
-7.616892	-2.984885
-7.412850	-2.920135
-7.217652	-2.909080
-7.012978	-2.909711
-6.815885	-2.830116
-6.613422	-2.761891
-6.411907	-2.706617
-6.213550	-2.659239
-6.011403	-2.643762
-5.819995	-2.566377
-5.618164	-2.515209
-5.411911	-2.483308
-5.214186	-2.411609
-5.013303	-2.353807
-4.810840	-2.295058
-4.612799	-2.261578
-4.416022	-2.224623
-4.212612	-2.157346
-4.013307	-2.080277
-3.814635	-2.011737
-3.611224	-1.996892
-3.417290	-1.956778
-3.219565	-1.902767
-3.014259	-1.808327
-2.813060	-1.738523
-2.617230	-1.723993
-2.411609	-1.692724
-2.217674	-1.630185
-2.017422	-1.548378
-1.812433	-1.452043
-1.612813	-1.412877
-1.410034	-1.382555
-1.210414	-1.293484
-1.012689	-1.146611
-0.817175	-0.979208
-0.616923	-0.864553
-0.416671	-0.732842
-0.213577	-0.580916
-0.014273	-0.403090
0.187582	-0.236318
0.385649	-0.127349
0.585610	-0.005745
0.787152	0.059013
0.989956	0.111452
1.183284	0.136092
1.387668	0.137987
1.580364	0.157257
1.784433	0.176210
1.984078	0.187582
2.190042	0.178106
2.392531	0.160731
2.587754	0.189478
2.789295	0.199587
2.984518	0.208116
3.183532	0.197375
3.386337	0.188214
3.591985	0.196112
3.785944	0.205273
3.990328	0.213802
4.185236	0.204009
4.381091	0.210327
4.584843	0.208432
4.793018	0.220436
4.986030	0.229281
5.190730	0.219804
5.383742	0.230860
5.583388	0.227385
5.789351	0.224226
5.986786	0.240653
6.188959	0.227069
6.387657	0.232124
6.588250	0.238126
6.788528	0.220120
6.984067	0.232755
7.185924	0.232755
7.386517	0.243812
7.590586	0.238126
7.783913	0.236546
7.984191	0.230544
8.186048	0.246339
8.380639	0.253920
8.586603	0.262450
8.788460	0.258975
8.986210	0.254236
9.181749	0.239073
9.383290	0.258343
9.581041	0.277297
9.786373	0.284562
9.987914	0.243180
9.788584	0.223910
9.583884	0.253605
9.385186	0.270347
9.179222	0.276981
8.989369	0.247287
8.786249	0.227385
8.584392	0.236546
8.385378	0.259607
8.184468	0.269715
7.985455	0.258659
7.788968	0.227701
7.587111	0.238126
7.387465	0.254552
7.185292	0.264977
6.984699	0.248866
6.784421	0.228333
6.589198	0.216645
6.389868	0.237178
6.182325	0.246339
5.988365	0.236862
5.782402	0.216013
5.586231	0.204009
5.381846	0.224858
5.188203	0.238126
4.990452	0.240337
4.784805	0.219488
4.584527	0.212222
4.385829	0.209379
4.182709	0.217593
3.985274	0.223595
3.786260	0.203061
3.585035	0.191373
3.383810	0.187267
3.184164	0.195796
2.981991	0.185371
2.794981	0.179053
2.588701	0.180001
2.385581	0.185371
2.189726	0.169576
1.986605	0.164838
1.791066	0.153782
1.585103	0.158520
1.388616	0.164838
1.183284	0.138935
0.985534	0.131985
0.783045	0.087444
0.585610	0.008154
0.380594	-0.094184
0.187898	-0.223684
-0.014904	-0.376874
-0.218946	-0.541750
-0.415408	-0.721471
-0.615344	-0.892348
-0.819702	-1.038589
-1.016479	-1.128923
-1.210730	-1.257160
-1.412245	-1.388240
-1.613444	-1.464045
-1.810222	-1.520583
-2.016159	-1.523742
-2.220833	-1.587860
-2.406239	-1.689881
-2.612176	-1.763475
-2.817482	-1.817486
-3.016470	-1.815275
-3.216090	-1.852230
-3.420132	-1.946039
-3.611540	-2.051219
-3.813056	-2.114390
-4.010780	-2.113126
-4.207242	-2.119443
-4.419812	-2.208830
-4.621011	-2.318432
-4.813051	-2.387604
-5.012355	-2.380655
-5.216082	-2.380023
-5.413806	-2.452354
-5.615637	-2.561324
-5.816837	-2.652290
-6.013930	-2.635234
-6.213866	-2.651658
-6.417592	-2.706933
-6.615001	-2.797899
-6.814305	-2.885706
-7.021506	-2.941929
-7.218284	-2.927083
-7.413482	-2.945719
-7.616892	-3.017102
-7.813985	-3.095118
-8.017395	-3.116912
-8.212910	-3.152288
-8.419163	-3.202193
-8.610887	-3.240411
-8.812717	-3.300739
-9.018655	-3.342432
-9.217643	-3.418869
-9.412525	-3.476986
-9.614987	-3.506361
-9.801973	-3.538578
-9.873988	-3.543947
-9.785865	-3.574901
-9.618146	-3.554055
-9.417263	-3.490884
-9.216379	-3.378440
-9.013917	-3.321902
-8.809243	-3.343380
-8.614045	-3.322533
-8.418847	-3.259047
-8.216068	-3.136495
-8.019291	-3.051530
-7.816512	-3.063217
-7.612470	-3.078378
-7.416008	-3.021524
-7.219231	-2.916028
-7.014557	-2.810217
-6.810515	-2.821904
-6.615949	-2.835801
-6.413170	-2.804216
-6.211023	-2.716724
-6.012667	-2.578380
-5.819048	-2.554375
-5.615953	-2.573326
-5.417597	-2.559745
-5.205974	-2.470042
-5.012039	-2.322538
-4.812735	-2.287478
-4.618169	-2.289057
-4.410020	-2.280213
-4.209769	-2.212936
-4.012991	-2.078382
-3.814319	-2.018370
-3.609013	-2.012685
-3.414763	-1.999734
-3.217985	-1.923929
-3.014259	-1.816223
-2.813376	-1.745471
-2.612176	-1.706621
-2.413820	-1.674720
-2.218622	-1.629869
-2.017738	-1.528164
-1.810853	-1.447937
-1.614392	-1.384134
-1.413824	-1.321911
-1.211993	-1.213888
-1.015216	-1.060699
-0.812121	-0.915090
-0.615344	-0.732842
-0.412249	-0.593866
-0.214209	-0.434043
-0.012378	-0.279906
0.189478	-0.148511
0.379331	-0.034487
0.583083	0.050800
0.784940	0.101027
0.984270	0.124403
1.188338	0.147148
1.388300	0.158204
1.580364	0.153466
1.783485	0.166733
1.986290	0.166733
2.189094	0.182844
2.385265	0.199587
2.587122	0.189162
2.791822	0.174631
2.984202	0.195796
3.186059	0.201798
3.388548	0.203377
3.587246	0.207484
3.788156	0.200218
3.990012	0.189478
4.177970	0.212854
4.385197	0.233387
4.586422	0.215381
4.781014	0.223910
4.988557	0.205904
5.188835	0.228965
5.389428	0.241285
5.584335	0.260238
5.785876	0.238758
5.983943	0.211906
6.186431	0.236230
6.388288	0.248550
6.590146	0.260554
6.784737	0.241601
6.992280	0.211591
7.184344	0.228649
7.387149	0.251077
7.593744	0.254236
7.784545	0.251393
7.985138	0.228649
8.192366	0.231176
8.380956	0.248866
8.585340	0.273506
8.790671	0.262450
8.991264	0.242232
9.182382	0.239389
9.383290	0.255816
9.582936	0.264661
9.784162	0.256764
9.986650	0.245391
9.786689	0.240653
9.583884	0.239389
9.381080	0.258975
9.187119	0.249498
8.990949	0.236862
8.785301	0.241916
8.587551	0.242864
8.384114	0.245391
8.184153	0.245075
7.982296	0.242548
7.797813	0.237494
7.589006	0.243180
7.386833	0.239389
7.185608	0.230860
6.987226	0.239389
6.784737	0.247918
6.588250	0.235914
6.387025	0.228017
6.187695	0.214118
5.986154	0.226753
5.787772	0.232440
5.587178	0.220751
5.380583	0.229912
5.188203	0.212222
4.990137	0.213170
4.782278	0.240021
4.584843	0.236230
4.382670	0.228965
4.185552	0.199271
3.988433	0.201166
3.786260	0.219172
3.588194	0.220120
3.385073	0.210327
3.183532	0.183160
2.983255	0.179369
2.788031	0.188846
2.589017	0.190426
2.391899	0.185055
2.187831	0.159152
1.983131	0.153150
1.782853	0.158520
1.580364	0.166102
1.394934	0.157888
1.187707	0.142725
0.980795	0.111768
0.784940	0.087128
0.583399	0.032794
0.377120	-0.059124
0.187582	-0.169989
-0.012062	-0.285276
-0.216420	-0.445098
-0.408775	-0.609974
-0.615660	-0.783379
-0.812753	-0.909720
-1.014900	-1.029113
-1.204728	-1.166194
-1.415088	-1.293168
-1.617866	-1.396136
-1.808958	-1.448884
-2.013948	-1.507949
-2.216411	-1.553116
-2.412556	-1.632080
-2.609650	-1.718624
-2.814955	-1.766002
-3.016470	-1.824435
-3.215775	-1.883816
-3.422343	-1.939722
-3.612172	-1.995944
-3.814635	-2.035110
-4.010780	-2.119128
-4.217033	-2.172507
-4.419496	-2.209778
-4.611852	-2.249575
-4.810208	-2.298217
-5.012039	-2.379708
-5.217977	-2.452670
-5.410648	-2.489309
-5.615322	-2.492468
-5.821575	-2.540478
-6.012351	-2.650711
-6.213550	-2.729043
-6.417276	-2.770104
-6.620055	-2.761891
-6.814305	-2.784949
-7.015189	-2.888865
-7.219863	-3.008258
-7.412218	-3.059111
-7.613101	-3.049319
-7.818091	-3.006047
-8.010131	-3.119439
-8.215436	-3.252098
-8.420110	-3.316848
-8.613413	-3.298528
-8.812402	-3.246097
-9.015180	-3.336747
-9.217011	-3.471617
-9.415051	-3.585324
-9.619725	-3.581534
-9.809870	-3.490252
-9.888834	-3.516784
-9.788708	-3.580902
-9.617830	-3.619121
-9.415051	-3.544895
-9.219222	-3.377176
-9.009810	-3.299792
-8.813981	-3.322533
-8.612466	-3.338010
-8.420110	-3.288737
-8.216384	-3.148813
-8.016132	-3.079957
-7.817144	-3.061006
-7.617208	-3.061953
-7.409376	-3.024051
-7.219231	-2.915713
-7.019611	-2.854437
-6.814937	-2.805164
-6.614369	-2.793161
-6.414750	-2.747678
-6.212286	-2.665556
-6.011719	-2.611545
-5.818100	-2.545215
-5.609636	-2.507313
-5.417912	-2.466568
-5.215450	-2.402449
-5.012987	-2.352544
-4.810524	-2.312746
-4.617537	-2.243574
-4.412548	-2.186404
-4.212296	-2.150713
-4.016466	-2.116285
-3.814635	-2.067959
-3.609013	-1.986784
-3.417290	-1.920771
-3.211668	-1.893607
-3.011417	-1.869918
-2.816218	-1.803589
-2.612808	-1.729363
-2.411293	-1.642503
-2.219253	-1.587228
-2.018054	-1.562592
-1.816855	-1.515213
-1.615339	-1.433407
-1.413508	-1.320647
-1.210414	-1.222732
-1.015847	-1.157666
-0.816543	-1.044274
-0.612817	-0.890769
-0.411302	-0.693360
-0.214840	-0.521535
-0.011114	-0.383507
0.186003	-0.235055
0.382174	-0.105555
0.591928	-0.019958
0.780834	0.058697
0.983638	0.110820
1.185811	0.143673
1.383246	0.162943
1.584471	0.170208
1.785064	0.155993
1.979340	0.160731
2.193833	0.176210
2.389056	0.198007
2.585543	0.194216
2.789611	0.185055
2.988309	0.180317
3.184796	0.193900
3.383810	0.210643
3.587878	0.209063
3.790051	0.189794
3.986854	0.199587
4.183341	0.203061
4.385513	0.219804
4.583263	0.225490
4.789859	0.214118
4.989820	0.204641
5.188835	0.224858
5.384374	0.234335
5.587178	0.221067
5.787772	0.224226
5.992156	0.231176
6.194961	0.214118
6.386393	0.233703
6.591725	0.217908
6.783157	0.246971
6.984067	0.238442
7.187819	0.234019
7.385885	0.223910
7.583320	0.225174
7.788968	0.237178
7.982612	0.249814
8.184784	0.246339
8.385378	0.240653
8.587867	0.231808
8.785301	0.252973
8.989369	0.258975
9.184592	0.265924
9.384554	0.241916
9.580725	0.235914
9.785110	0.247287
9.987914	0.266240
9.782582	0.269083
9.584516	0.255816
9.384238	0.230544
9.186172	0.240021
8.989369	0.261818
8.786565	0.278876
8.587234	0.265293
8.381903	0.236230
8.183520	0.234967
7.985455	0.257711
7.790231	0.264345
7.584584	0.266872
7.387149	0.235283
7.186872	0.217908
6.985962	0.262450
6.785053	0.264977
6.588566	0.255816
6.389868	0.223595
6.189275	0.223910
5.988365	0.217908
5.783981	0.232755
5.592549	0.233703
5.381531	0.219804
5.189782	0.204009
4.987294	0.210327
4.785752	0.227385
4.586107	0.234967
4.386461	0.208747
4.186499	0.202430
3.988433	0.204009
3.784365	0.215381
3.589458	0.214434
3.382862	0.192321
3.188271	0.186951
2.984202	0.191373
2.789927	0.183160
2.590913	0.176210
2.383054	0.182528
2.185935	0.174315
1.983131	0.168313
1.777167	0.160100
1.583839	0.155045
1.387984	0.149991
1.187707	0.137039
0.979848	0.133880
0.786520	0.090287
0.584347	0.033110
0.381226	-0.062598
0.191373	-0.183887
-0.012693	-0.336128
-0.211998	-0.504795
-0.414460	-0.663985
-0.611554	-0.821597
-0.809910	-1.005108
-1.013952	-1.164615
-1.213572	-1.284008
-1.413193	-1.338651
-1.614708	-1.395189
-1.814012	-1.499105
-2.016159	-1.590703
-2.216411	-1.645030
-2.409398	-1.675984
-2.615967	-1.697462
-2.816534	-1.788744
-3.018997	-1.883184
-3.205035	-1.960884
-3.420764	-1.979520
-3.612172	-1.960568
-3.814635	-2.032899
-4.013307	-2.143448
-4.210716	-2.235362
-4.406230	-2.253366
-4.620380	-2.228729
-4.813367	-2.286215
-5.012355	-2.382550
-5.213871	-2.489941
-5.414122	-2.523421
-5.613742	-2.496258
-5.815889	-2.537635
-6.014246	-2.627969
-6.214182	-2.731570
-6.414433	-2.775789
-6.618160	-2.763155
-6.815885	-2.788739
-7.017084	-2.860754
-7.219231	-2.964038
-7.412534	-2.999098
-7.611522	-3.002573
-7.818091	-3.042686
-8.012974	-3.087222
-8.216384	-3.178504
-8.422005	-3.219881
-8.611518	-3.250519
-8.813981	-3.316216
-9.016443	-3.332641
-9.216063	-3.401181
-9.415684	-3.457719
-9.622252	-3.506045
-9.792182	-3.567952
-9.842088	-3.579955
-9.804185	-3.529102
-9.617515	-3.462773
-9.415999	-3.448875
-9.219538	-3.440979
-9.016443	-3.393601
-8.815876	-3.293159
-8.607096	-3.214827
-8.419794	-3.203140
-8.217332	-3.212932
-8.015500	-3.177240
-7.817460	-3.083116
-7.609312	-2.978252
-7.410007	-2.946982
-7.221442	-2.978568
-7.017716	-2.952668
-6.816201	-2.878126
-6.613422	-2.749889
-6.415697	-2.687350
-6.214814	-2.721778
-6.013614	-2.716093
-5.818100	-2.650711
-5.618164	-2.516157
-5.417597	-2.440351
-5.217345	-2.437509
-5.012355	-2.436877
-4.811472	-2.380971
-4.616590	-2.264105
-4.413495	-2.159241
-4.212612	-2.152292
-4.013623	-2.147554
-3.812108	-2.117548
-3.614067	-2.010789
-3.417606	-1.903715
-3.212616	-1.873393
-3.015523	-1.847493
-2.814323	-1.811169
-2.612808	-1.726836
-2.408766	-1.625131
-2.226202	-1.570804
-2.017107	-1.534165
-1.817171	-1.494051
-1.607127	-1.407823
-1.414772	-1.285587
-1.210730	-1.180724
-1.015847	-1.060067
-0.817175	-0.934989
-0.615028	-0.757794
-0.416987	-0.593550
-0.213261	-0.426779
-0.012693	-0.271378
0.190110	-0.140614
0.383122	-0.031645
0.584979	0.049220
0.780518	0.113347
0.984902	0.124088
1.191181	0.136407
1.389564	0.150939
1.581312	0.161679
1.783169	0.174947
1.985342	0.173051
2.183724	0.180001
2.390003	0.174947
2.589017	0.185371
2.785188	0.202430
2.981675	0.199587
3.187639	0.199271
3.386337	0.181580
3.585983	0.195480
3.792262	0.210959
3.989065	0.213486
4.180497	0.222331
4.385513	0.198323
4.589266	0.204641
4.785752	0.236862
4.986662	0.245391
5.198311	0.223910
5.383426	0.214749
5.584020	0.223910
5.788720	0.240653
5.985838	0.265924
6.189590	0.243180
6.389236	0.212538
6.587934	0.210327
6.783473	0.240337
6.986594	0.254552
7.185924	0.248234
7.387465	0.227701
7.589638	0.220436
7.790231	0.234651
7.983875	0.262450
8.187628	0.261502
8.380639	0.254552
8.582812	0.238758
8.787828	0.245075
8.989054	0.262134
9.181434	0.267504
9.383290	0.247603
9.590518	0.229912
9.785741	0.253920
9.986335	0.258343
9.786689	0.263713
9.583252	0.240021
9.384238	0.237494
9.184592	0.235283
8.989369	0.236862
8.787512	0.247918
8.586603	0.244760
8.387273	0.246971
8.177519	0.234019
7.984823	0.241285
7.788336	0.245391
7.583320	0.240969
7.389992	0.236862
7.186872	0.246339
6.986278	0.234335
6.782842	0.221699
6.590146	0.222963
6.389552	0.235914
6.187063	0.237810
5.984574	0.230544
5.787772	0.212854
5.584651	0.216013
5.381215	0.226122
5.190414	0.230860
4.987926	0.230544
4.785752	0.212222
4.584527	0.209695
4.379827	0.216961
4.187763	0.229597
3.991276	0.234967
3.786260	0.210643
3.586298	0.184739
3.386969	0.192637
3.178478	0.203061
2.983886	0.202430
2.790559	0.179685
2.584595	0.171472
2.387792	0.166102
2.188778	0.178106
1.986290	0.174947
1.786960	0.165786
1.583839	0.140198
1.386721	0.142094
1.187391	0.144305
0.983006	0.124088
0.782729	0.082389
0.584347	0.016051
0.378699	-0.080918
0.186635	-0.202838
-0.013009	-0.353185
-0.212629	-0.507322
-0.416987	-0.627978
-0.615660	-0.791591
-0.816227	-0.960573
-1.011741	-1.127976
-1.209466	-1.236946
-1.414456	-1.312435
-1.612497	-1.385713
-1.815275	-1.470678
-2.017107	-1.558170
-2.211041	-1.609338
-2.413504	-1.646925
-2.615651	-1.698093
-2.813692	-1.739470
-3.017418	-1.818118
-3.215775	-1.860443
-3.416026	-1.932142
-3.616278	-1.979204
-3.814003	-2.033215
-4.012676	-2.086594
-4.218297	-2.120707
-4.416654	-2.204092
-4.614063	-2.265368
-4.814314	-2.316537
-5.007617	-2.344016
-5.218608	-2.391078
-5.416965	-2.470989
-5.618164	-2.546163
-5.818732	-2.614388
-6.016141	-2.618178
-6.214182	-2.643446
-6.414433	-2.717672
-6.615001	-2.826010
-6.817780	-2.883811
-7.011083	-2.910975
-7.224285	-2.882864
-7.414113	-2.943824
-7.613418	-3.073008
-7.814933	-3.157973
-8.016764	-3.183557
-8.218279	-3.115964
-8.417899	-3.169344
-8.612149	-3.310531
-8.815560	-3.412868
-9.017076	-3.433082
-9.216695	-3.376229
-9.414104	-3.392021
-9.622568	-3.516468
-9.754280	-3.629860
-9.783970	-3.647232
-9.801658	-3.557213
-9.617515	-3.423291
-9.417579	-3.437820
-9.222381	-3.478565
-9.019602	-3.467826
-8.811138	-3.325692
-8.614676	-3.187348
-8.418215	-3.186716
-8.217648	-3.198087
-8.012974	-3.187032
-7.813669	-3.076798
-7.614997	-2.980779
-7.412218	-2.934348
-7.213861	-2.932453
-7.021506	-2.916660
-6.816201	-2.828537
-6.614686	-2.752416
-6.415697	-2.687666
-6.211971	-2.648184
-6.018352	-2.634918
-5.819364	-2.561955
-5.620691	-2.495626
-5.413175	-2.444773
-5.215450	-2.381287
-5.012039	-2.341805
-4.816841	-2.287794
-4.616273	-2.243258
-4.415706	-2.198407
-4.215454	-2.139026
-4.013623	-2.085963
-3.812740	-2.036058
-3.615015	-2.009526
-3.417921	-1.965306
-3.217038	-1.905926
-3.010153	-1.837385
-2.815587	-1.764423
-2.613124	-1.737891
-2.411609	-1.693356
-2.220833	-1.633975
-2.018370	-1.541430
-1.817802	-1.460887
-1.613128	-1.429617
-1.415719	-1.374974
-1.212941	-1.274848
-1.011110	-1.145032
-0.818123	-0.995633
-0.615344	-0.871186
-0.413197	-0.728736
-0.216735	-0.569861
-0.013641	-0.381296
0.188846	-0.219262
0.381542	-0.104607
0.585926	0.003100
0.787783	0.063120
0.987745	0.117454
1.185495	0.126931
1.390511	0.141146
1.583207	0.153150
1.782221	0.180633
1.983446	0.187582
2.189726	0.170840
2.382422	0.167049
2.587754	0.189478
2.788979	0.202114
2.983255	0.202430
3.182900	0.200218
3.386969	0.180001
3.585983	0.198323
3.789735	0.208432
3.992540	0.217593
4.186815	0.210959
4.379827	0.209695
4.585475	0.209379
4.793966	0.218856
4.986346	0.234651
5.188519	0.220436
5.385322	0.224542
5.586231	0.224858
5.781454	0.236230
5.996894	0.226438
6.188643	0.239073
6.390184	0.234335
6.586355	0.236230
6.787264	0.224226
6.990385	0.240653
7.182765	0.231808
7.387465	0.247603
7.589954	0.241285
7.790863	0.243180
7.986718	0.234019
8.184153	0.254236
8.382218	0.255816
8.585971	0.259607
8.787828	0.252657
8.985894	0.240021
9.183013	0.235283
9.384554	0.260870
9.584200	0.268768
9.780686	0.267188
9.987598	0.239705
9.783214	0.230544
9.582305	0.255184
9.383290	0.265924
9.184592	0.268136
8.990633	0.238442
8.786565	0.227385
8.587867	0.247287
8.393591	0.260554
8.183520	0.282351
7.983875	0.250130
7.786125	0.221699
7.587111	0.237178
7.385254	0.259607
7.192873	0.258343
6.982172	0.245707
6.783157	0.219172
6.590461	0.215697
6.388920	0.246971
6.187379	0.251077
5.988997	0.240969
5.784929	0.220436
5.585915	0.210643
5.385637	0.228017
5.188835	0.240021
4.985398	0.235914
4.786068	0.211275
4.588318	0.201166
4.380775	0.211275
4.182393	0.227701
3.993803	0.216961
3.788787	0.199902
3.585667	0.201482
3.386337	0.193900
3.181637	0.197691
2.982623	0.199587
2.788031	0.180633
2.591861	0.180317
2.385265	0.173999
2.185303	0.184739
1.986921	0.165470
1.782853	0.159784
1.582576	0.162943
1.388932	0.155361
1.182336	0.142094
0.985534	0.129458
0.785888	0.107661
0.580556	0.054907
0.384069	-0.025643
0.190110	-0.124822
-0.013325	-0.278011
-0.213261	-0.451100
-0.413513	-0.633663
-0.615976	-0.823492
-0.821913	-0.990263
-1.011110	-1.109656
-1.205676	-1.245474
-1.415719	-1.370236
-1.615655	-1.448884
-1.812749	-1.499105
-2.012685	-1.526900
-2.219569	-1.585965
-2.409398	-1.678195
-2.612808	-1.777373
-2.816218	-1.816539
-3.016154	-1.813696
-3.212300	-1.890133
-3.420448	-1.976045
-3.612488	-2.072065
-3.812424	-2.105862
-4.013939	-2.111863
-4.214507	-2.133973
-4.417285	-2.229361
-4.614063	-2.342437
-4.807997	-2.387920
-5.010144	-2.364862
-5.214186	-2.374338
-5.413490	-2.462461
-5.615322	-2.578064
-5.816837	-2.658291
-6.007929	-2.641235
-6.210707	-2.643762
-6.419487	-2.708828
-6.613422	-2.817482
-6.814305	-2.900867
-7.020875	-2.893287
-7.219231	-2.904342
-7.411271	-2.942245
-7.613418	-3.036053
-7.813037	-3.130178
-8.012026	-3.109647
-8.215436	-3.150708
-8.419478	-3.174397
-8.614045	-3.230936
-8.813033	-3.314321
-9.016443	-3.338642
-9.217958	-3.370859
-9.415368	-3.428344
-9.615935	-3.470985
-9.806080	-3.533208
-9.881569	-3.532892
-9.799447	-3.546158
-9.622568	-3.525944
-9.414736	-3.442874
-9.213221	-3.381914
-9.012653	-3.332009
-8.813981	-3.332325
-8.612466	-3.307372
-8.418215	-3.235673
-8.217332	-3.134284
-8.016132	-3.078378
-7.810511	-3.098908
-7.614049	-3.071113
-7.410955	-3.031315
-7.217336	-2.915081
-7.020875	-2.823799
-6.816833	-2.844961
-6.615633	-2.850647
-6.416329	-2.796320
-6.213550	-2.686402
-6.008561	-2.577748
-5.819048	-2.568273
-5.609004	-2.585645
-5.415070	-2.550269
-5.210396	-2.449827
-5.011724	-2.321906
-4.809893	-2.300112
-4.619748	-2.306113
-4.416654	-2.283688
-4.214507	-2.205356
-4.015203	-2.075224
-3.814950	-2.021213
-3.612804	-2.013000
-3.420132	-1.996892
-3.222092	-1.919823
-3.016470	-1.812433
-2.811481	-1.739786
-2.615967	-1.721467
-2.410029	-1.688302
-2.217042	-1.629237
-2.013632	-1.528164
-1.817486	-1.435302
-1.614076	-1.378448
-1.412561	-1.333913
-1.213257	-1.228102
-1.011425	-1.075860
-0.817175	-0.911931
-0.616923	-0.738527
-0.415092	-0.599551
-0.211050	-0.438781
-0.014589	-0.269483
0.188530	-0.130191
0.384385	-0.035119
0.581504	0.052379
0.784940	0.098184
0.986797	0.126931
1.191497	0.139882
1.382930	0.148411
1.583523	0.157888
1.784433	0.168313
1.984394	0.167365
2.184040	0.181896
2.388108	0.186951
2.588070	0.184108
2.787400	0.183160
2.982623	0.184739
3.184164	0.204957
3.385389	0.205589
3.585983	0.204325
3.788787	0.195164
3.984958	0.188846
4.181761	0.211906
4.390568	0.229912
4.584527	0.222015
4.787648	0.210327
4.989189	0.204957
5.190098	0.231492
5.382478	0.245391
5.583388	0.250130
5.784297	0.228333
5.991209	0.209695
6.187695	0.238758
6.387973	0.251393
6.592673	0.247287
6.778103	0.245075
6.989437	0.210959
7.187819	0.230228
7.385885	0.258659
7.590901	0.256132
7.790863	0.254552
7.982612	0.234967
8.185416	0.239705
8.386326	0.263397
8.582812	0.276665
8.792566	0.260238
8.988421	0.234019
9.180170	0.243812
9.385502	0.255816
9.587043	0.264029
9.783214	0.261186
9.987914	0.236546
9.788900	0.226438
9.582305	0.247287
9.384238	0.254236
9.186488	0.249182
8.986842	0.236230
8.786880	0.237494
8.584707	0.243496
8.386009	0.247603
8.183520	0.247287
7.984823	0.242548
7.787704	0.239705
7.586163	0.232440
7.388097	0.234651
7.182449	0.234335
6.984699	0.234967
6.788212	0.244444
6.588566	0.224858
6.389552	0.218224
6.186431	0.220120
5.987733	0.221067
5.784929	0.229912
5.583072	0.227069
5.382163	0.216013
5.189782	0.211591
4.983187	0.222015
4.783541	0.233703
4.591161	0.230544
4.386461	0.215381
4.184920	0.197691
3.989697	0.207484
3.785628	0.215381
3.592300	0.209695
3.387285	0.200218
3.183216	0.176526
2.982307	0.179053
2.789295	0.202114
2.583647	0.199587
2.393794	0.183160
2.186567	0.161047
1.982815	0.150307
1.779694	0.163890
1.583207	0.169261
1.386721	0.157888
1.185179	0.139566
0.987745	0.113347
0.783361	0.082074
0.581188	0.028055
0.384385	-0.075548
0.188214	-0.195889
-0.012062	-0.332022
-0.215472	-0.489950
-0.414145	-0.686411
-0.615028	-0.880030
-0.818754	-1.000686
-1.003529	-1.107129
-1.213572	-1.244842
-1.412245	-1.366446
-1.613444	-1.440356
