# Configuration automatically generated by WRITE_CONFIG()
connection eth
ip 192.168.0.10
samplehz 1000.000000
settleus 10.000000
nsample 128

# Analog Inputs
aichannel 0
ainegative 199
airange 10.000000
airesolution 0

aichannel 1
ainegative 199
airange 10.000000
airesolution 0

# Analog Outputs
aochannel 0
aosignal triangle
aofrequency 5.000000
aoamplitude 2.000000
aooffset 2.500000
aoduty 0.500000

# Meta Parameters
int:periods 10
flt:tip_T_C 426.401713
flt:plate_T_C 294.553727
flt:plate_Q_kW 0.703922
flt:cool_Thigh_C 48.951602
flt:cool_Tlow_C 12.396271
flt:air_psig 20.000000
flt:water_gph 4.000000
flt:standoff_in 0.228000
flt:oxygen_scfh 9.707031
flt:fuel_scfh 5.319969
flt:flow_scfh 15.027000
flt:ratio_fto 0.548053

## End Configuration ##
#: Wed Apr 12 17:26:52 2017
-7.615313	-3.940345
-9.114042	-4.368328
-9.130783	-4.342428
-9.169633	-4.285574
-9.110884	-4.321265
-9.046450	-4.371486
-9.005704	-4.340533
-8.814297	-4.247355
-8.612149	-4.140281
-8.417899	-4.086270
-8.218279	-4.084374
-8.013289	-4.063844
-7.817775	-3.951400
-7.615313	-3.862013
-7.411902	-3.766941
-7.216073	-3.745778
-7.017084	-3.733460
-6.815885	-3.674711
-6.615001	-3.574269
-6.416645	-3.463404
-6.212286	-3.407182
-6.011403	-3.402129
-5.818416	-3.373386
-5.616269	-3.261573
-5.414438	-3.171239
-5.217345	-3.067955
-5.012355	-3.049319
-4.806418	-3.031631
-4.615326	-2.953615
-4.417285	-2.855069
-4.209769	-2.768840
-4.018677	-2.708828
-3.815266	-2.678506
-3.611224	-2.621968
-3.410973	-2.538898
-3.216406	-2.443194
-3.014259	-2.353176
-2.815271	-2.302007
-2.612492	-2.262525
-2.412241	-2.176613
-2.216411	-2.089437
-2.020265	-1.999419
-1.813696	-1.934984
-1.614392	-1.884132
-1.414456	-1.808011
-1.210414	-1.710096
-1.013321	-1.624815
-0.808963	-1.526268
-0.614712	-1.419194
-0.413513	-1.275796
-0.214524	-1.057540
-0.012062	-0.821281
0.184108	-0.572072
0.383122	-0.346236
0.586874	-0.151038
0.783677	0.022369
0.989640	0.135460
1.187075	0.208432
1.385457	0.239073
1.580048	0.281087
1.786328	0.306675
1.986921	0.323733
2.186567	0.316468
2.385897	0.318679
2.589333	0.332578
2.785820	0.360377
2.993047	0.380910
3.183532	0.381858
3.386021	0.376488
3.586614	0.376488
3.790051	0.400812
3.989697	0.436508
4.182709	0.426715
4.387724	0.424820
4.585791	0.423240
4.782278	0.431454
4.990452	0.453566
5.195468	0.469677
5.389744	0.446932
5.583388	0.445353
5.784929	0.441878
5.990261	0.472204
6.185168	0.494001
6.387973	0.479154
6.592988	0.487683
6.790107	0.463991
6.985962	0.476627
7.186872	0.511691
7.381147	0.513586
7.587111	0.507900
7.796233	0.484840
7.983243	0.486419
8.183520	0.512639
8.389484	0.528749
8.581549	0.523063
8.787828	0.513586
8.989369	0.490210
9.181434	0.513586
9.382975	0.555284
9.586411	0.537594
9.783529	0.523063
9.987282	0.515482
9.787952	0.504741
9.581673	0.535067
9.383923	0.548967
9.183013	0.539490
8.984947	0.511691
8.785933	0.494001
8.586603	0.510427
8.386957	0.538226
8.184468	0.525906
7.985138	0.495896
7.783282	0.480417
7.588058	0.476942
7.384938	0.501582
7.187503	0.510111
6.985646	0.481049
6.781894	0.478206
6.591409	0.460200
6.390500	0.461148
6.188011	0.491474
5.986786	0.483260
5.789667	0.469045
5.581808	0.455146
5.383110	0.438719
5.189150	0.458936
4.982871	0.465570
4.781014	0.457041
4.583580	0.426083
4.386461	0.392283
4.184604	0.409025
3.988433	0.421029
3.788787	0.411868
3.588194	0.390703
3.382230	0.370170
3.184480	0.372381
2.983255	0.372065
2.789927	0.374277
2.589649	0.342055
2.386845	0.334474
2.185935	0.309518
1.986921	0.310782
1.781274	0.307307
1.582576	0.284562
1.392407	0.236862
1.184864	0.197691
0.984270	0.127878
0.786204	0.011313
0.584031	-0.155460
0.382806	-0.368661
0.186951	-0.593866
-0.015852	-0.820018
-0.213261	-1.062278
-0.417303	-1.268847
-0.615976	-1.420457
-0.816227	-1.525637
-1.015847	-1.610917
-1.211361	-1.706306
-1.405928	-1.819697
-1.614708	-1.892660
-1.808327	-1.946039
-2.017107	-2.003840
-2.212620	-2.078066
-2.412556	-2.180087
-2.611545	-2.274212
-2.817798	-2.334856
-3.016154	-2.385709
-3.218617	-2.428981
-3.422659	-2.509840
-3.617226	-2.614388
-3.815582	-2.686086
-4.009517	-2.723989
-4.213559	-2.756838
-4.417285	-2.829169
-4.617537	-2.934032
-4.811788	-3.029736
-5.015830	-3.079325
-5.212923	-3.114385
-5.410648	-3.143128
-5.621007	-3.248623
-5.817469	-3.370543
-6.010771	-3.406551
-6.211339	-3.435925
-6.417908	-3.473512
-6.615949	-3.540473
-6.816516	-3.669973
-7.018663	-3.747358
-7.217336	-3.770731
-7.415692	-3.808634
-7.614681	-3.815898
-7.814933	-3.929922
-8.018027	-4.061001
-8.211330	-4.109327
-8.414741	-4.127331
-8.613097	-4.136490
-8.816507	-4.200925
-8.998755	-4.342428
-9.040764	-4.382541
-9.098882	-4.345586
-9.128256	-4.330110
-9.173107	-4.298840
-9.135204	-4.338006
-9.077403	-4.389490
-9.091932	-4.370539
-9.116885	-4.324424
-9.118780	-4.286837
-9.011390	-4.267570
-8.811769	-4.274835
-8.612149	-4.252093
-8.418215	-4.142176
-8.218279	-4.051210
-8.015500	-3.950768
-7.813985	-3.940977
-7.611838	-3.936555
-7.413166	-3.848431
-7.213230	-3.763782
-7.008556	-3.660814
-6.814621	-3.612804
-6.614369	-3.611540
-6.419803	-3.549949
-6.212603	-3.449823
-6.012982	-3.355698
-5.820943	-3.273576
-5.617533	-3.249571
-5.413175	-3.225250
-5.216713	-3.135863
-5.013618	-3.049951
-4.813999	-2.951088
-4.617221	-2.900236
-4.416654	-2.888549
-4.215770	-2.823799
-4.015203	-2.723357
-3.814003	-2.640603
-3.609329	-2.563219
-3.419501	-2.538266
-3.212932	-2.489309
-3.011417	-2.396132
-2.813060	-2.307693
-2.613124	-2.217358
-2.413820	-2.147238
-2.216727	-2.114390
-2.018054	-2.042691
-1.811169	-1.947303
-1.613760	-1.856968
-1.413508	-1.786533
-1.211993	-1.714518
-1.012057	-1.644398
-0.815596	-1.550589
-0.618502	-1.421721
-0.412881	-1.258740
-0.213893	-1.052802
-0.008903	-0.841812
0.189478	-0.598919
0.384069	-0.375926
0.583715	-0.160513
0.786204	0.010681
0.986797	0.133249
1.184864	0.221699
1.392722	0.252025
1.588893	0.272242
1.782853	0.286774
1.987237	0.303832
2.184356	0.333210
2.387161	0.348057
2.586490	0.349321
2.789927	0.342371
2.986729	0.345530
3.190482	0.383122
3.381283	0.399232
3.582508	0.396389
3.787840	0.397969
3.990328	0.392283
4.179550	0.410289
4.387093	0.444089
4.585791	0.449460
4.784489	0.443458
4.986346	0.428926
5.186307	0.440299
5.383110	0.463359
5.584651	0.478522
5.783981	0.467782
5.986470	0.471256
6.190222	0.441246
6.391763	0.471256
6.591409	0.498739
6.785685	0.499055
6.984383	0.499055
7.186556	0.477574
7.390308	0.470940
7.586479	0.518641
7.788336	0.530013
7.986718	0.518641
8.185101	0.496528
8.385378	0.487367
8.588814	0.506005
8.783405	0.530329
8.987473	0.537594
9.183329	0.518325
9.386450	0.492421
9.581357	0.503162
9.788268	0.539490
9.992021	0.559391
9.784793	0.529381
9.586095	0.518641
9.377604	0.506321
9.183329	0.524011
8.988737	0.540753
8.790039	0.528117
8.586919	0.525590
8.387905	0.482944
8.181625	0.494001
7.985138	0.520220
7.789284	0.515482
7.585847	0.491474
7.385885	0.480417
7.186872	0.466518
6.982487	0.480417
6.783157	0.501582
6.594568	0.488315
6.390816	0.468097
6.190854	0.452619
5.987418	0.451355
5.781770	0.483892
5.586863	0.475995
5.385005	0.462411
5.185676	0.445353
4.986662	0.427031
4.785752	0.440615
4.580737	0.453882
4.385197	0.428611
4.181761	0.418818
3.988433	0.391335
3.786260	0.390703
3.588510	0.407446
3.381914	0.394178
3.187639	0.375856
2.982623	0.359429
2.787084	0.351848
2.588070	0.351216
2.381474	0.352480
2.187515	0.340476
1.984710	0.311413
1.779694	0.283931
1.581628	0.269399
1.390195	0.259291
1.187707	0.208747
0.982375	0.126299
0.784308	0.005627
0.584979	-0.159882
0.377435	-0.364871
0.186319	-0.595761
-0.012062	-0.824440
-0.216104	-1.058804
-0.408459	-1.241052
-0.608395	-1.421405
-0.817175	-1.555643
-1.012689	-1.639344
-1.212941	-1.710096
-1.415088	-1.772003
-1.616287	-1.851599
-1.816223	-1.967201
-2.018370	-2.054693
-2.217042	-2.104598
-2.416978	-2.175034
-2.613756	-2.216095
-2.814639	-2.312114
-3.019629	-2.421084
-3.220196	-2.478254
-3.417606	-2.521210
-3.615330	-2.567957
-3.815582	-2.635865
-4.013623	-2.743888
-4.216718	-2.833906
-4.415706	-2.864228
-4.610904	-2.913502
-4.814946	-2.952036
-5.012671	-3.062585
-5.214502	-3.171555
-5.421387	-3.208826
-5.615322	-3.251782
-5.816521	-3.286210
-6.013930	-3.356330
-6.212603	-3.480145
-6.413802	-3.571111
-6.618475	-3.588167
-6.808936	-3.621648
-7.018348	-3.649759
-7.219863	-3.756833
-7.411902	-3.867067
-7.612470	-3.901811
-7.811774	-3.932448
-8.014237	-3.940661
-8.214805	-4.041418
-8.420426	-4.176288
-8.609307	-4.236932
-8.813349	-4.253673
-9.005073	-4.274203
-9.120044	-4.278941
-9.096039	-4.337690
-9.062243	-4.396123
-9.102987	-4.367696
-9.139311	-4.339901
-9.166790	-4.302314
-9.133942	-4.315264
-9.068560	-4.369591
-9.044870	-4.376224
-9.009495	-4.307052
-8.816192	-4.211664
-8.612149	-4.128910
-8.415372	-4.137754
-8.216700	-4.136175
-8.012341	-4.031943
-7.813037	-3.930553
-7.616260	-3.829480
-7.412534	-3.795683
-7.217336	-3.796631
-7.017716	-3.758097
-6.816833	-3.643757
-6.618475	-3.533208
-6.416960	-3.470037
-6.217340	-3.461825
-6.008876	-3.428344
-5.817469	-3.333272
-5.616901	-3.245465
-5.416018	-3.142180
-5.214818	-3.106805
-5.013935	-3.093223
-4.809893	-3.024998
-4.615642	-2.921714
-4.416969	-2.829484
-4.214822	-2.764418
-4.016466	-2.730622
-3.811792	-2.702195
-3.610277	-2.605228
-3.412552	-2.524369
-3.213248	-2.419505
-3.012364	-2.383814
-2.814323	-2.338015
-2.613124	-2.249259
-2.412872	-2.161452
-2.211357	-2.077435
-2.014580	-1.999734
-1.817171	-1.958357
-1.613760	-1.891080
-1.413824	-1.805168
-1.212625	-1.713254
-1.011425	-1.615971
-0.816543	-1.536376
-0.615028	-1.444778
-0.416040	-1.276428
-0.213261	-1.062594
-0.010482	-0.814648
0.187898	-0.576494
0.380279	-0.356027
0.588138	-0.150406
0.783045	0.021106
0.986797	0.129774
1.188022	0.200218
1.382930	0.246339
1.580048	0.290880
1.782537	0.301621
1.983762	0.306991
2.183092	0.306359
2.384949	0.333210
2.589333	0.355323
2.787715	0.374592
2.982307	0.370170
3.186059	0.373329
3.383810	0.362904
3.586298	0.388176
3.787524	0.435560
3.990960	0.418502
4.182077	0.421029
4.383934	0.412816
4.587686	0.411868
4.784489	0.450407
4.985398	0.471256
5.188835	0.455146
5.390376	0.435876
5.584020	0.438403
5.786824	0.465570
5.980784	0.493685
6.187695	0.481997
6.391131	0.469993
6.587303	0.462411
6.785369	0.477574
6.983119	0.515166
7.187819	0.515166
7.393151	0.493685
7.586163	0.497160
7.789599	0.484840
7.983559	0.502846
8.185732	0.529381
8.386009	0.524959
8.585971	0.509164
8.785933	0.499055
8.994424	0.499687
9.178906	0.533488
9.380763	0.546755
9.585464	0.520220
9.784477	0.501582
9.987282	0.506005
9.785741	0.525274
9.586095	0.543912
9.381711	0.533172
9.189331	0.514850
8.984315	0.502214
8.785617	0.510743
8.587867	0.540753
8.385694	0.533488
8.183205	0.506637
7.983243	0.492737
7.788652	0.472520
7.585215	0.500319
7.387781	0.508848
7.187819	0.492421
6.984383	0.473468
6.786316	0.458621
6.585091	0.468413
6.388288	0.488315
6.188959	0.488631
5.988050	0.463675
5.788404	0.449775
5.585599	0.445353
5.385005	0.465886
5.185044	0.472836
4.986978	0.440615
4.788596	0.439035
4.579473	0.411552
4.384250	0.415659
4.183341	0.431138
3.986538	0.415027
3.786260	0.401128
3.585351	0.391651
3.386969	0.369222
3.187323	0.374592
2.980727	0.387544
2.788031	0.362588
2.582700	0.343003
2.385265	0.323733
2.186567	0.320890
1.978708	0.326892
1.785064	0.301937
1.580996	0.283299
1.391459	0.229597
1.187075	0.199271
0.984270	0.135144
0.785572	0.019842
0.581504	-0.154196
0.382490	-0.377190
0.191057	-0.585969
-0.014589	-0.829177
-0.214840	-1.069859
-0.413513	-1.261582
-0.618187	-1.421089
-0.816859	-1.524689
-1.011425	-1.620393
-1.208203	-1.732837
-1.416035	-1.803589
-1.614708	-1.872445
-1.813696	-1.938143
-2.022792	-2.010789
-2.211989	-2.107441
-2.405607	-2.196196
-2.617230	-2.263789
-2.815271	-2.318116
-3.015839	-2.360756
-3.217985	-2.450143
-3.418869	-2.552164
-3.613435	-2.617230
-3.811792	-2.662713
-4.013307	-2.711355
-4.216086	-2.754311
-4.415074	-2.868966
-4.621643	-2.968776
-4.813367	-3.009837
-5.013618	-3.049319
-5.217345	-3.079641
-5.415070	-3.170291
-5.616269	-3.292527
-5.816205	-3.359804
-6.013930	-3.375597
-6.212286	-3.417606
-6.416960	-3.462141
-6.616580	-3.589430
-6.814937	-3.696505
-7.019295	-3.717351
-7.217336	-3.742936
-7.413482	-3.767256
-7.614997	-3.863276
-7.815880	-3.986459
-8.012026	-4.052473
-8.216068	-4.057843
-8.417899	-4.084691
-8.615624	-4.144071
-8.811769	-4.279257
-8.990859	-4.377172
-9.063822	-4.353167
-9.111832	-4.328530
-9.156999	-4.292839
-9.133625	-4.326635
-9.094460	-4.383489
-9.096987	-4.377803
-9.121939	-4.338953
-9.142154	-4.297892
-9.120675	-4.287469
-9.003178	-4.328846
-8.813664	-4.303894
-8.612149	-4.200609
-8.417583	-4.113117
-8.218279	-4.004779
-8.016448	-4.004463
-7.811142	-4.005411
-7.613418	-3.912234
-7.412218	-3.822531
-7.218284	-3.723353
-7.017084	-3.667131
-6.818411	-3.665551
-6.611527	-3.615962
-6.415697	-3.509203
-6.208812	-3.424554
-6.014562	-3.316532
-5.816521	-3.315269
-5.615322	-3.288421
-5.416333	-3.206615
-5.214186	-3.120702
-5.008249	-3.019313
-4.817473	-2.962143
-4.619116	-2.949193
-4.416337	-2.902763
-4.215454	-2.805164
-4.015834	-2.711987
-3.811476	-2.627653
-3.610593	-2.598595
-3.416026	-2.557218
-3.217354	-2.472885
-3.013943	-2.380023
-2.814323	-2.272633
-2.614388	-2.226202
-2.411925	-2.188300
-2.213252	-2.126392
-2.014264	-2.023108
-1.814960	-1.946671
-1.618498	-1.851599
-1.412561	-1.796956
-1.212941	-1.733153
-1.010162	-1.640924
-0.819070	-1.536376
-0.615344	-1.403085
-0.413829	-1.248948
-0.217999	-1.074596
-0.013957	-0.835179
0.188530	-0.578705
0.385017	-0.348131
0.583399	-0.142510
0.783045	0.035005
0.986797	0.154098
1.183916	0.220436
1.390195	0.249814
1.582576	0.266872
1.781274	0.296882
1.985658	0.322154
2.185303	0.332894
2.384949	0.337633
2.587438	0.343319
2.791190	0.338264
2.983255	0.368275
3.191114	0.390387
3.385073	0.385965
3.585035	0.391967
3.788471	0.384701
3.989697	0.406814
4.182393	0.435560
4.384250	0.446301
4.583895	0.433033
4.784173	0.431138
4.988557	0.423556
5.185044	0.457041
5.387217	0.478206
5.584651	0.458305
5.782718	0.463359
5.986154	0.441562
6.187379	0.459884
6.388605	0.486103
6.593620	0.494633
6.788528	0.481365
6.986594	0.469677
7.186240	0.467466
7.392203	0.497160
7.587427	0.535699
7.786440	0.510111
7.983875	0.500635
8.183520	0.490210
8.380008	0.510111
8.585024	0.535699
8.789092	0.530329
8.987473	0.514850
9.187752	0.509796
9.382659	0.498107
9.590518	0.530329
9.787637	0.546439
9.991705	0.535383
9.791427	0.512955
9.580725	0.499687
9.383290	0.509796
9.182697	0.546124
8.983051	0.535383
8.785933	0.524327
8.587234	0.494948
8.384114	0.491474
8.181941	0.528433
7.982612	0.527802
7.794338	0.500003
7.587742	0.485788
7.386201	0.475047
7.187819	0.481997
6.985646	0.504109
6.782526	0.491474
6.591725	0.476311
6.389236	0.452934
6.188327	0.461780
5.988050	0.480733
5.783033	0.490842
5.584967	0.464938
5.384690	0.446932
5.190098	0.427031
4.986978	0.444405
4.788911	0.461780
4.588002	0.439667
4.382039	0.420713
4.183972	0.397021
3.988433	0.391019
3.786260	0.416606
3.586614	0.406814
3.380967	0.382490
3.183848	0.361009
2.983886	0.354375
2.783293	0.362904
2.588070	0.361325
2.388740	0.348057
2.182145	0.317415
1.984710	0.300673
1.784117	0.292460
1.580996	0.284246
1.389248	0.264029
1.185811	0.208116
0.981111	0.124719
0.783993	-0.001954
0.584347	-0.170621
0.392283	-0.392351
0.186319	-0.598604
-0.008587	-0.832020
-0.211366	-1.038273
-0.415092	-1.250843
-0.616291	-1.434671
-0.816543	-1.550905
-1.011741	-1.628289
-1.216731	-1.700620
-1.411297	-1.784006
-1.611865	-1.892028
-1.818750	-1.976677
-2.017422	-2.033847
-2.210093	-2.102071
-2.411925	-2.148186
-2.612176	-2.240731
-2.808954	-2.345279
-3.020261	-2.409398
-3.218933	-2.458671
-3.417921	-2.500996
-3.613120	-2.571115
-3.806422	-2.675663
-4.014255	-2.761576
-4.214191	-2.802321
-4.414127	-2.839592
-4.617853	-2.880021
-4.808629	-2.987727
-5.016777	-3.087853
-5.213871	-3.157026
-5.414754	-3.188927
-5.619743	-3.210721
-5.817784	-3.290000
-6.006033	-3.424238
-6.205970	-3.501939
-6.418540	-3.518047
-6.613106	-3.555950
-6.814937	-3.585640
-7.017716	-3.689240
-7.216073	-3.805791
-7.413797	-3.846536
-7.614049	-3.876542
-7.812722	-3.898020
-8.012974	-3.974457
-8.211330	-4.109327
-8.416951	-4.189870
-8.614361	-4.196503
-8.811454	-4.228088
-9.012969	-4.257147
-9.079299	-4.332636
-9.048029	-4.393596
-9.090670	-4.368328
-9.136152	-4.341164
-9.182267	-4.300735
-9.151629	-4.310526
-9.083405	-4.372118
-9.062558	-4.380646
-9.079299	-4.335479
-9.014548	-4.269465
-8.813664	-4.190817
-8.610887	-4.199346
-8.419163	-4.177236
-8.214173	-4.087533
-8.014869	-4.000041
-7.818723	-3.895494
-7.612786	-3.850642
-7.411271	-3.862961
-7.216704	-3.808318
-7.017400	-3.694294
-6.816201	-3.605855
-6.612790	-3.530681
-6.413170	-3.516784
-6.216077	-3.490252
-6.013299	-3.394548
-5.811783	-3.302634
-5.616585	-3.206931
-5.415070	-3.166501
-5.213554	-3.151024
-5.012039	-3.094802
-4.807997	-2.995624
-4.611536	-2.897077
-4.419180	-2.834538
-4.215770	-2.810849
-4.013623	-2.767261
-3.815266	-2.672189
-3.613120	-2.584697
-3.418869	-2.492152
-3.212932	-2.453617
-3.018049	-2.415715
-2.813060	-2.330750
-2.614072	-2.234098
-2.410977	-2.146923
-2.221780	-2.075224
-2.014264	-2.032583
-1.814644	-1.972887
-1.617866	-1.874340
-1.413508	-1.792534
-1.208519	-1.690829
-1.010162	-1.633343
-0.818754	-1.554379
-0.616607	-1.433407
-0.413197	-1.272637
-0.214524	-1.065121
-0.013957	-0.827914
0.188530	-0.597656
0.386281	-0.366766
0.579608	-0.158302
0.791574	0.007206
0.987429	0.126299
1.185495	0.207484
1.387352	0.264029
1.582891	0.289933
1.779694	0.291828
1.980603	0.308886
2.188147	0.309518
2.385897	0.339528
2.585227	0.356271
2.790874	0.355007
2.981991	0.358166
3.184796	0.357218
3.387285	0.377751
3.589142	0.405234
3.788471	0.415659
3.986854	0.417870
4.183656	0.404602
4.384565	0.408709
4.584843	0.451039
4.786068	0.468729
4.987926	0.440930
5.187255	0.447564
5.385322	0.430190
5.583704	0.456725
5.784929	0.489262
5.987733	0.480733
6.183904	0.466834
6.391131	0.447248
6.590777	0.462727
6.786001	0.497792
6.983435	0.511059
7.183081	0.502214
7.386833	0.487051
7.590586	0.500003
7.788652	0.499687
7.982612	0.524959
8.187311	0.522747
8.387589	0.504741
8.585024	0.492421
8.785933	0.499371
8.989054	0.531276
9.183329	0.541701
9.382659	0.536963
9.585779	0.507584
9.780686	0.499371
9.980648	0.626677
9.784793	0.561602
9.585464	0.542017
9.382343	0.522431
9.181118	0.506637
8.988106	0.508532
8.788460	0.530645
8.589130	0.538858
8.384746	0.518325
8.183520	0.490210
7.987350	0.470625
7.796865	0.498423
7.586479	0.511691
7.387149	0.500319
7.187819	0.478206
6.982172	0.454198
6.782526	0.483260
6.587934	0.494633
6.382602	0.489578
6.183273	0.469993
5.986154	0.459884
5.787772	0.445669
5.587178	0.459884
5.382794	0.475363
5.188203	0.457673
4.985082	0.435560
4.791439	0.414395
4.587054	0.421977
4.382670	0.436824
4.184920	0.423240
3.988749	0.414079
3.787524	0.378383
3.589773	0.369222
3.389496	0.386912
3.188586	0.389439
2.981675	0.371433
2.789295	0.362588
2.587754	0.336053
2.386529	0.335421
2.185303	0.337949
1.983446	0.332578
1.779062	0.302884
1.582260	0.264977
1.388300	0.240969
1.185495	0.205904
0.984270	0.136723
0.784624	0.022053
0.582451	-0.161145
0.383122	-0.363292
0.188846	-0.581863
-0.013009	-0.832652
-0.216104	-1.068595
-0.412249	-1.257792
-0.616291	-1.403401
-0.817807	-1.530059
-1.009846	-1.645977
-1.211361	-1.739470
-1.414772	-1.795061
-1.616287	-1.858863
-1.813064	-1.936879
-2.019633	-2.029109
-2.220201	-2.123549
-2.413820	-2.187668
-2.613756	-2.250207
-2.817482	-2.288110
-3.012996	-2.368337
-3.212932	-2.488993
-3.423291	-2.558165
-3.612488	-2.597015
-3.812740	-2.636497
-4.014571	-2.692719
-4.215454	-2.790634
-4.414443	-2.903394
-4.617221	-2.944139
-4.812419	-2.977936
-5.013303	-3.015207
-5.213239	-3.107752
-5.408753	-3.223671
-5.616901	-3.297581
-5.818100	-3.326639
-6.009508	-3.365174
-6.213234	-3.404655
-6.413802	-3.524364
-6.610579	-3.636809
-6.817780	-3.663024
-7.020558	-3.693347
-7.213230	-3.707244
-7.411271	-3.804527
-7.614049	-3.929290
-7.807668	-3.991197
-8.016132	-4.000673
-8.217963	-4.018045
-8.418215	-4.073951
-8.610254	-4.211348
-8.815560	-4.314949
-9.005704	-4.332952
-9.082773	-4.326319
-9.141521	-4.296313
-9.127940	-4.320634
-9.081194	-4.385068
-9.099829	-4.390122
-9.128572	-4.342743
-9.150997	-4.308947
-9.141521	-4.290944
-9.066348	-4.342112
-8.982963	-4.372750
-8.813981	-4.248619
-8.614045	-4.160180
-8.421058	-4.074899
-8.212594	-4.063844
-8.017712	-4.057211
-7.813669	-3.992145
-7.614049	-3.884123
-7.412850	-3.777048
-7.214809	-3.735671
-7.018032	-3.715456
-6.815885	-3.690188
-6.613106	-3.585324
-6.419487	-3.492147
-6.213550	-3.397075
-6.011719	-3.371807
-5.823786	-3.356014
-5.617848	-3.279893
-5.414438	-3.176293
-5.216397	-3.084695
-5.014566	-3.023735
-4.810840	-3.013312
-4.606798	-2.966249
-4.418865	-2.868966
-4.216086	-2.775789
-4.012044	-2.678190
-3.817477	-2.666503
-3.612172	-2.629233
-3.422659	-2.542057
-3.217670	-2.446037
-3.016786	-2.355703
-2.817166	-2.291584
-2.612808	-2.257156
-2.408766	-2.198723
-2.220833	-2.100176
-2.015843	-2.007947
-1.813380	-1.922982
-1.617550	-1.875919
-1.416983	-1.813380
-1.212941	-1.726836
-1.014268	-1.632080
-0.817175	-1.512055
-0.615660	-1.402453
-0.416356	-1.268215
-0.220842	-1.066068
-0.013325	-0.819070
0.193585	-0.574599
0.383122	-0.351605
0.591928	-0.153249
0.786836	0.027108
0.982059	0.140514
1.185811	0.208432
1.395566	0.251393
1.581628	0.276033
1.783801	0.303200
1.984078	0.321522
2.188147	0.325629
2.387161	0.334158
2.590281	0.323417
2.787400	0.358166
2.987993	0.379647
3.183532	0.385017
3.381598	0.379015
3.585667	0.376172
3.788156	0.397969
3.990012	0.422608
4.182709	0.436824
4.382670	0.433665
4.581052	0.422924
4.790807	0.421977
4.987926	0.449775
5.187887	0.467150
5.382163	0.466834
5.585915	0.453250
5.783981	0.439035
5.990577	0.448196
6.189275	0.485472
6.386393	0.489262
6.590777	0.474731
6.787264	0.476311
6.986910	0.459252
7.185924	0.499055
7.395362	0.511375
7.584899	0.506637
7.788020	0.500951
7.983875	0.489578
8.190154	0.490526
8.385062	0.538542
8.587867	0.535067
8.787196	0.517377
8.985263	0.496844
9.186172	0.496528
9.386765	0.533804
9.586411	0.556548
9.786689	0.533488
9.985703	0.525590
9.786373	0.502214
9.579778	0.521168
9.383290	0.546755
9.185540	0.535699
8.983684	0.521800
8.790987	0.495896
8.593237	0.483892
8.387905	0.517061
8.182889	0.536963
7.985770	0.510111
7.787704	0.493369
7.587427	0.470940
7.390624	0.476311
7.184660	0.509480
6.984067	0.497160
6.784737	0.473152
6.586039	0.462727
6.388920	0.455462
6.188011	0.473468
5.992156	0.483576
5.784929	0.469045
5.587178	0.442826
5.382794	0.430190
5.188203	0.449775
4.985714	0.457357
4.784805	0.452303
4.586739	0.430822
4.385513	0.391651
4.181761	0.394810
3.988749	0.416606
3.786576	0.427979
3.585035	0.402391
3.386021	0.375856
3.192061	0.348689
2.978200	0.369222
2.788979	0.370802
2.587754	0.365116
2.387476	0.334790
2.185619	0.308254
1.985342	0.303200
1.785380	0.299093
1.586050	0.293407
1.387036	0.251393
1.187707	0.201166
0.988377	0.126615
0.784940	0.021738
0.579292	-0.155144
0.382174	-0.362344
0.187898	-0.589760
-0.016800	-0.820649
-0.215472	-1.048380
-0.415724	-1.278323
-0.619134	-1.433091
-0.819070	-1.544588
-1.011425	-1.622288
-1.215468	-1.702199
-1.414456	-1.801378
-1.610917	-1.903083
-1.811169	-1.969097
-2.021213	-2.017422
-2.216095	-2.075855
-2.412556	-2.166821
-2.615019	-2.259683
-2.816218	-2.339278
-3.013312	-2.387920
-3.213563	-2.436561
-3.417921	-2.501943
-3.609013	-2.603964
-3.811792	-2.700932
-4.014255	-2.736307
-4.214822	-2.781159
-4.419812	-2.817482
-4.617221	-2.913502
-4.813051	-3.022787
-5.014250	-3.086590
-5.217345	-3.119123
-5.412859	-3.153235
-5.613742	-3.229988
-5.817784	-3.348118
-6.006350	-3.425818
-6.212918	-3.470353
-6.418224	-3.499096
-6.610895	-3.531945
-6.815885	-3.631123
-7.019611	-3.752411
-7.222074	-3.794104
-7.413166	-3.822847
-7.614681	-3.826005
-7.814301	-3.901811
-8.015817	-4.025310
-8.216068	-4.114697
-8.419478	-4.147861
-8.607411	-4.172498
-8.813349	-4.191449
-9.009179	-4.301998
-9.040448	-4.374961
-9.080246	-4.369591
-9.113411	-4.344954
-9.160157	-4.304841
-9.166790	-4.307368
-9.099513	-4.365801
-9.063822	-4.392017
-9.102987	-4.340848
-9.097934	-4.308631
-9.012338	-4.249882
-8.818087	-4.238196
-8.606464	-4.242933
-8.416320	-4.149441
-8.213225	-4.070161
-8.019607	-3.955822
-7.814301	-3.916024
-7.616892	-3.929922
-7.407165	-3.874331
-7.216704	-3.764730
-7.017716	-3.665551
-6.819991	-3.584693
-6.613422	-3.567321
-6.416329	-3.548369
-6.210392	-3.461194
-6.018352	-3.371807
-5.818732	-3.261889
-5.609636	-3.223987
-5.418860	-3.215143
-5.216397	-3.157657
-5.012671	-3.061637
-4.811788	-2.970987
-4.620380	-2.891708
-4.415390	-2.873704
-4.214191	-2.837065
-4.015203	-2.743888
-3.807370	-2.660818
-3.611540	-2.564167
-3.421712	-2.505418
-3.215775	-2.472885
-3.011101	-2.409714
-2.814639	-2.312746
-2.612808	-2.220201
-2.410661	-2.141237
-2.218306	-2.099545
-2.008894	-2.050903
-1.812749	-1.956462
-1.617866	-1.865496
-1.414456	-1.772635
-1.208519	-1.712623
-1.013005	-1.653242
-0.816859	-1.554064
-0.616923	-1.425511
-0.416671	-1.250843
-0.208207	-1.049644
-0.013325	-0.838337
0.188846	-0.610290
0.382490	-0.375926
0.590349	-0.161145
0.792522	0.004679
0.984586	0.145253
1.185495	0.223279
1.389248	0.276665
1.577205	0.278876
1.784117	0.311413
1.988817	0.290564
2.182460	0.327840
2.389056	0.349005
2.590281	0.350584
2.786452	0.350269
2.983571	0.353112
3.183848	0.369854
3.386021	0.395757
3.587878	0.396705
3.782785	0.400812
3.988433	0.401128
4.184920	0.407130
4.383302	0.444721
4.585159	0.456093
4.788596	0.444089
4.984135	0.429874
5.190730	0.430506
5.384374	0.446301
5.591285	0.470625
5.783981	0.474099
5.992472	0.459252
6.194645	0.439351
6.388288	0.451039
6.585407	0.484524
6.782842	0.496528
6.987542	0.492105
7.186240	0.495264
7.387781	0.471256
7.585847	0.501582
7.788968	0.523379
7.986086	0.516745
8.181625	0.504109
8.386326	0.484208
8.597028	0.491158
8.788775	0.522747
8.986842	0.551494
9.183961	0.524959
9.387713	0.498423
9.583568	0.496212
9.786689	0.521168
9.984439	0.548967
9.782582	0.539490
9.586095	0.524959
9.382659	0.488946
9.188699	0.508216
8.989054	0.542333
8.784986	0.537594
8.591341	0.514218
8.388853	0.516745
8.184153	0.479154
7.978821	0.507584
7.793074	0.522115
7.584268	0.502214
7.387465	0.486419
7.185292	0.465570
6.984383	0.464307
6.783473	0.500319
6.591409	0.497476
6.392711	0.476942
6.184536	0.467150
5.987102	0.453250
5.787140	0.459568
5.581492	0.495264
5.383426	0.463359
5.187887	0.451039
4.989505	0.416922
4.782593	0.424188
4.587370	0.442194
4.387724	0.438403
4.181761	0.427979
3.989697	0.389124
3.788787	0.380279
3.589773	0.385017
3.388232	0.397337
3.183216	0.385333
2.987361	0.355955
2.789927	0.340792
2.593756	0.337949
2.386213	0.344898
2.183724	0.340160
1.983131	0.313941
1.784117	0.282983
1.579417	0.269715
1.387668	0.254868
1.190866	0.199271
0.985218	0.124403
0.785256	-0.005113
0.580240	-0.172516
0.381858	-0.369293
0.192005	-0.602394
-0.012062	-0.834863
-0.210734	-1.065437
-0.415724	-1.256529
-0.613133	-1.411929
-0.816543	-1.549010
-1.011110	-1.649452
-1.211361	-1.717676
-1.410982	-1.792534
-1.610602	-1.853494
-1.816539	-1.947618
-2.016159	-2.046481
-2.216095	-2.114390
-2.412241	-2.172823
-2.615967	-2.217358
-2.814639	-2.284951
-3.014891	-2.403081
-3.218933	-2.494678
-3.420764	-2.524685
-3.610593	-2.584697
-3.813371	-2.627969
-4.015834	-2.718303
-4.210084	-2.825694
-4.415390	-2.873704
-4.616590	-2.913502
-4.814946	-2.955510
-5.015514	-3.031000
-5.213871	-3.157657
-5.405594	-3.242306
-5.615322	-3.262521
-5.817784	-3.312110
-6.014562	-3.339589
-6.211655	-3.445401
-6.412222	-3.541420
-6.616580	-3.602696
-6.812410	-3.632703
-7.014873	-3.639967
-7.219231	-3.724932
-7.413797	-3.853801
-7.613418	-3.933712
-7.814617	-3.951084
-8.018974	-3.985196
-8.217648	-4.013307
-8.418215	-4.135859
-8.610887	-4.247987
-8.812402	-4.271360
-9.010758	-4.304525
-9.123834	-4.283995
-9.116885	-4.311790
-9.075192	-4.378119
-9.078351	-4.392964
-9.126677	-4.356641
-9.150997	-4.322529
-9.151629	-4.296945
-9.096354	-4.339901
-9.042975	-4.373382
-9.005704	-4.329793
-8.816192	-4.228404
-8.611834	-4.121014
-8.419163	-4.101431
-8.215436	-4.111854
-8.016764	-4.049631
-7.816196	-3.936239
-7.614365	-3.849063
-7.412218	-3.777996
-7.218915	-3.781786
-7.016452	-3.761255
-6.812726	-3.672184
-6.610263	-3.554055
-6.412539	-3.458667
-6.212918	-3.421080
-6.015825	-3.411288
-5.818100	-3.349065
-5.615953	-3.245781
-5.419492	-3.151340
-5.216082	-3.080904
-5.008565	-3.072061
-4.812419	-3.041739
-4.621011	-2.947614
-4.415390	-2.850015
-4.211980	-2.763471
-4.017413	-2.718303
-3.816530	-2.681980
-3.612172	-2.624811
-3.416974	-2.527527
-3.217354	-2.422980
-3.010153	-2.350965
-2.817482	-2.326328
-2.614072	-2.271685
-2.410029	-2.166821
-2.221148	-2.077435
-2.017422	-1.996260
-1.815275	-1.942565
-1.612813	-1.889817
-1.411929	-1.809274
-1.212625	-1.714834
-1.010478	-1.606495
-0.822229	-1.526268
-0.616291	-1.432144
-0.412565	-1.271374
-0.213577	-1.061646
-0.013325	-0.830125
0.190110	-0.584074
0.382806	-0.369609
0.590665	-0.160513
0.792522	0.019526
0.983954	0.130721
1.186127	0.197059
1.389564	0.259607
1.581628	0.278244
1.783485	0.312045
1.982815	0.314572
2.181513	0.315204
2.391899	0.312993
2.588701	0.349005
2.785504	0.370486
2.981675	0.378383
3.188586	0.368275
3.381914	0.373961
3.587562	0.378699
3.788471	0.410289
3.987801	0.441562
4.185552	0.421345
4.384881	0.425767
4.580105	0.415659
4.789543	0.436192
4.993927	0.463991
5.185992	0.466202
5.383742	0.452619
5.585283	0.431454
5.782402	0.440615
5.986470	0.469993
6.186431	0.490526
6.386393	0.476311
6.588882	0.468729
6.787896	0.463043
6.986910	0.486735
7.186556	0.526222
7.387149	0.517061
7.586479	0.499687
7.787072	0.483576
7.983875	0.490842
8.183520	0.530013
8.385062	0.537278
8.586919	0.512955
8.783090	0.498423
8.988421	0.489578
9.183013	0.536015
9.378868	0.547703
9.584200	0.527486
9.788584	0.522431
9.993600	0.497160
9.787637	0.509796
9.585464	0.542649
9.384870	0.546439
9.181749	0.523695
8.989685	0.506321
8.786249	0.494633
8.588182	0.519904
8.383799	0.546124
8.184468	0.526222
7.979768	0.506005
7.787072	0.487999
7.587111	0.489578
7.385885	0.509480
7.181185	0.504425
6.982803	0.484208
6.785369	0.464307
6.592673	0.453250
6.386393	0.483260
6.184852	0.497160
5.982679	0.473152
5.784929	0.464307
5.585599	0.439035
5.390376	0.473783
5.185676	0.473152
4.986662	0.461780
4.783225	0.435244
4.584843	0.409657
4.392463	0.400180
4.182393	0.433349
3.989065	0.428295
3.788471	0.421029
3.586614	0.384069
3.386021	0.365747
3.187323	0.372697
2.986414	0.380910
2.785820	0.372697
2.587438	0.351216
2.388740	0.325945
2.185303	0.311413
1.984078	0.320890
1.782537	0.309202
1.582576	0.282667
1.387352	0.248234
1.187075	0.192321
0.986797	0.133880
0.784940	0.008154
0.583715	-0.172832
0.383122	-0.382243
0.187267	-0.593866
-0.011430	-0.819702
-0.216420	-1.075860
-0.414776	-1.283376
-0.617555	-1.428669
-0.817807	-1.531322
-1.011425	-1.614076
-1.215783	-1.714834
-1.414456	-1.819066
-1.615024	-1.882236
-1.815907	-1.944460
-2.017422	-2.004156
-2.216095	-2.086279
-2.413820	-2.196512
-2.612808	-2.279582
-2.814955	-2.314641
-3.012048	-2.383814
-3.219249	-2.435614
-3.417921	-2.528791
-3.609645	-2.638708
-3.812740	-2.675979
-4.014571	-2.717356
-4.215454	-2.754943
-4.415074	-2.844645
-4.613747	-2.970987
-4.812419	-3.029104
-5.011408	-3.054373
-5.212291	-3.100172
-5.417597	-3.157026
-5.615953	-3.259994
-5.816521	-3.377808
-6.013614	-3.406867
-6.213866	-3.426134
-6.412539	-3.460878
-6.618160	-3.565425
-6.817780	-3.685450
-7.016768	-3.737566
-7.213546	-3.769468
-7.414113	-3.777996
-7.613418	-3.836429
-7.815880	-3.962770
-8.015817	-4.069213
-8.214805	-4.084059
-8.417899	-4.115644
-8.610887	-4.136175
-8.812402	-4.239459
-8.992123	-4.367696
-9.051819	-4.374013
-9.102356	-4.341480
-9.148471	-4.308947
-9.163631	-4.302946
-9.125097	-4.352219
-9.082773	-4.390438
-9.100777	-4.358536
-9.114675	-4.326635
-9.124782	-4.276098
-9.011390	-4.293786
-8.814928	-4.299471
-8.613729	-4.229983
-8.413477	-4.124172
-8.217015	-4.031943
-8.017079	-3.974141
-7.815565	-3.985196
-7.612786	-3.951400
-7.415692	-3.830427
-7.218915	-3.738514
-7.013610	-3.649443
-6.818411	-3.646600
-6.613422	-3.627965
-6.414433	-3.539526
-6.212286	-3.439399
-6.014246	-3.336115
-5.818100	-3.282736
-5.612795	-3.285894
-5.417597	-3.228724
-5.213871	-3.129546
-5.013303	-3.031947
-4.807997	-2.964354
-4.618484	-2.938770
-4.415074	-2.902447
-4.220824	-2.821588
-4.016466	-2.722726
-3.811160	-2.625442
-3.612172	-2.576485
-3.419816	-2.554691
-3.217354	-2.486151
-3.018049	-2.381918
-2.813376	-2.299165
-2.614072	-2.214515
-2.404344	-2.169033
-2.214831	-2.125129
-2.018686	-2.030056
-1.814960	-1.936879
-1.611233	-1.858232
-1.411297	-1.785269
-1.215783	-1.731258
-1.010478	-1.651347
-0.817491	-1.550273
-0.617239	-1.414456
-0.412565	-1.249580
-0.212313	-1.077755
-0.013325	-0.860447
0.195164	-0.597024
0.384701	-0.371188
0.583399	-0.163672
0.784308	0.008154
0.985534	0.141462
1.192129	0.211275
1.384193	0.274770
1.580996	0.279192
1.785380	0.276349
1.981867	0.312993
2.184356	0.335737
2.387476	0.338580
2.586490	0.347741
2.786768	0.342371
2.984518	0.360061
3.184796	0.388808
3.388864	0.396073
3.584719	0.399232
3.792578	0.393546
3.986222	0.397969
4.183024	0.421977
4.391200	0.446617
4.582000	0.441562
4.784805	0.437140
4.987926	0.426399
5.183465	0.441246
5.383110	0.475363
5.586231	0.472520
5.783350	0.453882
5.983943	0.454198
6.189275	0.447248
6.391448	0.477574
6.589829	0.505373
6.786316	0.499055
6.983119	0.487367
7.185292	0.468729
7.387781	0.487999
7.588058	0.514850
7.787388	0.530013
7.985138	0.500319
8.185101	0.489578
8.383166	0.495264
8.586603	0.525906
8.787196	0.543912
8.984315	0.518957
9.186172	0.512955
9.384870	0.498739
9.585464	0.520852
9.787320	0.554021
9.985703	0.542649
9.785110	0.526854
9.584831	0.515166
9.378868	0.502846
9.182065	0.537278
8.988421	0.548335
8.787828	0.523379
8.585340	0.502214
8.385378	0.492737
8.184153	0.506005
7.985455	0.527170
7.790231	0.508532
7.588058	0.482313
7.386201	0.477574
7.186240	0.466518
6.983119	0.486103
6.781262	0.506321
6.587934	0.482629
6.388920	0.465886
6.185484	0.455777
5.987102	0.469361
5.786508	0.490210
5.582440	0.478838
5.382478	0.450723
5.187887	0.433981
4.983819	0.435244
4.784805	0.448828
4.590213	0.445985
4.385197	0.420713
4.183972	0.402391
3.987170	0.385333
3.786892	0.397337
3.586930	0.405866
3.392339	0.385649
3.186059	0.371433
2.982307	0.353743
2.787400	0.353743
2.588386	0.361957
2.382106	0.351532
2.186567	0.327208
1.985342	0.306043
1.780642	0.284562
1.581312	0.280140
1.387352	0.262134
1.185811	0.205589
0.984902	0.125667
0.785572	0.002152
0.585926	-0.160829
0.379963	-0.371504
0.190741	-0.598288
-0.011746	-0.825071
-0.212945	-1.053118
-0.416356	-1.240736
-0.616923	-1.416983
-0.812437	-1.559749
-1.012373	-1.626394
-1.212309	-1.709148
-1.412245	-1.774214
-1.615024	-1.865496
-1.816539	-1.961516
-2.017107	-2.040164
-2.217674	-2.097018
-2.417610	-2.155135
-2.609650	-2.227466
-2.814008	-2.319063
-3.015207	-2.422664
-3.222092	-2.466252
-3.420764	-2.517420
-3.613120	-2.556586
-3.812424	-2.660818
-4.014571	-2.761260
-4.211664	-2.832327
-4.415074	-2.864228
-4.618801	-2.893287
-4.806418	-2.966565
-5.007617	-3.077114
-5.209764	-3.176924
-5.416333	-3.207246
-5.616901	-3.238832
-5.817153	-3.264100
-6.016773	-3.382862
-6.214182	-3.500675
-6.412539	-3.541420
-6.618160	-3.572374
-6.818727	-3.595116
-7.011083	-3.657023
-7.213861	-3.775785
-7.414429	-3.878753
-7.615313	-3.899284
-7.810827	-3.925500
-8.014237	-3.941608
-8.216700	-4.062581
-8.422005	-4.184500
-8.612466	-4.220508
-8.812717	-4.238196
-9.015812	-4.252093
-9.105199	-4.299471
-9.063190	-4.374013
-9.053082	-4.400861
-9.116885	-4.358536
-9.152576	-4.330425
-9.173739	-4.291259
-9.113727	-4.338953
-9.058768	-4.389174
-9.062558	-4.354746
-9.011390	-4.298524
-8.816823	-4.191765
-8.615940	-4.150388
-8.420742	-4.159864
-8.209751	-4.130805
-8.014553	-4.014886
-7.810827	-3.917287
-7.606784	-3.827269
-7.417272	-3.829796
-7.218915	-3.822215
-7.014241	-3.729670
-6.819675	-3.617857
-6.614686	-3.525944
-6.415065	-3.482671
-6.214498	-3.478881
-6.012982	-3.417921
-5.816837	-3.314321
-5.620375	-3.222407
-5.416333	-3.138074
-5.213239	-3.118176
-5.016146	-3.109963
-4.813999	-3.003836
-4.615958	-2.914449
-4.419812	-2.832011
-4.216086	-2.778316
-4.012044	-2.761891
-3.818741	-2.694614
-3.611856	-2.602069
-3.417606	-2.504154
-3.221144	-2.428665
-3.013312	-2.392973
-2.814955	-2.339278
-2.620073	-2.253050
-2.412872	-2.151976
-2.216727	-2.058799
-2.015527	-2.018370
-1.820013	-1.977309
-1.614392	-1.891396
-1.410034	-1.790323
-1.215468	-1.698409
-1.011425	-1.616919
-0.815596	-1.546167
-0.615976	-1.442883
-0.415724	-1.270742
-0.212945	-1.055013
-0.011114	-0.818123
0.187267	-0.587549
0.385333	-0.363292
0.585610	-0.144721
0.783361	0.016999
0.985218	0.135144
1.187075	0.206536
1.385773	0.257079
1.581628	0.294671
1.791066	0.298462
1.982815	0.301937
2.185303	0.306043
2.385897	0.331631
2.588070	0.354375
2.788663	0.367959
2.983255	0.368275
3.185743	0.356586
3.386021	0.370802
3.590089	0.398916
3.786892	0.427979
3.988433	0.420081
4.183341	0.416922
4.390883	0.398916
4.581052	0.438087
4.783541	0.464938
4.988557	0.456725
5.184096	0.446932
5.382163	0.435244
5.591601	0.441878
5.783033	0.471256
5.987733	0.488946
6.187063	0.481049
6.393975	0.462411
6.588882	0.455462
6.785369	0.481365
6.987857	0.514850
7.189714	0.505373
7.385885	0.496844
7.586479	0.481365
7.791811	0.491790
7.983875	0.520536
8.188575	0.535383
8.386642	0.520536
8.582812	0.504741
8.788144	0.490210
8.989054	0.510427
9.180170	0.534435
9.382975	0.534119
9.585148	0.517061
9.784162	0.497160
9.986335	0.515482
9.785425	0.540753
9.581988	0.553705
9.382975	0.538226
9.182382	0.501898
8.984631	0.503478
8.795726	0.511375
8.588814	0.543912
8.383166	0.530013
8.183837	0.507584
7.983559	0.482629
7.791811	0.481997
7.587427	0.503794
7.386833	0.506953
7.189083	0.480417
6.985646	0.462411
6.786633	0.456409
6.593305	0.468413
6.389868	0.487683
6.189590	0.480417
5.988997	0.464307
5.785561	0.441878
5.584651	0.448828
5.384690	0.478838
5.189466	0.466518
4.986662	0.444721
4.786700	0.420081
4.591477	0.404602
4.384881	0.420081
4.183972	0.439035
3.988749	0.411868
3.785628	0.397021
3.587878	0.372697
3.386653	0.370802
3.186691	0.397969
2.984202	0.384701
2.787400	0.355323
2.582700	0.337001
2.386213	0.325313
2.186567	0.330683
1.979340	0.338264
1.784748	0.299409
1.585103	0.273822
1.386721	0.237494
1.185179	0.201482
0.985218	0.140514
0.786204	0.015420
0.584031	-0.166515
0.382490	-0.375926
0.187582	-0.589128
-0.014589	-0.832020
-0.207260	-1.087862
-0.409091	-1.274217
-0.609343	-1.416351
-0.816227	-1.507633
-1.015532	-1.631448
-1.213257	-1.732206
-1.416351	-1.810853
-1.614076	-1.868339
-1.814644	-1.929615
-2.015211	-2.011737
-2.218306	-2.102703
-2.411609	-2.209146
-2.619125	-2.251786
-2.811165	-2.307061
-3.015207	-2.360440
-3.216090	-2.467199
-3.416342	-2.567325
-3.613435	-2.608070
-3.813687	-2.663345
-4.016466	-2.693983
-4.214191	-2.771999
-4.415390	-2.882232
-4.618484	-2.969724
-4.812735	-2.989307
-5.015198	-3.046161
-5.217977	-3.081220
-5.415701	-3.192717
-5.610268	-3.305161
-5.824101	-3.355066
-6.016457	-3.380335
-6.213550	-3.410025
-6.418224	-3.475723
-6.610895	-3.608066
-6.817148	-3.677870
-7.018979	-3.699032
-7.216704	-3.727459
-7.413797	-3.765677
-7.615313	-3.887597
-7.814301	-4.004463
-8.014553	-4.039839
-8.216068	-4.061317
-8.419794	-4.067950
-8.610887	-4.151651
-8.816823	-4.289996
-8.993386	-4.365801
-9.078667	-4.336426
-9.121623	-4.316528
-9.156367	-4.300103
-9.116570	-4.347481
-9.089406	-4.387911
-9.104251	-4.368959
-9.127309	-4.331057
-9.156683	-4.280836
-9.100777	-4.300103
-8.995597	-4.353167
-8.810506	-4.299788
-8.610570	-4.178184
-8.415689	-4.087533
-8.219858	-4.018677
-8.014869	-4.024362
-7.811458	-4.004148
-7.613101	-3.906864
-7.413166	-3.818425
-7.218915	-3.705033
-7.016768	-3.684503
-6.818727	-3.685450
-6.613106	-3.608698
-6.416013	-3.502570
-6.216393	-3.409393
-6.011403	-3.336747
-5.817469	-3.332957
-5.615953	-3.307688
-5.416649	-3.196192
-5.215765	-3.096066
-5.016146	-3.021524
-4.813051	-2.975093
-4.618169	-2.963722
-4.416337	-2.897077
-4.213875	-2.783370
-4.015203	-2.700616
-3.819057	-2.637761
-3.604907	-2.605228
-3.416974	-2.562587
-3.211668	-2.465620
-3.015839	-2.372127
-2.813692	-2.282108
-2.612808	-2.235046
-2.414767	-2.193669
-2.217674	-2.110284
-2.010473	-2.022792
-1.817171	-1.928035
-1.617550	-1.856652
-1.412561	-1.804852
-1.212625	-1.740418
-1.013636	-1.634607
-0.817175	-1.533849
-0.615976	-1.405296
-0.418882	-1.256213
-0.207260	-1.070490
-0.013325	-0.824755
0.188214	-0.588812
0.385017	-0.358870
0.582767	-0.150406
0.790626	0.010049
0.991220	0.137671
1.186443	0.223279
1.387984	0.251077
1.581944	0.264661
1.783485	0.298146
1.984394	0.315836
2.185303	0.329419
2.385897	0.333842
2.589017	0.326260
2.792770	0.336369
2.984518	0.375856
3.189218	0.384701
3.383494	0.394178
3.588510	0.388176
3.788156	0.388492
3.985906	0.411552
4.181761	0.441878
4.386145	0.440299
4.581368	0.429874
4.783541	0.429242
4.988557	0.430822
5.189782	0.452934
5.385953	0.480417
5.585915	0.457989
5.787140	0.452303
5.990577	0.444089
6.186431	0.467782
6.390184	0.496528
6.588882	0.484524
6.780630	0.484840
6.984383	0.467150
7.187187	0.471888
7.386201	0.514850
7.588374	0.526854
7.794970	0.498423
7.983875	0.486103
8.182889	0.490842
8.385694	0.514534
8.585340	0.536331
8.787828	0.527486
8.988106	0.514534
9.182697	0.490526
9.383290	0.504109
9.583568	0.544228
9.786689	0.543596
9.986966	0.532856
9.786689	0.515166
9.586095	0.501898
9.388029	0.528433
9.184277	0.548335
8.984631	0.527802
8.791619	0.501266
8.586287	0.498423
8.382851	0.504109
8.184784	0.532540
7.983875	0.540437
7.786125	0.507900
7.588058	0.479470
7.389044	0.466202
7.182133	0.490210
6.985014	0.517061
6.785369	0.485788
6.592673	0.470625
6.395554	0.443773
6.186748	0.473468
5.987418	0.497160
5.785876	0.481049
5.583704	0.466518
5.382794	0.443773
5.186624	0.436508
4.987609	0.449144
4.792070	0.448196
4.587054	0.434297
4.384565	0.415659
4.182393	0.396073
3.985274	0.405234
3.786892	0.416922
3.585983	0.398600
3.386969	0.385017
3.186375	0.363852
2.982623	0.353427
2.791506	0.364484
2.589649	0.370486
2.384001	0.337317
2.184672	0.324365
1.985342	0.295935
1.783485	0.283299
1.582260	0.298778
1.389564	0.263081
1.186759	0.204325
0.989008	0.118401
0.786520	0.004363
0.580240	-0.170305
0.382490	-0.374031
0.194532	-0.595761
-0.010482	-0.834863
-0.214209	-1.048696
-0.416040	-1.260003
-0.616607	-1.446041
-0.817175	-1.547747
-1.010794	-1.628605
-1.209466	-1.701884
-1.415719	-1.775794
-1.613760	-1.891712
-1.814644	-1.969412
-2.017107	-2.027845
-2.220201	-2.090701
-2.410661	-2.143132
-2.615967	-2.247049
-2.809270	-2.356966
-3.009837	-2.410345
-3.218617	-2.460566
-3.418869	-2.493415
-3.611540	-2.577748
-3.815582	-2.689245
-4.014571	-2.758733
-4.214822	-2.793161
-4.418865	-2.835801
-4.613431	-2.893603
-4.808629	-3.000046
-5.011408	-3.105857
-5.216082	-3.144075
-5.415386	-3.177556
-5.617533	-3.221776
-5.818416	-3.293791
-6.011403	-3.422975
-6.217972	-3.494674
-6.414750	-3.515205
-6.609316	-3.546474
-6.814621	-3.585640
-7.016768	-3.719563
-7.218599	-3.803580
-7.411586	-3.833902
-7.613418	-3.864540
-7.816196	-3.891387
-8.013289	-3.991197
-8.215436	-4.120698
-8.419478	-4.172182
-8.611518	-4.190502
-8.819666	-4.208505
-9.015812	-4.259042
-9.065717	-4.346534
-9.051503	-4.392333
-9.096670	-4.363906
-9.136468	-4.333584
-9.184162	-4.293786
-9.138363	-4.326635
-9.072350	-4.380014
-9.073298	-4.371171
-9.087194	-4.325056
-9.015180	-4.246408
-8.812085	-4.187975
-8.614992	-4.217665
-8.420426	-4.192713
-8.216700	-4.078373
-8.017712	-3.988039
-7.815248	-3.877490
-7.613418	-3.879385
-7.410007	-3.860118
-7.217968	-3.797579
-7.017716	-3.703138
-6.816833	-3.590062
-6.617212	-3.535104
-6.413486	-3.527207
-6.213234	-3.498780
-6.011087	-3.384125
-5.820311	-3.295686
-5.612163	-3.213248
-5.412227	-3.175977
-5.215450	-3.145339
-5.012671	-3.077746
-4.804207	-3.000678
-4.609957	-2.903710
-4.416022	-2.841487
-4.213875	-2.813376
-4.014255	-2.770420
-3.814950	-2.666188
-3.610593	-2.577748
-3.415710	-2.489309
-3.217354	-2.453617
-3.013628	-2.419505
-2.814955	-2.320959
-2.615335	-2.227466
-2.413188	-2.138079
-2.216411	-2.072065
-2.017738	-2.036690
-1.815275	-1.966570
-1.612181	-1.876235
-1.413508	-1.786848
-1.208519	-1.697778
-1.011110	-1.639344
-0.814964	-1.566698
-0.617555	-1.418562
-0.414460	-1.258740
-0.217051	-1.038273
-0.012062	-0.812437
0.188846	-0.592602
0.378383	-0.369609
0.590033	-0.143457
0.787152	0.004995
0.985218	0.132301
1.187075	0.210011
1.390195	0.264029
1.581944	0.298778
1.782537	0.298146
1.987237	0.296882
2.179617	0.319311
2.386213	0.342371
2.589649	0.355639
2.786768	0.358482
2.989573	0.358798
3.188271	0.354059
3.386653	0.385333
3.586614	0.415659
3.790998	0.405234
3.987801	0.412816
4.184288	0.409657
4.386145	0.415659
4.582000	0.447248
4.787648	0.460832
4.986662	0.445353
5.186307	0.438087
5.382163	0.433349
5.584020	0.449144
5.784297	0.478838
5.987102	0.475679
6.188327	0.457989
6.388920	0.449460
6.590777	0.470940
6.785053	0.500951
6.985331	0.505057
7.194137	0.496212
7.384622	0.485788
7.587427	0.480733
7.787388	0.507268
7.983559	0.536331
8.186996	0.528749
8.387589	0.514218
8.581233	0.495896
8.786880	0.514850
8.989054	0.534435
9.180486	0.540437
9.382659	0.525590
9.584831	0.499055
9.785425	0.500635
9.985071	0.540121
9.784162	0.548019
9.588939	0.528749
9.390556	0.503478
9.183645	0.497792
8.989054	0.514218
8.788775	0.537910
8.582497	0.533172
8.383482	0.514218
8.184784	0.491790
7.981348	0.478206
7.787704	0.511059
7.589322	0.521168
7.381779	0.493685
7.187187	0.475363
6.984383	0.461148
6.783157	0.481365
6.592673	0.504109
6.385446	0.489578
6.184220	0.473468
5.987102	0.449775
5.785876	0.443458
5.583704	0.475679
5.385637	0.469361
5.187887	0.455777
4.986978	0.436824
4.784489	0.433349
4.586422	0.420713
4.385513	0.440930
4.182077	0.424820
3.994119	0.392598
3.788787	0.384385
3.588194	0.374277
3.388548	0.386912
3.188271	0.394178
2.985466	0.370170
2.786768	0.354375
2.590281	0.333526
2.389688	0.326576
2.186567	0.338580
1.984394	0.318679
1.779378	0.296250
1.581312	0.266240
1.386721	0.244444
1.185811	0.219804
0.983006	0.134828
0.784940	0.015104
0.584663	-0.160513
0.385333	-0.370241
0.187582	-0.596708
-0.010798	-0.841496
-0.212945	-1.072070
-0.414460	-1.265057
-0.616607	-1.399295
-0.816543	-1.529111
-1.008267	-1.650399
-1.213888	-1.729363
-1.412877	-1.794745
-1.613128	-1.856968
-1.813064	-1.933721
-2.013948	-2.042059
-2.213884	-2.138079
-2.412556	-2.184194
-2.608386	-2.242627
-2.814323	-2.296006
-3.015839	-2.383182
-3.221144	-2.474464
-3.416974	-2.552796
-3.612804	-2.584381
-3.813056	-2.623231
-4.014886	-2.705353
-4.216086	-2.808322
-4.416337	-2.893919
-4.620064	-2.934348
-4.812103	-2.971619
-5.012039	-3.017102
-5.210712	-3.116912
-5.416965	-3.235042
-5.615005	-3.294106
-5.817153	-3.314321
-6.015509	-3.337379
-6.216709	-3.402445
-6.410327	-3.527523
-6.618160	-3.619121
-6.814305	-3.646600
-7.022138	-3.681344
-7.219863	-3.711666
-7.411271	-3.806738
-7.613733	-3.935607
-7.810511	-3.968456
-8.016448	-3.998146
-8.218595	-4.020572
-8.419163	-4.080268
-8.612149	-4.209453
-8.812085	-4.316528
-9.006968	-4.326635
-9.094460	-4.318423
-9.142469	-4.292207
-9.120044	-4.328530
-9.077720	-4.392017
-9.104251	-4.382226
-9.124150	-4.341796
-9.153524	-4.303577
-9.132047	-4.302630
-9.061927	-4.348745
-8.993702	-4.361063
-8.815560	-4.258410
-8.613729	-4.162706
-8.414425	-4.075215
-8.220174	-4.065107
-8.017712	-4.067634
-7.815565	-3.968140
-7.613733	-3.875595
-7.408744	-3.774521
-7.212598	-3.739146
-7.016768	-3.730618
-6.814937	-3.686082
-6.611843	-3.574585
-6.414750	-3.480777
-6.214182	-3.398654
-6.012667	-3.382862
-5.817153	-3.362647
-5.617848	-3.260626
-5.414438	-3.183241
-5.214818	-3.079325
-5.009512	-3.042370
-4.813683	-3.018365
-4.616273	-2.960248
-4.420444	-2.868335
-4.214822	-2.778948
-4.015518	-2.693351
-3.815266	-2.673768
-3.614067	-2.614388
-3.416342	-2.540162
-3.216090	-2.442563
-3.015839	-2.337067
-2.816218	-2.292847
-2.609018	-2.266000
-2.410029	-2.184825
-2.217358	-2.090069
-2.016159	-2.004472
-1.817486	-1.930878
-1.610917	-1.874656
-1.412561	-1.802641
-1.216099	-1.721782
-1.010794	-1.629869
-0.814648	-1.522794
-0.621661	-1.417299
-0.414776	-1.284008
-0.209471	-1.083756
-0.015536	-0.833915
0.186951	-0.592918
0.386596	-0.364871
0.587506	-0.154512
0.789047	0.028371
0.986165	0.137039
1.186443	0.205273
1.387036	0.256764
1.582576	0.272558
1.786328	0.296250
1.982183	0.320574
2.184040	0.323417
2.382738	0.322154
2.586174	0.332894
2.789295	0.362588
2.982307	0.384385
3.184796	0.377120
3.388864	0.377435
3.586298	0.381542
3.785312	0.398600
3.990328	0.430506
4.190922	0.426715
4.383618	0.431454
4.586422	0.422924
4.784173	0.418186
4.986978	0.455777
5.188203	0.468097
5.384058	0.455146
5.584967	0.449775
5.786508	0.438719
5.983627	0.459884
6.189907	0.491158
6.389236	0.489578
6.592673	0.465254
6.782526	0.468097
6.985646	0.466834
7.186872	0.499687
7.383990	0.518641
7.594060	0.497160
7.789599	0.510427
7.985138	0.483260
8.185101	0.498107
8.384746	0.536963
8.588498	0.532224
8.785933	0.523063
8.989685	0.492105
9.185856	0.500319
9.381711	0.532224
9.584516	0.550230
9.787004	0.531908
9.989809	0.505689
9.789216	0.504109
9.582621	0.525274
9.391188	0.546124
9.182697	0.540121
8.986842	0.526222
8.786880	0.501898
8.589130	0.500003
8.391379	0.527170
8.184784	0.538858
7.980400	0.504425
7.787704	0.485472
7.589954	0.476311
7.388412	0.490210
7.181817	0.515482
6.987542	0.490842
6.787264	0.476627
6.586355	0.457357
6.391448	0.459252
6.187695	0.486419
5.987418	0.490210
5.782086	0.463043
5.584020	0.450723
5.384058	0.454198
5.187255	0.486735
4.990768	0.457041
4.787964	0.464307
4.585475	0.423556
4.383618	0.406814
4.183972	0.409025
3.988433	0.422924
3.792894	0.412184
3.585667	0.394810
3.384126	0.370802
3.187007	0.358482
2.982939	0.372065
2.787400	0.378699
2.588386	0.376172
2.386529	0.334474
2.184040	0.312993
1.985342	0.301937
1.782537	0.304464
1.580048	0.292460
1.388300	0.246023
1.187391	0.191373
0.982691	0.124403
0.785572	0.013208
0.585610	-0.153565
0.383437	-0.373715
0.186319	-0.600499
-0.012693	-0.813385
-0.206312	-1.055645
-0.416671	-1.282429
-0.616291	-1.436250
-0.810858	-1.528479
-1.016163	-1.604600
-1.212941	-1.698725
-1.416983	-1.802957
-1.617235	-1.895818
