# Configuration automatically generated by WRITE_CONFIG()
connection eth
ip 192.168.0.10
samplehz 1000.000000
settleus 10.000000
nsample 128

# Analog Inputs
aichannel 0
ainegative 199
airange 10.000000
airesolution 0

aichannel 1
ainegative 199
airange 10.000000
airesolution 0

# Analog Outputs
aochannel 0
aosignal triangle
aofrequency 5.000000
aoamplitude 2.000000
aooffset 2.500000
aoduty 0.500000

# Meta Parameters
int:periods 10
flt:tip_T_C 405.516602
flt:plate_T_C 266.512818
flt:plate_Q_kW 0.889161
flt:cool_Thigh_C 50.290439
flt:cool_Tlow_C 12.079565
flt:air_psig 20.000000
flt:water_gph 4.900000
flt:standoff_in 0.228000
flt:oxygen_scfh 11.250000
flt:fuel_scfh 6.187156
flt:flow_scfh 17.437156
flt:ratio_fto 0.549969

## End Configuration ##
#: Wed Apr 12 18:03:36 2017
-7.620366	-3.936555
-8.980436	-4.495301
-8.945061	-4.535099
-8.931794	-4.532572
-8.971592	-4.487721
-9.033500	-4.395807
-8.959906	-4.417917
-8.808295	-4.473823
-8.619414	-4.430551
-8.404001	-4.347166
-8.227755	-4.191133
-8.010762	-4.058790
-7.819039	-4.082163
-7.614049	-4.095114
-7.415692	-3.999410
-7.226180	-3.932448
-7.015505	-3.726511
-6.819675	-3.703770
-6.622266	-3.718299
-6.412854	-3.680081
-6.217656	-3.605855
-6.014246	-3.488989
-5.819048	-3.343064
-5.619743	-3.352540
-5.417281	-3.312742
-5.214186	-3.270417
-5.014882	-3.161763
-4.808629	-3.044581
-4.617221	-2.935296
-4.415074	-2.962143
-4.213559	-2.901499
-4.020888	-2.836433
-3.812424	-2.723989
-3.613120	-2.615967
-3.426765	-2.543004
-3.216722	-2.526264
-3.020261	-2.459619
-2.820325	-2.386656
-2.609334	-2.250207
-2.422348	-2.171875
-2.211041	-2.109020
-2.027845	-2.079962
-1.810222	-1.978256
-1.613128	-1.910032
-1.415088	-1.776425
-1.210414	-1.701252
-1.010478	-1.616919
-0.823176	-1.546167
-0.609343	-1.370236
-0.421093	-1.178828
-0.209471	-0.889822
-0.016168	-0.684516
0.191057	-0.412249
0.375224	-0.217051
0.591928	0.011629
0.774516	0.140830
0.989956	0.222331
1.176966	0.282035
1.391459	0.350269
1.581312	0.374592
1.791382	0.393862
1.978076	0.375856
2.190674	0.431769
2.376736	0.422293
2.593440	0.484524
2.778555	0.484840
2.990520	0.477258
3.177214	0.465570
3.388864	0.495896
3.585667	0.514218
3.790683	0.552126
3.983063	0.520852
4.187447	0.527802
4.376352	0.529381
4.599374	0.541385
4.773748	0.573290
4.996139	0.602037
5.179990	0.556864
5.393851	0.594140
5.572963	0.587822
5.791247	0.602037
5.986470	0.649105
6.182009	0.609618
6.382602	0.619095
6.591725	0.624781
6.776840	0.602669
6.985646	0.673429
7.175499	0.646894
7.391572	0.618779
7.580793	0.664900
7.787704	0.615936
7.979768	0.650369
8.186996	0.669007
8.380639	0.669639
8.590710	0.672482
8.781826	0.677852
8.992212	0.654476
9.180486	0.700912
9.386450	0.681958
9.578830	0.689540
9.788584	0.693647
9.972751	0.677536
9.793323	0.683222
9.575670	0.704703
9.383290	0.658898
9.185540	0.690172
8.979576	0.658898
8.789723	0.665848
8.582497	0.669639
8.382218	0.675956
8.188575	0.651948
7.981664	0.661109
7.791495	0.640892
7.584899	0.651632
7.376093	0.629204
7.187187	0.679115
6.979644	0.613409
6.781262	0.658266
6.588882	0.589717
6.387657	0.629204
6.182325	0.602037
5.988365	0.618464
5.781770	0.598246
5.585915	0.595719
5.380899	0.552757
5.184096	0.588453
4.990137	0.561918
4.778171	0.580556
4.583580	0.559707
4.388988	0.567288
4.171336	0.514534
3.995699	0.553705
3.778679	0.515482
3.587878	0.530645
3.377808	0.503162
3.179110	0.475679
2.981043	0.463043
2.787715	0.472520
2.583647	0.439667
2.391899	0.457041
2.176774	0.403023
1.993871	0.404918
1.776219	0.365431
1.597423	0.373329
1.375980	0.339212
1.192129	0.321522
0.980163	0.229912
0.787467	0.138619
0.578661	0.006575
0.384069	-0.168726
0.186319	-0.417619
-0.013957	-0.642823
-0.218631	-0.946991
-0.410354	-1.171564
-0.627978	-1.396136
-0.810542	-1.532586
-1.019638	-1.634291
-1.207887	-1.721467
-1.422668	-1.799483
-1.610286	-1.889501
-1.822540	-1.992786
-2.015527	-2.067011
-2.221464	-2.132077
-2.408450	-2.188931
-2.615651	-2.282424
-2.808322	-2.365810
-3.023735	-2.452670
-3.209773	-2.524685
-3.425502	-2.578380
-3.603012	-2.643446
-3.823479	-2.726516
-4.012044	-2.831695
-4.206610	-2.896446
-4.422971	-2.961828
-4.617537	-2.988991
-4.809893	-3.071429
-5.020252	-3.173766
-5.211344	-3.244201
-5.417597	-3.326955
-5.609004	-3.346222
-5.822838	-3.389494
-6.013614	-3.506361
-6.216077	-3.580902
-6.416329	-3.691136
-6.619107	-3.707560
-6.816833	-3.730933
-7.020558	-3.803264
-7.218599	-3.924236
-7.413482	-4.011412
-7.616576	-4.088797
-7.813037	-4.086270
-8.015184	-4.123857
-8.226491	-4.212296
-8.415372	-4.341164
-8.617204	-4.411600
-8.814928	-4.451714
-8.954852	-4.429288
-9.004441	-4.425813
-8.972856	-4.473191
-8.949482	-4.520570
-8.954220	-4.524992
-9.001283	-4.488352
-9.041712	-4.432446
-9.013600	-4.446344
-8.942533	-4.508251
-8.915054	-4.524992
-8.906210	-4.495933
-8.818087	-4.407810
-8.611518	-4.278309
-8.419163	-4.328530
-8.209119	-4.268517
-8.023712	-4.231879
-7.813354	-4.106484
-7.616576	-3.954558
-7.411586	-3.924868
-7.222390	-3.931185
-7.015505	-3.875595
-6.812410	-3.810529
-6.618475	-3.649759
-6.416645	-3.573006
-6.209760	-3.545842
-6.026248	-3.557529
-5.814310	-3.478881
-5.615322	-3.384757
-5.410648	-3.243886
-5.223978	-3.179451
-5.008249	-3.176924
-4.813367	-3.123861
-4.617537	-3.039844
-4.421075	-2.922346
-4.210084	-2.787476
-4.020256	-2.783054
-3.808949	-2.750521
-3.621964	-2.686718
-3.410341	-2.585013
-3.228093	-2.478254
-3.007942	-2.381287
-2.823483	-2.367073
-2.615967	-2.316221
-2.412556	-2.226202
-2.217990	-2.140290
-2.020265	-2.009526
-1.811169	-1.944776
-1.621657	-1.908137
-1.399295	-1.816539
-1.222732	-1.731574
-1.006372	-1.613760
-0.812753	-1.470994
-0.621661	-1.381923
-0.414776	-1.183250
-0.213577	-0.959310
-0.018379	-0.653246
0.191057	-0.397404
0.381542	-0.181360
0.583715	-0.006060
0.781465	0.158836
0.987113	0.241285
1.184864	0.305411
1.385773	0.307307
1.576258	0.346478
1.791382	0.396705
1.975549	0.441562
2.183408	0.424504
2.389688	0.442826
2.583963	0.398916
2.789927	0.467466
2.978832	0.505689
3.183216	0.524327
3.384757	0.504109
3.581560	0.485156
3.789103	0.477258
3.988117	0.550862
4.177338	0.555284
4.391200	0.581188
4.576314	0.524643
4.788911	0.551494
4.980344	0.543596
5.187887	0.627940
5.378372	0.613409
5.585599	0.617516
5.781138	0.578661
5.987418	0.577713
6.180746	0.604248
6.388920	0.666480
6.590777	0.637417
6.782526	0.636470
6.979960	0.584347
7.192558	0.620991
7.376725	0.638049
7.593744	0.684486
7.779807	0.665216
7.990193	0.646578
8.182257	0.629836
8.389484	0.649105
8.579021	0.682906
8.792883	0.721129
8.980208	0.660162
9.191226	0.668375
9.375710	0.644999
9.593045	0.692699
9.775949	0.709125
9.991388	0.725236
9.774685	0.650053
9.595888	0.670270
9.376972	0.657950
9.184592	0.674377
8.983367	0.696490
8.790356	0.667743
8.576179	0.643103
8.390116	0.662373
8.174359	0.625097
7.991772	0.699017
7.776016	0.660793
7.592481	0.631731
7.379251	0.654791
7.185924	0.614673
6.981540	0.642156
6.783473	0.651317
6.584775	0.619095
6.392079	0.627624
6.175059	0.590665
5.991209	0.586242
5.778927	0.611830
5.586231	0.596667
5.379951	0.587190
5.197364	0.580872
4.974026	0.556548
4.797441	0.562234
4.576630	0.572975
4.382039	0.538226
4.182709	0.554021
3.986854	0.526854
3.784681	0.523695
3.585035	0.517377
3.376860	0.519272
3.189534	0.496528
2.970935	0.475047
2.794034	0.463359
2.587754	0.455146
2.384949	0.417238
2.184988	0.434297
1.984710	0.386596
1.785380	0.394810
1.580048	0.346162
1.383562	0.343003
1.188654	0.293407
0.978584	0.244128
0.783677	0.147464
0.581820	0.035637
0.380279	-0.205996
0.182212	-0.415092
-0.007324	-0.693992
-0.220210	-0.949518
-0.416671	-1.216731
-0.613133	-1.350338
-0.822545	-1.543325
-1.013321	-1.631132
-1.219258	-1.735996
-1.412245	-1.810853
-1.612497	-1.907189
-1.819381	-1.960253
-2.014895	-2.062274
-2.218306	-2.115969
-2.419821	-2.242627
-2.607439	-2.276423
-2.824747	-2.355387
-3.011101	-2.409082
-3.224303	-2.532265
-3.413815	-2.575853
-3.621648	-2.693351
-3.814950	-2.735044
-4.018677	-2.784001
-4.211980	-2.868650
-4.423918	-2.961512
-4.612484	-3.011417
-4.813367	-3.139338
-5.009512	-3.130810
-5.217345	-3.211668
-5.408121	-3.258731
-5.632378	-3.387599
-5.814310	-3.457403
-6.021511	-3.523101
-6.209128	-3.532892
-6.422962	-3.622279
-6.613738	-3.698400
-6.814937	-3.815582
-7.014873	-3.871804
-7.225864	-3.921710
-7.405901	-3.930553
-7.623525	-4.034785
-7.808616	-4.124488
-8.022133	-4.205663
-8.208803	-4.261253
-8.423901	-4.277362
-8.605201	-4.322213
-8.815560	-4.427077
-8.912527	-4.486773
-8.933373	-4.511094
-8.971908	-4.485510
-9.021181	-4.445080
-9.020234	-4.452029
-8.992438	-4.491511
-8.954852	-4.513937
-8.961485	-4.517095
-8.983595	-4.464664
-8.987700	-4.443501
-8.936532	-4.455188
-8.817140	-4.468138
-8.615940	-4.418549
-8.422637	-4.310842
-8.214805	-4.179447
-8.025608	-4.137122
-7.813037	-4.099220
-7.626368	-4.075847
-7.407480	-4.017413
-7.224916	-3.876858
-7.013926	-3.796315
-6.820622	-3.748937
-6.615001	-3.734724
-6.418540	-3.682292
-6.211339	-3.594168
-6.012035	-3.443506
-5.819995	-3.397707
-5.615322	-3.371807
-5.415701	-3.332957
-5.220188	-3.255888
-5.011408	-3.141865
-4.820316	-3.043318
-4.610904	-3.002888
-4.422971	-2.944455
-4.220192	-2.915713
-4.010780	-2.797899
-3.822531	-2.708512
-3.612488	-2.600806
-3.422975	-2.590698
-3.219565	-2.536056
-3.018997	-2.464356
-2.815271	-2.357598
-2.617546	-2.263473
-2.412872	-2.180087
-2.218937	-2.162715
-2.015527	-2.064801
-1.820961	-1.997208
-1.616603	-1.861390
-1.414456	-1.783374
-1.211046	-1.706306
-1.018690	-1.648504
-0.814332	-1.532586
-0.617239	-1.381607
-0.416356	-1.145032
-0.217051	-0.923618
-0.017115	-0.686727
0.189162	-0.439097
0.381226	-0.166199
0.579292	-0.012062
0.790626	0.127562
0.976057	0.220120
1.191813	0.313309
1.378507	0.359745
1.589209	0.386281
1.779378	0.365747
1.981551	0.370170
2.182460	0.428611
2.386213	0.473783
2.585227	0.477258
2.787400	0.477258
2.978200	0.426715
3.187323	0.474415
3.377808	0.512955
3.591669	0.563182
3.783733	0.545176
3.992856	0.505057
4.179550	0.501582
4.379511	0.528117
4.587370	0.602669
4.786068	0.602037
4.980976	0.595719
5.182833	0.539174
5.377424	0.538858
5.589390	0.612462
5.777347	0.657003
5.988681	0.647526
6.184536	0.625413
6.390500	0.557496
6.584459	0.594455
6.789159	0.648789
6.985646	0.692067
7.184344	0.657003
7.389992	0.614673
7.587742	0.574870
7.786757	0.640260
7.988929	0.691119
8.180362	0.693015
8.387273	0.660793
8.577127	0.630783
8.790987	0.615620
8.988421	0.699649
9.173221	0.732186
9.387081	0.728395
9.578197	0.658898
9.784162	0.649421
9.979701	0.658266
9.785425	0.729027
9.582305	0.723341
9.381711	0.691119
9.180801	0.627940
8.990317	0.637417
8.775825	0.637417
8.587234	0.707862
8.380639	0.675325
8.182889	0.666164
7.976925	0.607723
7.793074	0.642156
7.576686	0.655739
7.389044	0.682906
7.182765	0.660478
6.985014	0.618464
6.780946	0.593824
6.589514	0.611514
6.389236	0.620675
6.190538	0.651317
5.978889	0.584347
5.793458	0.603932
5.571700	0.563814
5.389112	0.588769
5.182833	0.603932
4.999613	0.590665
4.776276	0.551494
4.586739	0.556548
4.381091	0.538226
4.183656	0.554021
3.980220	0.547703
3.793526	0.537278
3.575242	0.483576
3.387600	0.512007
3.174687	0.464623
2.990204	0.502214
2.777291	0.465254
2.591861	0.434613
2.381474	0.430822
2.183092	0.404287
1.977760	0.400496
1.786960	0.403655
1.574046	0.358482
1.392407	0.350269
1.176966	0.286142
0.993431	0.245075
0.774832	0.143989
0.585610	0.008786
0.380910	-0.147879
0.192637	-0.388244
-0.023117	-0.657353
-0.205996	-0.937516
-0.421093	-1.199991
-0.616923	-1.393610
-0.818438	-1.532586
-1.010162	-1.649452
-1.220205	-1.712623
-1.407191	-1.814644
-1.627026	-1.910979
-1.805168	-1.972255
-2.028477	-2.065432
-2.216095	-2.138079
-2.411925	-2.185773
-2.618809	-2.310220
-2.812744	-2.357913
-3.017734	-2.448880
-3.220828	-2.518999
-3.417921	-2.573642
-3.615646	-2.661450
-3.808634	-2.741361
-4.023730	-2.802005
-4.216718	-2.913186
-4.413495	-2.934980
-4.622591	-3.024683
-4.811156	-3.080589
-5.011092	-3.187348
-5.221135	-3.228093
-5.414754	-3.327271
-5.617533	-3.344959
-5.822206	-3.440347
-6.012667	-3.499412
-6.215445	-3.589430
-6.418540	-3.655760
-6.613106	-3.714825
-6.831046	-3.746410
-7.013926	-3.862013
-7.216388	-3.892967
-7.419167	-4.017729
-7.606153	-4.057211
-7.822513	-4.098272
-8.017079	-4.150704
-8.223965	-4.250830
-8.420742	-4.306736
-8.612782	-4.396755
-8.817771	-4.432446
-8.952009	-4.439711
-8.955483	-4.468770
-8.983595	-4.476034
-8.960853	-4.497196
-8.963064	-4.518359
-9.002230	-4.482036
-9.018023	-4.460557
-8.976014	-4.483615
-8.964959	-4.490880
-8.927373	-4.505409
-8.916949	-4.490880
-8.811769	-4.386963
-8.614361	-4.355694
-8.418215	-4.292523
-8.220806	-4.275466
-8.013605	-4.184500
-7.822829	-4.109327
-7.604889	-3.994040
-7.418535	-3.958033
-7.211967	-3.919814
-7.028139	-3.876226
-6.806725	-3.790630
-6.621003	-3.671869
-6.416013	-3.611856
-6.216709	-3.574269
-6.003191	-3.524049
-5.825681	-3.481724
-5.607741	-3.361699
-5.424545	-3.277366
-5.210080	-3.203140
-5.020883	-3.185452
-4.800733	-3.103646
-4.620064	-3.053109
-4.411600	-2.929926
-4.218297	-2.834854
-4.014886	-2.807374
-3.818741	-2.741045
-3.610909	-2.674716
-3.422028	-2.593857
-3.211668	-2.478254
-3.024998	-2.424559
-2.807374	-2.351280
-2.620704	-2.311167
-2.410029	-2.240100
-2.221780	-2.108073
-2.014264	-2.036374
-1.826330	-1.955515
-1.607127	-1.911611
-1.417930	-1.817171
-1.217047	-1.729047
-1.018058	-1.606180
-0.810226	-1.510476
-0.620398	-1.378448
-0.411302	-1.208519
-0.220842	-0.953308
-0.007324	-0.673777
0.176842	-0.428358
0.390387	-0.224316
0.583399	0.003100
0.783677	0.133249
0.985218	0.254868
1.182020	0.280456
1.387984	0.313309
1.588893	0.358798
1.782221	0.404602
1.987869	0.432717
2.179933	0.424504
2.386213	0.401444
2.590281	0.454514
2.778239	0.465570
2.984834	0.521800
3.181637	0.501582
3.380335	0.491790
3.582824	0.457989
3.789103	0.529697
3.982747	0.559707
4.184288	0.576134
4.385513	0.553073
4.580737	0.526222
4.784805	0.530013
4.982871	0.602669
5.189150	0.616568
5.384058	0.639628
5.575490	0.561286
5.789667	0.556864
5.978572	0.599194
6.195277	0.649421
6.379128	0.658898
6.587303	0.642472
6.779683	0.574238
6.982803	0.579292
7.181501	0.646262
7.395994	0.689856
7.582372	0.671850
7.790547	0.646262
7.973766	0.584979
8.191418	0.639313
8.374638	0.682906
8.593237	0.734081
8.783405	0.690172
8.987790	0.625097
9.180170	0.615936
9.387713	0.685433
9.584200	0.745769
9.781634	0.735977
9.985071	0.687960
9.788584	0.647526
9.574408	0.617200
9.387713	0.711337
9.176064	0.738504
8.990633	0.683222
8.778352	0.657003
8.583760	0.585610
8.383166	0.647526
8.180677	0.699964
7.979768	0.715443
7.786125	0.674061
7.584899	0.604564
7.391888	0.580872
7.181185	0.659530
6.986910	0.679747
6.778735	0.655107
6.591093	0.620043
6.381023	0.564130
6.187063	0.551810
5.991840	0.638681
5.780506	0.632363
5.587178	0.619095
5.381215	0.557812
5.185360	0.545176
4.987926	0.560339
4.779435	0.591296
4.586422	0.591296
4.384881	0.563498
4.179550	0.493369
3.993803	0.510111
3.786576	0.509796
3.589458	0.561602
3.381283	0.509480
3.181953	0.491474
2.978200	0.437140
2.790874	0.454514
2.587122	0.454198
2.387476	0.455777
2.184040	0.411868
1.984710	0.389439
1.782221	0.353112
1.586366	0.358166
1.384193	0.348373
1.189918	0.325945
0.974161	0.221699
0.790626	0.155993
0.577081	-0.005429
0.387860	-0.204417
0.182528	-0.445730
-0.012062	-0.687043
-0.214840	-0.936884
-0.417935	-1.174091
-0.620713	-1.397716
-0.810858	-1.524689
-1.019006	-1.663349
-1.202518	-1.721467
-1.418878	-1.824119
-1.607127	-1.878130
-1.823803	-1.990575
-2.011105	-2.057852
-2.224307	-2.150397
-2.411293	-2.213568
-2.616914	-2.276739
-2.814008	-2.341173
-3.020261	-2.449827
-3.216090	-2.518683
-3.424554	-2.610597
-3.601749	-2.646605
-3.818741	-2.745783
-4.008569	-2.787791
-4.220192	-2.888549
-4.416337	-2.984885
-4.618169	-3.015523
-4.812419	-3.100803
-5.019620	-3.142496
-5.211344	-3.227461
-5.419492	-3.323165
-5.609636	-3.376229
-5.825049	-3.433714
-6.011403	-3.510151
-6.220183	-3.545527
-6.408748	-3.650074
-6.626056	-3.729986
-6.809252	-3.775153
-7.028771	-3.858539
-7.217652	-3.912865
-7.411271	-3.951716
-7.618471	-4.068266
-7.813669	-4.108064
-8.012341	-4.182290
-8.221437	-4.248303
-8.412530	-4.275466
-8.620362	-4.380646
-8.810190	-4.453609
-8.927056	-4.472244
-8.949799	-4.488037
-8.975066	-4.476034
-8.997492	-4.467822
-8.977278	-4.495933
-8.992123	-4.490880
-8.982963	-4.494986
-8.965590	-4.503198
-8.983278	-4.467190
-8.953904	-4.478245
-8.916634	-4.481719
-8.807980	-4.458662
-8.616571	-4.374329
-8.412530	-4.321581
-8.221122	-4.196819
-8.016132	-4.190817
-7.812406	-4.087217
-7.621945	-4.077110
-7.408112	-3.990250
-7.224916	-3.892019
-7.015189	-3.827901
-6.818411	-3.780207
-6.619107	-3.708823
-6.412222	-3.679449
-6.220183	-3.563846
-6.020247	-3.500991
-5.808940	-3.417606
-5.623850	-3.391074
-5.407805	-3.312742
-5.220503	-3.270102
-5.007933	-3.123229
-4.820000	-3.090064
-4.616905	-2.999098
-4.421075	-2.958037
-4.213559	-2.891076
-4.024994	-2.809270
-3.808318	-2.696194
-3.618173	-2.673136
-3.420448	-2.568588
-3.221460	-2.547742
-3.010153	-2.435614
-2.827273	-2.371179
-2.605543	-2.260630
-2.420453	-2.206619
-2.216411	-2.142185
-2.022476	-2.068591
-1.812749	-1.982362
-1.618814	-1.889501
-1.411297	-1.786848
-1.216099	-1.742945
-1.006688	-1.616919
-0.826966	-1.529427
-0.602394	-1.367394
-0.427410	-1.181039
-0.205681	-0.946991
-0.020906	-0.703783
0.192321	-0.427095
0.372065	-0.198100
0.587190	-0.011430
0.783045	0.126931
0.983954	0.223595
1.177282	0.300041
1.395566	0.352480
1.569308	0.351848
1.794541	0.384385
1.973022	0.387228
2.195728	0.426399
2.380843	0.472520
2.587122	0.456093
2.791822	0.459884
2.982939	0.452303
3.178478	0.492737
3.387916	0.509796
3.579981	0.529065
3.791314	0.524959
3.983695	0.500319
4.191870	0.506637
4.382670	0.569500
4.595900	0.555916
4.783225	0.596035
4.992980	0.557812
5.180621	0.561602
5.387217	0.567920
5.582440	0.640260
5.785876	0.629204
5.987102	0.642156
6.182957	0.578029
6.383234	0.593192
6.592673	0.632679
6.778419	0.668059
6.990069	0.662689
7.183712	0.636785
7.382411	0.576449
7.590901	0.645315
7.781070	0.656687
7.984823	0.713864
8.180677	0.660793
8.384114	0.640576
8.583128	0.616568
8.787196	0.680379
8.985579	0.709757
9.184592	0.730922
9.381395	0.664900
9.587043	0.647210
9.780371	0.642472
9.984123	0.735977
9.786689	0.716075
9.585148	0.726184
9.380763	0.631731
9.191226	0.610882
8.981156	0.655423
8.799200	0.710073
8.581549	0.697437
8.381903	0.682906
8.187311	0.601721
7.977557	0.620043
7.780755	0.659530
7.595008	0.713232
7.371986	0.669323
7.190978	0.632995
6.975538	0.561918
6.787580	0.617516
6.582248	0.650369
6.391448	0.669639
6.182325	0.628888
5.991209	0.571079
5.779559	0.542017
5.588442	0.602353
5.376161	0.620043
5.193257	0.620991
4.981923	0.557812
4.791439	0.528749
4.570312	0.517061
4.387724	0.582767
4.178918	0.592560
3.984326	0.552757
3.784997	0.507268
3.587878	0.458621
3.380019	0.485472
3.186375	0.522747
2.979464	0.500951
2.798456	0.463675
2.577645	0.411236
2.389056	0.392598
2.186251	0.426715
1.986921	0.425136
1.775587	0.414079
1.583523	0.355639
1.383246	0.315204
1.187075	0.292776
0.989640	0.249182
0.782729	0.150939
0.580872	0.012577
0.385965	-0.198416
0.179369	-0.423936
-0.009535	-0.693044
-0.221157	-0.979208
-0.415724	-1.209150
-0.619766	-1.352548
-0.820334	-1.512687
-1.008583	-1.607443
-1.218310	-1.741050
-1.410982	-1.822856
-1.616287	-1.917296
-1.817486	-1.957410
-2.012053	-2.028477
-2.222412	-2.121970
-2.414136	-2.228097
-2.615967	-2.293163
-2.812744	-2.381603
-3.018997	-2.392658
-3.219565	-2.494047
-3.418237	-2.577748
-3.618489	-2.703458
-3.803580	-2.743572
-4.018677	-2.806111
-4.211664	-2.856016
-4.419812	-2.922662
-4.614063	-3.030368
-4.812735	-3.121966
-5.015830	-3.173134
-5.214502	-3.212932
-5.411595	-3.255256
-5.620691	-3.370859
-5.812099	-3.448559
-6.014878	-3.537314
-6.208180	-3.568900
-6.423277	-3.615646
-6.612790	-3.670289
-6.823465	-3.784944
-7.007293	-3.890124
-7.220494	-3.932764
-7.413797	-3.964350
-7.619419	-4.029416
-7.811142	-4.079005
-8.021186	-4.213875
-8.216068	-4.255252
-8.428638	-4.319686
-8.605832	-4.350640
-8.826615	-4.406230
-8.931794	-4.455503
-8.935585	-4.500355
-8.960853	-4.494038
-8.987385	-4.480456
-8.991175	-4.484246
-9.015180	-4.468454
-8.973171	-4.494354
-8.952009	-4.518043
-8.958958	-4.492774
-8.950114	-4.487405
-8.934953	-4.464664
-8.818719	-4.407810
-8.607096	-4.395491
-8.420110	-4.317791
-8.205645	-4.244829
-8.021186	-4.170918
-7.815880	-4.094166
-7.611838	-4.031627
-7.419167	-3.996883
-7.221442	-3.911602
-7.008556	-3.852537
-6.821886	-3.761887
-6.609948	-3.683871
-6.422014	-3.648811
-6.211655	-3.589430
-6.011087	-3.496885
-5.824101	-3.468458
-5.610899	-3.333272
-5.428967	-3.307688
-5.209133	-3.229988
-5.015198	-3.171871
-4.814314	-3.099224
-4.618169	-3.024051
-4.419180	-2.913502
-4.216086	-2.885391
-4.012044	-2.801057
-3.820320	-2.748310
-3.603960	-2.655133
-3.422343	-2.605228
-3.222407	-2.482992
-3.017734	-2.459303
-2.807690	-2.357598
-2.624179	-2.306429
-2.409714	-2.216727
-2.221780	-2.127340
-2.017422	-2.037637
-1.814960	-1.984258
-1.612813	-1.895502
-1.414456	-1.821592
-1.209782	-1.700936
-1.020585	-1.629869
-0.809910	-1.514266
-0.630189	-1.382239
-0.406248	-1.158614
-0.219262	-0.950150
-0.010798	-0.663670
0.186951	-0.434675
0.385333	-0.200627
0.575502	-0.018379
0.789995	0.153782
0.978584	0.230228
1.192761	0.293723
1.377560	0.313941
1.585419	0.385017
1.774640	0.379963
1.995135	0.432401
2.172984	0.406182
2.391267	0.422293
2.584595	0.462411
2.785504	0.466834
2.984202	0.488631
3.187007	0.503478
3.381914	0.477890
3.585667	0.513270
3.774572	0.508216
3.999489	0.536963
4.176707	0.553389
4.388672	0.528749
4.579157	0.591612
4.795861	0.551494
4.978133	0.578345
5.193889	0.613725
5.376161	0.605512
5.588126	0.567920
5.781138	0.594771
5.988997	0.612462
6.175691	0.636785
6.393659	0.659530
6.577510	0.611198
6.794214	0.612462
6.976801	0.608355
7.190031	0.632995
7.389676	0.682906
7.581109	0.649105
7.792127	0.636470
7.980084	0.622254
8.182889	0.659214
8.388536	0.693647
8.577758	0.701544
8.792883	0.675325
8.982420	0.654476
9.180170	0.638049
9.385502	0.715759
9.585148	0.691119
9.779739	0.733765
9.988862	0.662373
9.781950	0.657634
9.583252	0.646578
9.382343	0.717655
9.177958	0.704387
8.994740	0.680063
8.785301	0.619727
8.583760	0.646262
8.387905	0.667743
8.180362	0.700596
7.986402	0.659214
7.789916	0.671218
7.578266	0.585926
7.396626	0.652580
7.176131	0.651632
6.990385	0.685749
6.784737	0.621307
6.582248	0.603932
6.387025	0.567604
6.188959	0.627624
5.990261	0.611514
5.784929	0.646894
5.571700	0.565709
5.391324	0.566657
5.179674	0.535383
4.995507	0.611830
4.779435	0.586558
4.586107	0.591928
4.376668	0.519904
4.190606	0.494001
3.979272	0.534751
3.790051	0.559075
3.585667	0.526222
3.383494	0.514850
3.182585	0.431454
2.987045	0.467150
2.778239	0.460832
2.597862	0.480733
2.376420	0.450407
2.186883	0.409341
1.976813	0.361325
1.787591	0.389755
1.576258	0.373961
1.389248	0.369222
1.182020	0.301937
0.985218	0.230860
0.771357	0.126931
0.589085	0.001836
0.375224	-0.197152
0.195480	-0.408775
-0.025959	-0.698098
-0.206312	-0.900561
-0.423936	-1.201886
-0.614712	-1.410982
-0.819386	-1.537639
-1.013321	-1.651663
-1.213572	-1.693671
-1.414772	-1.773267
-1.619446	-1.902451
-1.807695	-1.980783
-2.020581	-2.097018
-2.213252	-2.129551
-2.418242	-2.157346
-2.614072	-2.265684
-2.817482	-2.367073
-3.011732	-2.483939
-3.219249	-2.533844
-3.417921	-2.574274
-3.617226	-2.600490
-3.818109	-2.716408
-4.018361	-2.831064
-4.214822	-2.912870
-4.422339	-2.960564
-4.616590	-2.978884
-4.819368	-3.032895
-5.009197	-3.162079
-5.222714	-3.260942
-5.413490	-3.336115
-5.616269	-3.331061
-5.824417	-3.391074
-6.011403	-3.455508
-6.214814	-3.602381
-6.414118	-3.683555
-6.614686	-3.730933
-6.822518	-3.736619
-7.013926	-3.781786
-7.219863	-3.889808
-7.416640	-4.030364
-7.607732	-4.075847
-7.820302	-4.126383
-8.015817	-4.112802
-8.221753	-4.204715
-8.420742	-4.299471
-8.615940	-4.427392
-8.811454	-4.458031
-8.942533	-4.460873
-8.997176	-4.434341
-9.001283	-4.449186
-8.963064	-4.498460
-8.949799	-4.529729
-8.985490	-4.502250
-9.003493	-4.470349
-9.007600	-4.455503
-8.981699	-4.473823
-8.923266	-4.506041
-8.907158	-4.505724
-8.803557	-4.429604
-8.627311	-4.345902
-8.417268	-4.271992
-8.217648	-4.245144
-8.019607	-4.204083
-7.811458	-4.118487
-7.608364	-3.996251
-7.425168	-3.956453
-7.211650	-3.880332
-7.026875	-3.866435
-6.807357	-3.790314
-6.626372	-3.718299
-6.408748	-3.621332
-6.217340	-3.559740
-6.006665	-3.512678
-5.818416	-3.458667
-5.615637	-3.389494
-5.422650	-3.303266
-5.215450	-3.219249
-5.019620	-3.150708
-4.809893	-3.082168
-4.626065	-3.050583
-4.409073	-2.940033
-4.217981	-2.870545
-4.015518	-2.810217
-3.814635	-2.703774
-3.612488	-2.679138
-3.420448	-2.591330
-3.204404	-2.515841
-3.012680	-2.448880
-2.815587	-2.341173
-2.615967	-2.285899
-2.411609	-2.233151
-2.224307	-2.130498
-2.013632	-2.059431
-1.819381	-1.983942
-1.606495	-1.885711
-1.419510	-1.805800
-1.212309	-1.726520
-1.013952	-1.618814
-0.823492	-1.529427
-0.616923	-1.355075
-0.416671	-1.181987
-0.217367	-0.947623
-0.007956	-0.674093
0.181580	-0.416040
0.384701	-0.191151
0.581188	0.002784
0.781781	0.113979
0.992799	0.245075
1.181705	0.282983
1.386721	0.359114
1.577521	0.349637
1.785696	0.388176
1.979340	0.397021
2.187831	0.422608
2.382422	0.447880
2.586174	0.469993
2.790243	0.437456
2.981991	0.487367
3.183848	0.484524
3.384442	0.514218
3.583140	0.504109
3.791630	0.538226
3.975165	0.505689
4.194713	0.526222
4.376036	0.550230
4.586422	0.564130
4.782909	0.575818
4.989189	0.558759
5.186624	0.573290
5.382478	0.594771
5.578018	0.594771
5.791247	0.632679
5.974150	0.601405
6.190854	0.608355
6.378496	0.607723
6.593305	0.632363
6.774944	0.631415
6.992596	0.647526
7.180238	0.615936
7.394099	0.605512
7.586163	0.644051
7.793074	0.650369
7.978505	0.671534
8.186364	0.672797
8.376533	0.628256
8.593868	0.669007
8.779931	0.665848
8.991581	0.691435
9.183013	0.718286
9.381080	0.652896
9.584516	0.672797
9.788900	0.670270
9.984439	0.705651
9.785741	0.710073
9.578514	0.709757
9.394031	0.641840
9.177643	0.672797
8.987473	0.665848
8.787512	0.699333
8.589762	0.688908
8.375901	0.652580
8.188575	0.624781
7.976925	0.647842
7.785809	0.645946
7.592165	0.701544
7.377357	0.648789
7.184344	0.623202
6.987857	0.599510
6.773996	0.640576
6.589829	0.648474
6.381971	0.657003
6.185800	0.590665
5.986470	0.584347
5.778927	0.560023
5.595707	0.617200
5.380583	0.596035
5.189782	0.622254
4.981607	0.542017
4.787964	0.558443
4.576630	0.542965
4.386461	0.577081
4.184288	0.566657
3.990328	0.550230
3.779626	0.485156
3.586298	0.500951
3.387600	0.490526
3.180373	0.528117
2.976621	0.471256
2.795613	0.467150
2.573854	0.407446
2.391899	0.422924
2.180881	0.428926
1.991976	0.429558
1.779694	0.374592
1.583523	0.350269
1.382930	0.303832
1.195920	0.308886
0.976689	0.252025
0.794417	0.162311
0.571395	-0.002902
0.391967	-0.181360
0.177474	-0.439413
-0.009851	-0.679147
-0.223053	-0.970049
-0.408459	-1.187988
-0.621345	-1.361076
-0.815280	-1.505422
-1.016795	-1.640608
-1.206939	-1.742313
-1.426458	-1.841491
-1.606180	-1.876235
-1.823488	-1.961516
-2.006999	-2.012369
-2.228413	-2.156714
-2.410661	-2.235994
-2.619125	-2.284635
-2.815587	-2.340542
-3.023735	-2.382234
-3.216406	-2.514893
-3.421712	-2.618809
-3.607750	-2.687666
-3.823163	-2.746415
-4.008885	-2.746731
-4.215454	-2.837065
-4.407810	-2.988675
-4.622907	-3.051846
-4.796627	-3.121334
-5.023726	-3.141865
-5.207553	-3.149445
-5.421703	-3.268522
-5.615637	-3.400865
-5.817784	-3.458351
-6.006350	-3.525312
-6.216077	-3.494042
-6.413170	-3.558477
-6.621634	-3.723037
-6.812095	-3.823479
-7.029087	-3.889492
-7.214177	-3.920762
-7.404953	-3.874331
-7.622893	-4.019940
-7.807352	-4.134595
-8.017079	-4.258094
-8.219858	-4.264411
-8.422637	-4.265043
-8.614045	-4.251146
-8.809243	-4.417917
-8.895155	-4.508251
-8.922951	-4.519622
-8.957378	-4.494669
-9.048345	-4.422339
-9.048029	-4.421391
-8.974119	-4.503513
-8.946956	-4.531940
-8.942533	-4.530046
-8.976962	-4.475718
-9.029078	-4.400861
-8.943797	-4.438132
-8.815560	-4.485510
-8.614676	-4.411916
-8.415689	-4.333268
-8.223017	-4.178499
-8.014869	-4.104905
-7.811142	-4.080268
-7.622262	-4.100483
-7.402742	-3.993408
-7.227759	-3.911602
-7.015189	-3.765046
-6.822202	-3.742936
-6.617212	-3.699032
-6.419803	-3.688925
-6.210392	-3.593221
-6.019300	-3.497517
-5.815258	-3.382862
-5.622902	-3.363910
-5.416965	-3.309583
-5.221767	-3.283683
-5.002880	-3.145971
-4.817789	-3.080273
-4.610272	-2.963407
-4.427077	-2.951404
-4.211348	-2.895498
-4.023730	-2.823167
-3.809897	-2.724305
-3.616594	-2.639340
-3.420764	-2.558797
-3.222092	-2.528791
-3.012048	-2.445089
-2.827905	-2.384130
-2.608070	-2.273264
-2.420768	-2.198407
-2.211041	-2.127656
-2.025950	-2.076171
-1.810538	-1.982047
-1.623868	-1.892660
-1.409718	-1.795377
-1.218626	-1.706937
-1.010162	-1.623868
-0.821281	-1.526268
-0.614396	-1.365814
-0.423304	-1.162404
-0.210418	-0.893296
-0.023748	-0.671250
0.202745	-0.412565
0.371433	-0.191467
0.585926	0.003100
0.784940	0.168313
0.983006	0.222331
1.183916	0.300673
1.393038	0.335421
1.577837	0.372697
1.784748	0.385649
1.981551	0.397021
2.189410	0.415027
2.378947	0.454514
2.586806	0.452934
2.787400	0.485156
2.983886	0.462727
3.176267	0.489262
3.391391	0.485156
3.581244	0.534751
3.782154	0.516113
3.989381	0.536647
4.183972	0.533172
4.382039	0.538858
4.587054	0.549598
4.781646	0.572659
4.986030	0.581504
5.181569	0.596983
5.384690	0.580556
5.586231	0.601089
5.776400	0.598246
5.993735	0.630468
6.176639	0.605512
6.390500	0.650053
6.586355	0.609618
6.779683	0.623518
6.983119	0.637101
7.187503	0.636154
7.387781	0.628572
7.590586	0.663005
7.785493	0.621307
7.984191	0.667427
8.181941	0.641524
8.383166	0.682590
8.582180	0.667743
8.791303	0.679747
8.981472	0.663005
9.185225	0.677536
9.382027	0.675325
9.582936	0.699649
9.784477	0.702492
9.982544	0.665848
9.781003	0.675641
9.587675	0.693331
9.375077	0.665848
9.187119	0.703439
8.980524	0.662373
8.793514	0.652264
8.579969	0.659846
8.387905	0.668375
8.180677	0.675325
7.982612	0.679115
7.786125	0.632363
7.587742	0.639944
7.384622	0.636154
7.191610	0.650685
6.979644	0.646894
6.794214	0.645630
6.582248	0.586558
6.399029	0.618464
6.177902	0.616568
5.986786	0.603616
5.791563	0.625729
5.584967	0.559707
5.380899	0.572343
5.190098	0.583399
4.982555	0.579924
4.785752	0.603301
4.577893	0.555600
4.387093	0.536647
4.180497	0.537910
3.986538	0.520220
3.786892	0.552441
3.582824	0.507584
3.380651	0.498423
3.185112	0.458621
2.979148	0.473468
2.782345	0.462095
2.590281	0.463991
2.387161	0.433349
2.182460	0.400180
1.987869	0.387228
1.779062	0.382806
1.584155	0.376488
1.382930	0.363220
1.183916	0.287089
0.988693	0.248234
0.780834	0.120613
0.587822	0.012577
0.376172	-0.193362
0.187582	-0.411618
-0.015852	-0.676620
-0.215156	-0.939727
-0.415092	-1.198096
-0.623872	-1.401190
-0.820965	-1.558486
-1.006688	-1.624183
-1.215152	-1.721467
-1.406560	-1.787480
-1.618498	-1.924245
-1.812117	-1.979836
-2.030056	-2.075224
-2.205356	-2.115337
-2.415399	-2.172507
-2.615335	-2.275476
-2.818429	-2.384130
-3.015207	-2.462777
-3.217985	-2.517736
-3.422975	-2.541109
-3.621964	-2.648184
-3.807370	-2.744835
-4.023730	-2.849067
-4.207558	-2.904342
-4.426445	-2.918240
-4.615010	-2.970040
-4.817473	-3.085958
-5.008881	-3.192401
-5.218608	-3.255572
-5.412543	-3.315900
-5.622586	-3.302950
-5.812731	-3.383178
-6.017720	-3.508256
-6.210707	-3.609645
-6.425488	-3.680712
-6.610895	-3.678501
-6.824413	-3.708192
-7.006029	-3.822847
-7.217652	-3.938450
-7.413797	-4.027205
-7.613418	-4.058790
-7.812722	-4.059422
-8.017712	-4.080268
-8.219543	-4.242618
-8.423901	-4.362958
-8.605832	-4.414443
-8.825983	-4.422023
-8.991807	-4.369591
-8.995281	-4.422339
-8.936848	-4.512357
-8.933373	-4.532888
-8.957063	-4.522465
-9.033500	-4.462137
-9.065085	-4.400861
-8.981068	-4.473823
-8.931163	-4.527834
-8.912527	-4.527518
-8.912527	-4.492774
-8.815876	-4.327899
-8.610887	-4.290944
-8.421058	-4.332005
-8.211646	-4.305473
-8.020870	-4.204083
-7.819986	-4.102694
-7.603942	-3.913497
-7.421694	-3.940029
-7.212914	-3.932133
-7.022769	-3.892019
-6.811779	-3.793157
-6.615001	-3.656076
-6.415381	-3.553107
-6.216393	-3.584377
-6.012351	-3.530366
-5.821575	-3.501623
-5.613111	-3.351908
-5.418544	-3.251466
-5.211975	-3.161132
-5.016777	-3.198402
-4.803576	-3.103646
-4.625433	-3.048372
-4.414443	-2.918871
-4.224298	-2.816534
-4.008569	-2.778948
-3.815582	-2.763787
-3.614067	-2.672505
-3.417606	-2.606491
-3.208826	-2.476359
-3.017102	-2.428349
-2.807059	-2.346859
-2.624811	-2.318116
-2.402449	-2.237573
-2.228097	-2.124813
-2.008894	-2.024055
-1.823172	-1.969412
-1.615024	-1.891080
-1.417614	-1.827278
-1.212309	-1.718308
-1.016163	-1.626394
-0.804857	-1.482681
-0.626083	-1.380659
-0.409407	-1.201886
-0.227790	-0.976050
-0.001954	-0.662406
0.179685	-0.431517
0.396705	-0.189572
0.576449	-0.002270
0.784940	0.139566
0.982375	0.254552
1.183284	0.292776
1.380087	0.326260
1.586998	0.358166
1.779062	0.378067
1.993239	0.433981
2.175195	0.422608
2.387792	0.424188
2.587754	0.456093
2.788979	0.445669
2.975357	0.518009
3.187007	0.507268
3.377492	0.500003
3.589142	0.496212
3.781522	0.508848
3.988749	0.533488
4.181445	0.569816
4.383618	0.539490
4.586422	0.557812
4.791754	0.554337
4.979712	0.550862
5.193889	0.601089
5.378372	0.620043
5.580229	0.573606
5.789983	0.614041
5.979836	0.586558
6.194013	0.622886
6.384814	0.634890
6.585723	0.630468
6.785369	0.622570
6.978697	0.628572
7.185608	0.608039
7.388097	0.665532
7.578581	0.635838
7.796865	0.657634
7.985138	0.646894
8.186996	0.662373
8.386642	0.637101
8.583760	0.699649
8.784986	0.664584
8.990949	0.682274
9.180170	0.676272
9.382659	0.677536
9.588622	0.666164
9.784793	0.721445
9.986335	0.665848
9.786373	0.709441
9.572512	0.651317
9.388977	0.679431
9.171640	0.688276
8.994740	0.675009
8.780247	0.657319
8.588814	0.676272
8.385694	0.635522
8.183837	0.659530
7.981032	0.652580
7.791811	0.670270
7.573527	0.646894
7.395362	0.658898
7.174868	0.615936
6.991016	0.656371
6.773365	0.616884
6.596148	0.640892
6.376285	0.611514
6.191486	0.600457
5.982679	0.595719
5.788404	0.601721
5.583072	0.575818
5.387533	0.613409
5.185360	0.569816
4.993927	0.568552
4.775328	0.548967
4.592741	0.576449
4.374457	0.552126
4.188395	0.546124
3.983695	0.539490
3.789103	0.499371
3.580928	0.512007
3.385705	0.506005
3.178162	0.497160
2.987677	0.494948
2.777923	0.437771
2.591861	0.438403
2.378631	0.436192
2.186883	0.420081
1.971758	0.419134
1.794541	0.387544
1.574678	0.347425
1.390827	0.336053
1.182020	0.307307
0.984902	0.242232
0.785572	0.152518
0.582767	-0.008587
0.378067	-0.202206
0.192953	-0.437202
-0.015536	-0.695255
-0.208207	-0.944148
-0.421725	-1.169037
-0.615028	-1.386029
-0.815912	-1.514266
-1.017743	-1.659243
-1.213888	-1.722730
-1.414456	-1.834858
-1.614076	-1.876867
-1.816855	-1.970992
-2.018686	-2.040796
-2.217674	-2.149765
-2.415083	-2.226834
-2.617862	-2.295058
-2.817482	-2.325065
-3.011732	-2.439720
-3.221144	-2.511735
-3.415710	-2.623863
-3.618805	-2.666188
-3.819373	-2.737886
-4.009201	-2.771051
-4.213559	-2.886970
-4.411916	-2.972882
-4.617221	-3.053109
-4.814946	-3.102067
-5.013618	-3.128915
-5.215450	-3.200613
-5.416018	-3.308320
-5.609952	-3.394548
-5.827260	-3.478881
-6.002559	-3.470669
-6.223341	-3.528786
-6.412539	-3.616278
-6.623845	-3.746726
-6.813990	-3.808949
-7.022454	-3.869909
-7.219863	-3.853485
-7.416640	-3.927395
-7.611522	-4.039839
-7.822197	-4.157969
-8.012026	-4.207242
-8.219543	-4.241354
-8.416320	-4.217033
-8.621942	-4.339901
-8.804505	-4.452977
-8.907789	-4.507304
-8.934321	-4.501934
-9.010758	-4.447291
-9.038553	-4.418865
-8.993071	-4.480456
-8.960537	-4.527518
-8.943797	-4.534467
-8.975698	-4.494354
-9.033184	-4.423918
-8.984542	-4.436553
-8.916634	-4.484878
-8.800083	-4.486457
-8.621309	-4.404019
-8.411266	-4.260305
-8.222701	-4.145966
-8.017395	-4.161127
-7.819039	-4.144387
-7.616260	-4.084374
-7.413166	-3.983301
-7.223969	-3.836113
-7.021190	-3.780838
-6.812095	-3.786208
-6.626372	-3.766625
-6.406537	-3.681344
-6.217972	-3.549633
-6.015825	-3.431503
-5.815889	-3.400549
-5.619112	-3.414447
-5.415070	-3.331061
-5.217029	-3.263153
-5.014250	-3.103330
-4.812419	-3.014891
-4.624170	-3.027209
-4.411916	-2.986780
-4.216718	-2.892655
-4.016466	-2.808006
-3.820004	-2.651658
-3.603328	-2.633970
-3.418869	-2.595120
-3.213879	-2.557534
-3.014891	-2.435298
-2.820640	-2.354123
-2.615967	-2.224939
-2.416347	-2.195880
-2.217990	-2.150397
-2.014580	-2.083120
-1.820013	-1.980151
-1.610917	-1.858547
-1.420457	-1.769792
-1.215468	-1.741365
-1.005108	-1.630500
-0.825387	-1.543640
-0.610922	-1.346863
-0.422673	-1.146295
-0.209787	-0.917301
-0.023748	-0.718628
0.190110	-0.432148
0.379331	-0.188309
0.586558	0.010681
0.780834	0.125667
0.988061	0.234335
1.183284	0.300357
1.386721	0.373013
1.577837	0.363852
1.787907	0.384069
1.981867	0.351848
2.190989	0.439035
2.382106	0.476942
2.585543	0.474415
2.785504	0.457357
2.986414	0.440615
3.179110	0.476311
3.388548	0.527170
3.584087	0.534119
3.790051	0.539806
3.981168	0.500319
4.188711	0.502846
4.382670	0.540437
4.590529	0.600457
4.775644	0.596351
4.993296	0.564445
5.180937	0.554653
5.383426	0.558128
5.590022	0.620991
5.781454	0.641208
5.986154	0.627624
6.188643	0.603932
6.383550	0.576449
6.597727	0.616252
6.772733	0.645630
6.993544	0.660793
7.180238	0.645630
7.382411	0.597614
7.592165	0.650369
7.783597	0.628888
7.983875	0.699333
8.179414	0.663005
8.377165	0.654791
8.583760	0.649105
8.782458	0.655739
8.988106	0.686065
9.183645	0.715127
9.382975	0.672797
9.583568	0.688908
9.787320	0.653844
9.983491	0.689856
9.784793	0.697437
9.583568	0.716707
9.376025	0.662373
9.193753	0.667111
8.985579	0.638365
8.785301	0.675956
8.586287	0.692699
8.382218	0.666795
8.185732	0.638681
7.981348	0.663005
7.782650	0.619411
7.593112	0.680379
7.377040	0.644999
7.194769	0.649421
6.977117	0.614357
6.786316	0.628256
6.584144	0.606144
6.392395	0.644051
6.181693	0.594140
5.989313	0.608987
5.776084	0.581504
5.587178	0.590349
5.373633	0.578977
5.192941	0.608039
4.977501	0.547071
4.791754	0.594140
4.574103	0.543280
4.391200	0.540121
4.175759	0.555284
3.991276	0.536331
3.783417	0.518641
3.587562	0.530013
3.379703	0.479470
3.188586	0.498423
2.975357	0.464307
2.797192	0.470625
2.575750	0.454198
2.394426	0.430506
2.174247	0.411868
1.994503	0.403655
1.776535	0.385017
1.582891	0.371433
1.380087	0.353112
1.189286	0.295303
0.978584	0.224226
0.785572	0.140830
0.576134	0.003416
0.387860	-0.169989
0.175894	-0.427410
-0.004481	-0.665565
-0.229370	-0.971312
-0.406564	-1.190515
-0.621661	-1.371816
-0.815912	-1.561013
-1.012689	-1.612813
-1.211677	-1.731890
-1.419510	-1.820329
-1.615339	-1.898029
-1.820013	-1.990891
-2.010473	-2.056588
-2.220517	-2.120391
-2.409398	-2.217990
-2.615967	-2.269158
-2.816534	-2.390446
-3.019945	-2.432455
-3.213879	-2.515841
-3.427081	-2.570168
-3.606487	-2.675031
-3.815582	-2.730306
-4.019940	-2.835801
-4.214822	-2.881600
-4.416337	-2.938138
-4.612799	-3.012680
-4.807682	-3.100487
-5.021831	-3.175661
-5.211659	-3.266627
-5.418860	-3.258099
-5.621007	-3.362963
-5.811152	-3.418237
-6.023406	-3.516784
-6.209128	-3.584061
-6.420751	-3.676922
-6.615949	-3.672816
-6.815569	-3.762203
-7.018348	-3.840219
-7.216388	-3.958349
-7.408428	-4.003200
-7.621945	-4.065107
-7.808300	-4.049314
-8.023396	-4.169655
-8.215436	-4.231563
-8.423901	-4.372434
-8.608359	-4.372750
-8.820930	-4.406862
-8.947587	-4.432446
-8.965907	-4.467506
-8.947903	-4.502250
-8.949799	-4.519938
-8.994966	-4.488668
-9.034763	-4.449502
-9.013285	-4.455820
-8.974751	-4.495617
-8.920424	-4.521202
-8.932742	-4.515200
-8.942533	-4.447607
-8.820614	-4.384752
-8.611202	-4.351272
-8.426111	-4.355378
-8.216700	-4.272308
-8.018974	-4.177867
-7.813669	-4.030679
-7.621314	-3.998778
-7.406217	-3.970035
-7.229338	-3.964034
-7.003818	-3.869909
-6.826624	-3.771363
-6.605525	-3.635545
-6.426752	-3.634913
-6.204706	-3.603644
-6.018036	-3.543632
-5.816521	-3.465616
-5.622271	-3.321586
-5.416018	-3.252729
-5.219872	-3.239779
-5.010776	-3.176609
-4.814630	-3.136495
-4.610904	-2.995940
-4.425813	-2.887918
-4.210084	-2.858227
-4.011728	-2.813060
-3.812740	-2.768840
-3.619752	-2.665872
-3.411920	-2.561640
-3.223987	-2.465620
-3.014259	-2.441931
-2.817166	-2.381603
-2.615335	-2.315905
-2.414451	-2.212305
-2.213252	-2.104282
-2.027530	-2.039532
-1.805484	-1.984889
-1.621025	-1.910663
-1.409402	-1.829173
-1.216099	-1.696514
-1.013952	-1.600178
-0.815596	-1.505106
-0.621029	-1.399295
-0.410038	-1.207255
-0.215472	-0.946675
-0.017115	-0.665881
0.193585	-0.419514
0.374277	-0.205996
0.583715	-0.011114
0.785256	0.170208
0.981111	0.214434
1.188970	0.282667
1.386721	0.320890
1.581628	0.392283
1.779062	0.404918
1.985658	0.438719
2.179302	0.398916
2.393478	0.403023
2.584595	0.451355
2.789295	0.508216
2.982623	0.505373
3.178162	0.521800
3.392023	0.439351
3.585983	0.485788
3.781206	0.523063
3.996962	0.578345
4.173548	0.562550
4.387724	0.542649
4.578841	0.499055
4.784489	0.555600
4.990768	0.615936
5.187255	0.635838
5.379319	0.606775
5.587494	0.567920
5.778611	0.547071
5.994683	0.617200
6.177587	0.652264
6.394922	0.675641
6.585091	0.601721
6.787264	0.584347
6.979644	0.585926
7.190346	0.656371
7.382411	0.690803
7.587111	0.665216
7.787704	0.624466
7.981664	0.600142
8.180362	0.633626
8.389484	0.707862
8.578390	0.693015
8.791303	0.688908
8.981156	0.642156
9.183961	0.634258
9.375710	0.703755
9.588622	0.723972
9.778791	0.727763
9.987282	0.663637
9.781319	0.641208
9.583252	0.655423
9.377604	0.708178
9.184909	0.713232
8.983684	0.679747
8.790039	0.646262
8.581549	0.637733
8.392012	0.660162
8.175940	0.691751
7.981032	0.692699
7.788652	0.661425
7.584268	0.615936
7.389676	0.623202
7.189083	0.639313
6.983435	0.672797
6.787264	0.639628
6.583512	0.602669
6.391131	0.598562
6.183273	0.601405
5.988050	0.593824
5.786508	0.636785
5.582124	0.575818
5.394483	0.577397
5.186939	0.554653
4.989189	0.582767
4.778803	0.579924
4.584211	0.580556
4.381091	0.542965
4.188395	0.522747
3.982747	0.522747
3.790998	0.535383
3.581876	0.522431
3.383178	0.506005
3.184796	0.470940
2.982939	0.480101
2.782345	0.436508
2.594388	0.464938
2.385265	0.433981
2.187199	0.414079
1.978708	0.394810
1.784748	0.368906
1.578469	0.361009
1.387984	0.355007
1.191181	0.281403
0.987113	0.255816
0.776727	0.140514
0.591296	0.005627
0.375224	-0.223368
0.195796	-0.416356
-0.019958	-0.682305
-0.202838	-0.928040
-0.421409	-1.177565
-0.615660	-1.387924
-0.821281	-1.540482
-1.011425	-1.638397
-1.217047	-1.736312
-1.412245	-1.813696
-1.619761	-1.901188
-1.811485	-1.958357
-2.024371	-2.077119
-2.212305	-2.129867
-2.418874	-2.208514
-2.611545	-2.290005
-2.820009	-2.334856
-3.016470	-2.451091
-3.221144	-2.516473
-3.417606	-2.602701
-3.617542	-2.675979
-3.812424	-2.713881
-4.018992	-2.808322
-4.217349	-2.899604
-4.423918	-2.945087
-4.613431	-3.040475
-4.814946	-3.098277
-5.006986	-3.143128
-5.220819	-3.226829
-5.416018	-3.307688
-5.615005	-3.363910
-5.822522	-3.454876
-6.014878	-3.479513
-6.215129	-3.562899
-6.417908	-3.636177
-6.611211	-3.720826
-6.826940	-3.811160
-7.013294	-3.852537
-7.221442	-3.870857
-7.417588	-4.005411
-7.608680	-4.034785
-7.814617	-4.157337
-8.018343	-4.191765
-8.218595	-4.235985
-8.422321	-4.272308
-8.614045	-4.369907
-8.815560	-4.427392
-8.912211	-4.490248
-8.951378	-4.483299
-9.004126	-4.449186
-8.994650	-4.468770
-8.989280	-4.485194
-8.983278	-4.498460
-8.960537	-4.517727
-8.988964	-4.477929
-8.999071	-4.462137
-8.956431	-4.471296
-8.918844	-4.482983
-8.807347	-4.461189
-8.619414	-4.392649
-8.416636	-4.256831
-8.215753	-4.232194
-8.018343	-4.154810
-7.821881	-4.145966
-7.604574	-4.053737
-7.423273	-3.970983
-7.208808	-3.865171
-7.022454	-3.852537
-6.813042	-3.773258
-6.623529	-3.751464
-6.410644	-3.657971
-6.218604	-3.553107
-6.014562	-3.474775
-5.823470	-3.429608
-5.610899	-3.387284
-5.420439	-3.354435
-5.211659	-3.216090
-5.011092	-3.145655
-4.806734	-3.048056
-4.628908	-3.045529
-4.407494	-2.966565
-4.221456	-2.873704
-4.013939	-2.779895
-3.820004	-2.698089
-3.610277	-2.643130
-3.420764	-2.614703
-3.215775	-2.533844
-3.022156	-2.450143
-2.806111	-2.334856
-2.626074	-2.277686
-2.398659	-2.230308
-2.226518	-2.151660
-2.009210	-2.065748
-1.825067	-1.975414
-1.606495	-1.859179
-1.422668	-1.802009
-1.210730	-1.725888
-1.013005	-1.630500
-0.820649	-1.526584
-0.621661	-1.346231
-0.408143	-1.155455
-0.221789	-0.962468
-0.006060	-0.688622
0.177790	-0.440676
0.390387	-0.201890
0.580556	-0.006692
0.781781	0.107977
0.982375	0.252341
1.186759	0.296882
1.387984	0.356271
1.586050	0.344898
1.780010	0.368590
1.986921	0.409973
2.181197	0.454198
2.390003	0.449460
2.584911	0.468413
2.791822	0.424504
2.980412	0.468729
3.184480	0.494317
3.381283	0.544544
3.586298	0.517693
3.791630	0.507268
3.978324	0.481681
4.184288	0.545492
4.384565	0.570132
4.579157	0.605828
4.786068	0.575186
4.981923	0.543280
5.191046	0.532856
5.381215	0.629204
5.586546	0.608355
5.791247	0.664268
5.980152	0.577713
6.199383	0.574554
6.381023	0.578977
6.592988	0.671534
6.781262	0.665216
6.984699	0.669007
7.186872	0.584347
7.387149	0.588769
7.582057	0.636785
7.794022	0.716075
7.978505	0.677220
8.183205	0.684801
8.380323	0.574238
8.593553	0.663637
8.774561	0.699333
8.993476	0.748296
9.176064	0.717339
9.388029	0.654160
9.579778	0.613093
9.786689	0.686697
9.981912	0.730922
9.787637	0.748612
9.577566	0.676588
9.389924	0.636785
9.170693	0.607091
8.996319	0.689540
8.777404	0.714496
8.588814	0.707230
8.376848	0.633626
8.189838	0.608987
7.973766	0.619095
7.790863	0.693015
7.589006	0.686697
7.387781	0.666480
7.176131	0.603301
6.991016	0.593508
6.777155	0.597614
6.593305	0.684170
6.376600	0.643103
6.202226	0.599510
5.982363	0.562550
5.786508	0.543912
5.579281	0.614673
5.386901	0.623202
5.182517	0.611514
4.986346	0.564445
4.778171	0.526854
4.589581	0.548651
4.377616	0.574554
4.190922	0.557812
3.983379	0.547071
3.787524	0.491158
3.581244	0.488631
3.387285	0.491158
3.177846	0.521168
2.982939	0.488631
2.786768	0.463043
2.584595	0.436508
2.386529	0.419134
2.181829	0.418818
1.987553	0.419450
1.791698	0.391967
1.571203	0.355323
1.394618	0.317731
1.184232	0.308254
0.984586	0.229281
0.788099	0.181580
0.576765	-0.000691
0.385017	-0.170937
0.190741	-0.421093
-0.016800	-0.685464
-0.212945	-0.969417
-0.422673	-1.187356
-0.616923	-1.385397
-0.812753	-1.507949
-1.019638	-1.648188
-1.212309	-1.715781
-1.416983	-1.841491
-1.615339	-1.873077
-1.819381	-1.982994
-2.011105	-2.035426
-2.222412	-2.131446
-2.406239	-2.224939
-2.618178	-2.302007
-2.809270	-2.356966
-3.013943	-2.438456
-3.225566	-2.493415
-3.416974	-2.601753
-3.612488	-2.668399
-3.823163	-2.758733
-4.007306	-2.801057
-4.225562	-2.878126
-4.408757	-2.932453
-4.630803	-3.046161
-4.808313	-3.097645
-5.015514	-3.169028
-5.216397	-3.230304
-5.418544	-3.288737
-5.615322	-3.350644
-5.824417	-3.472248
-6.008245	-3.496569
-6.220815	-3.591957
-6.411275	-3.630491
-6.621003	-3.700611
-6.809884	-3.772310
-7.027192	-3.870541
-7.216388	-3.916024
-7.416956	-3.974141
-7.614049	-4.035417
-7.819986	-4.094166
-8.016448	-4.187027
-8.217648	-4.246724
-8.418847	-4.307683
-8.621625	-4.397387
-8.808295	-4.398650
-8.930531	-4.471296
-8.947903	-4.486457
-8.965907	-4.487721
-8.960221	-4.504777
-9.003809	-4.485510
-9.005073	-4.473191
-8.974751	-4.502882
-8.976014	-4.490880
-8.952009	-4.499407
-8.937164	-4.500039
-8.945061	-4.454872
-8.810190	-4.424234
-8.614676	-4.376856
-8.413793	-4.298524
-8.226175	-4.254620
-8.012974	-4.159864
-7.821250	-4.060369
-7.619103	-4.053421
-7.408112	-3.964034
-7.218915	-3.925816
-7.018979	-3.860434
-6.816516	-3.751780
-6.617844	-3.689872
-6.415381	-3.642178
-6.217656	-3.584377
-6.014246	-3.534156
-5.812415	-3.433398
-5.622902	-3.355066
-5.419492	-3.277998
-5.211344	-3.249255
-5.015198	-3.160184
-4.818737	-3.118176
-4.615010	-2.994992
-4.418233	-2.928663
-4.213243	-2.874336
-4.016782	-2.813692
-3.815266	-2.741045
-3.610909	-2.680085
-3.419185	-2.569852
-3.216406	-2.509840
-3.015839	-2.433403
-2.824747	-2.388236
-2.607439	-2.292847
-2.418874	-2.207567
-2.217042	-2.113126
-2.018370	-2.057852
-1.808642	-1.985521
-1.617550	-1.903399
-1.413193	-1.809906
-1.212309	-1.715781
-1.011425	-1.613444
-0.825387	-1.529427
-0.610290	-1.375290
-0.422041	-1.204728
-0.206628	-0.921407
-0.012693	-0.691149
0.196112	-0.417303
0.375540	-0.198100
0.585610	0.004995
0.785256	0.168629
0.986797	0.228649
1.183600	0.281087
1.384193	0.334158
1.584787	0.361957
1.787591	0.433665
1.978708	0.391651
2.190358	0.407446
2.380527	0.433033
2.587438	0.451355
2.781082	0.498107
2.984518	0.492737
3.181953	0.483576
3.389812	0.472204
3.579349	0.507584
3.786892	0.536331
3.986222	0.554653
4.179865	0.540121
4.377616	0.526222
4.595268	0.523695
4.778171	0.562866
4.991716	0.611514
5.179042	0.627309
5.389744	0.552757
5.587178	0.575818
5.778927	0.583715
5.990577	0.643103
6.184220	0.652264
6.385446	0.643103
6.593936	0.589401
6.773681	0.581820
6.986910	0.645630
7.183397	0.688592
7.376725	0.658898
7.598799	0.652580
7.783597	0.578345
7.982612	0.647526
8.182257	0.674061
8.387905	0.732502
8.583128	0.682274
8.788460	0.640892
8.986842	0.618148
9.183329	0.686065
9.378552	0.717023
9.587358	0.735345
9.786689	0.698069
9.979069	0.638049
9.778159	0.633942
9.590202	0.732818
9.373498	0.707546
9.186172	0.710705
8.983999	0.641208
8.795094	0.599510
8.576810	0.642787
8.381903	0.710073
8.184468	0.701860
7.982927	0.677220
7.780438	0.593192
7.593429	0.610882
7.377672	0.642787
7.193190	0.706598
6.978381	0.659530
6.787896	0.631731
6.580353	0.542333
6.394290	0.598562
6.181693	0.639944
5.986154	0.645946
5.785876	0.617200
5.591285	0.557496
5.375213	0.519272
5.190098	0.596983
4.979712	0.599826
4.791439	0.620043
4.573787	0.550230
4.390252	0.498107
4.177022	0.515798
3.985906	0.542333
3.781838	0.575818
3.586614	0.531592
3.380651	0.485156
3.187639	0.440930
2.981991	0.447248
2.791822	0.487683
2.582384	0.487051
2.391267	0.429242
2.179302	0.398600
1.992607	0.367959
1.769270	0.374592
1.587630	0.390703
1.380087	0.363536
1.189918	0.290564
0.983954	0.237178
0.780834	0.123456
0.585610	-0.005113
0.385333	-0.207260
0.180949	-0.428674
-0.003534	-0.651351
-0.226843	-0.916037
-0.409723	-1.193042
-0.618502	-1.390135
-0.813069	-1.573015
-1.004161	-1.616603
-1.216099	-1.721467
-1.409086	-1.780216
-1.609654	-1.912243
