# Configuration automatically generated by WRITE_CONFIG()
connection eth
ip 192.168.0.10
samplehz 1000.000000
settleus 10.000000
nsample 128

# Analog Inputs
aichannel 0
ainegative 199
airange 10.000000
airesolution 0

aichannel 1
ainegative 199
airange 10.000000
airesolution 0

# Analog Outputs
aochannel 0
aosignal triangle
aofrequency 5.000000
aoamplitude 2.000000
aooffset 2.500000
aoduty 0.500000

# Meta Parameters
int:periods 10
flt:tip_T_C 474.244743
flt:plate_T_C 298.777852
flt:plate_Q_kW 0.158676
flt:cool_Thigh_C 44.227388
flt:cool_Tlow_C 12.385049
flt:air_psig 20.000000
flt:water_gph 0.800000
flt:standoff_in 0.228000
flt:oxygen_scfh 4.726562
flt:fuel_scfh 2.648094
flt:flow_scfh 7.374656
flt:ratio_fto 0.560258

## End Configuration ##
#: Wed Apr 12 17:36:27 2017
-7.615313	-2.573326
-10.012333	-3.070166
-9.812081	-3.066375
-9.614040	-3.086590
-9.410630	-3.000993
-9.210378	-2.931190
-9.016759	-2.871809
-8.811769	-2.850015
-8.620046	-2.842119
-8.417899	-2.776105
-8.218279	-2.756206
-8.011395	-2.679138
-7.813985	-2.636497
-7.615629	-2.600806
-7.416008	-2.562903
-7.214809	-2.557218
-7.020243	-2.485519
-6.818727	-2.430876
-6.616580	-2.356650
-6.408116	-2.354123
-6.217024	-2.347490
-6.012982	-2.298217
-5.809888	-2.234098
-5.615637	-2.140605
-5.413490	-2.115021
-5.211344	-2.134920
-5.016461	-2.079962
-4.813683	-2.003840
-4.617221	-1.899608
-4.415706	-1.886343
-4.216086	-1.873708
-4.015203	-1.846545
-3.814950	-1.784637
-3.614383	-1.684827
-3.417921	-1.643135
-3.216722	-1.635554
-3.016470	-1.605232
-2.814323	-1.535428
-2.611861	-1.464361
-2.415083	-1.400242
-2.217990	-1.371184
-2.018370	-1.336756
-1.818750	-1.258424
-1.614392	-1.190831
-1.406244	-1.125449
-1.218310	-1.028166
-1.012689	-0.939411
-0.816543	-0.803593
-0.618187	-0.675040
-0.407827	-0.533222
-0.211366	-0.396141
-0.014589	-0.253375
0.188846	-0.135877
0.382490	-0.047753
0.583399	0.026792
0.783677	0.071965
0.986165	0.089655
1.189286	0.095341
1.388300	0.115874
1.583523	0.120613
1.789487	0.115874
1.985658	0.117770
2.180881	0.123772
2.384001	0.136723
2.588701	0.141778
2.788663	0.133880
2.983255	0.119349
3.184164	0.125983
3.386969	0.131353
3.587878	0.147148
3.787840	0.133249
3.990328	0.133880
4.185867	0.130721
4.381722	0.144937
4.585475	0.156309
4.787016	0.155361
4.994559	0.141462
5.187571	0.160731
5.384374	0.159152
5.586863	0.167997
5.786824	0.169892
5.985838	0.164206
6.194013	0.161679
6.384498	0.157572
6.587934	0.163574
6.786633	0.158520
6.986594	0.164522
7.187503	0.161679
7.389044	0.155361
7.589006	0.150939
7.788020	0.155361
7.985770	0.173999
8.186048	0.165154
8.382851	0.183160
8.587551	0.159784
8.788460	0.160731
8.987158	0.188214
9.182065	0.180317
9.384554	0.177474
9.581357	0.157572
9.781950	0.171788
9.986650	0.170840
9.787004	0.172420
9.584831	0.168629
9.384238	0.159784
9.178906	0.152834
8.988421	0.161995
8.788775	0.171472
8.584392	0.171156
8.385378	0.171788
8.179414	0.157572
7.980084	0.169892
7.788652	0.175894
7.589322	0.177474
7.382095	0.162311
7.184029	0.161995
6.986910	0.162311
6.781262	0.173051
6.589514	0.161363
6.391763	0.145884
6.185484	0.155045
5.992156	0.145884
5.783033	0.153782
5.585599	0.147780
5.385637	0.153782
5.188203	0.159784
4.986030	0.156941
4.786384	0.146200
4.584527	0.148727
4.386145	0.147780
4.183024	0.152518
3.988433	0.144937
3.786576	0.130405
3.587562	0.135460
3.386653	0.135144
3.185428	0.141462
2.978516	0.131037
2.788663	0.119981
2.590281	0.110504
2.385581	0.117770
2.184672	0.127247
1.985342	0.125983
1.782221	0.108925
1.582260	0.104502
1.387352	0.108609
1.182652	0.112399
0.984902	0.098500
0.786204	0.072913
0.581820	0.020790
0.382490	-0.046490
0.193269	-0.148827
-0.012062	-0.267272
-0.214840	-0.394562
-0.415092	-0.525325
-0.614712	-0.671250
-0.816859	-0.818123
-1.010794	-0.937831
-1.216099	-1.048065
-1.411613	-1.136504
-1.612497	-1.185777
-1.819381	-1.262214
-2.016475	-1.315909
-2.216727	-1.382870
-2.411609	-1.435302
-2.609334	-1.474468
-2.813692	-1.509844
-3.015523	-1.557854
-3.217670	-1.643135
-3.417921	-1.701884
-3.612804	-1.741997
-3.810529	-1.751789
-4.016150	-1.781163
-4.215454	-1.883184
-4.410652	-1.953936
-4.617221	-1.982678
-4.807050	-1.973518
-5.012671	-1.998155
-5.215134	-2.087542
-5.415386	-2.168717
-5.616269	-2.205987
-5.819048	-2.199986
-6.013299	-2.226518
-6.216077	-2.297269
-6.417276	-2.390131
-6.615633	-2.435614
-6.816833	-2.421400
-7.019927	-2.438141
-7.220494	-2.517420
-7.410323	-2.596699
-7.612786	-2.648816
-7.813669	-2.641551
-8.017712	-2.675663
-8.216384	-2.722094
-8.417899	-2.788423
-8.617204	-2.822536
-8.814928	-2.857280
-9.015180	-2.917924
-9.218274	-2.930242
-9.418210	-2.973514
-9.615620	-3.009206
-9.807343	-3.102699
-10.016439	-3.137758
-9.814608	-3.068902
-9.618463	-2.994360
-9.413789	-2.949825
-9.219222	-2.970671
-9.013285	-2.950773
-8.817455	-2.905289
-8.614676	-2.785581
-8.417583	-2.717356
-8.215753	-2.747994
-8.019291	-2.734412
-7.815880	-2.687982
-7.614681	-2.588171
-7.416640	-2.504154
-7.220494	-2.512998
-7.012662	-2.528159
-6.818096	-2.488993
-6.615949	-2.387920
-6.413170	-2.303586
-6.217024	-2.298849
-6.015509	-2.299480
-5.819048	-2.254629
-5.618480	-2.166506
-5.414122	-2.096386
-5.213239	-2.077750
-5.013618	-2.054693
-4.813999	-2.016159
-4.613431	-1.968465
-4.420128	-1.896766
-4.214822	-1.840860
-4.012360	-1.812117
-3.819057	-1.771372
-3.614699	-1.733153
-3.416342	-1.691776
-3.217670	-1.624183
-3.014891	-1.570172
-2.813060	-1.522794
-2.609334	-1.491524
-2.411293	-1.443515
-2.220833	-1.376553
-2.009210	-1.308961
-1.814328	-1.238841
-1.615971	-1.202202
-1.414772	-1.132714
-1.208835	-1.033851
-1.014268	-0.876556
-0.819070	-0.738527
-0.609659	-0.628610
-0.416671	-0.508585
-0.211682	-0.366451
-0.015852	-0.224632
0.188214	-0.116610
0.384385	-0.034487
0.585294	0.028371
0.782413	0.078599
0.985850	0.094078
1.188022	0.092182
1.394302	0.102607
1.582891	0.120297
1.782537	0.126615
1.988185	0.119349
2.191621	0.119349
2.384633	0.138303
2.587438	0.133249
2.788347	0.144621
2.984834	0.138303
3.180373	0.137987
3.384126	0.136407
3.587878	0.148411
3.788471	0.135776
3.987485	0.143989
4.183656	0.154414
4.385513	0.146516
4.582948	0.153150
4.785752	0.146516
4.986978	0.167997
5.186307	0.154729
5.382478	0.161363
5.589390	0.149043
5.787772	0.150939
5.983627	0.159784
6.186431	0.172420
6.399977	0.165154
6.585723	0.150623
6.785685	0.145568
6.992596	0.147464
7.182765	0.156309
7.386201	0.168629
7.592797	0.167049
7.786125	0.139566
7.986086	0.165470
8.186048	0.172104
8.386009	0.178737
8.586603	0.167049
8.789092	0.152518
8.985579	0.163890
9.182065	0.179053
9.391188	0.177790
9.586411	0.183476
9.787320	0.166733
9.987598	0.162627
9.786689	0.161679
9.584200	0.173367
9.385186	0.163574
9.181118	0.171156
8.986210	0.162943
8.786249	0.163574
8.591025	0.157257
8.384430	0.170524
8.185101	0.174631
7.986402	0.156625
7.786440	0.166418
7.587742	0.154729
7.391888	0.163574
7.182449	0.181580
6.984699	0.171472
6.787580	0.151255
6.584144	0.149359
6.388920	0.150307
6.188643	0.161995
5.990577	0.152202
5.784297	0.149359
5.583388	0.133249
5.383110	0.142725
5.184728	0.170208
4.988241	0.170208
4.787016	0.147780
4.582316	0.134512
4.383934	0.143673
4.183972	0.154729
3.984958	0.154729
3.790367	0.145253
3.590089	0.125667
3.382546	0.131353
3.182900	0.134196
2.985466	0.137987
2.792770	0.122824
2.587754	0.121560
2.386845	0.122508
2.186883	0.118717
1.982815	0.124403
1.786012	0.118086
1.579417	0.113031
1.387352	0.233703
1.187075	0.107977
0.985850	0.100395
0.783993	0.071649
0.586874	0.014156
0.385649	-0.045226
0.188214	-0.149458
-0.013009	-0.253690
-0.214209	-0.391087
-0.413829	-0.526589
-0.619766	-0.665565
-0.817807	-0.769797
-1.011110	-0.870239
-1.216415	-1.007951
-1.413824	-1.135241
-1.613128	-1.209782
-1.814960	-1.264425
-2.019949	-1.283692
-2.216095	-1.363603
-2.412241	-1.432144
-2.613124	-1.501000
-2.817166	-1.519951
-3.014259	-1.543009
-3.212616	-1.615339
-3.419185	-1.702515
-3.609013	-1.757158
-3.813371	-1.773898
-4.018361	-1.788744
-4.215770	-1.829173
-4.420760	-1.908453
-4.617853	-1.977625
-4.810208	-1.997208
-5.013303	-2.038900
-5.216082	-2.071433
-5.414438	-2.129235
-5.609952	-2.177245
-5.821890	-2.217674
-6.012667	-2.289373
-6.216709	-2.319063
-6.417276	-2.356966
-6.615949	-2.392342
-6.815885	-2.451406
-7.021506	-2.522158
-7.215756	-2.568904
-7.410007	-2.569536
-7.614681	-2.575537
-7.817144	-2.648816
-8.015817	-2.749889
-8.215436	-2.796635
-8.419478	-2.783370
-8.614676	-2.754311
-8.811454	-2.838644
-9.017707	-2.950457
-9.218591	-3.012048
-9.416947	-3.007626
-9.621621	-2.957721
-9.817135	-3.024051
-10.011069	-3.143128
-9.806080	-3.142812
-9.618778	-3.050898
-9.415684	-2.928347
-9.215432	-2.904026
-9.015496	-2.912554
-8.811138	-2.916028
-8.611518	-2.834538
-8.418530	-2.748941
-8.217332	-2.697141
-8.017712	-2.680401
-7.815565	-2.673136
-7.614049	-2.608070
-7.410007	-2.573326
-7.214809	-2.503206
-7.018348	-2.466568
-6.821886	-2.447932
-6.615949	-2.396448
-6.413802	-2.386024
-6.217972	-2.325381
-6.012351	-2.261578
-5.816837	-2.202829
-5.620059	-2.175981
-5.416333	-2.159873
-5.215765	-2.117548
-5.014566	-2.037637
-4.813051	-1.962464
-4.613431	-1.935932
-4.415074	-1.929615
-4.217981	-1.892660
-4.011728	-1.822540
-3.815582	-1.723046
-3.617857	-1.694303
-3.417606	-1.692724
-3.216090	-1.657348
-3.016786	-1.590387
-2.813692	-1.498789
-2.612176	-1.455517
-2.415715	-1.432144
-2.218622	-1.394557
-2.014264	-1.328228
-1.819066	-1.235682
-1.613128	-1.174091
-1.410350	-1.118500
-1.212625	-1.050907
-1.013005	-0.914774
-0.818123	-0.786221
-0.615344	-0.663670
-0.412881	-0.526905
-0.210418	-0.395509
-0.012693	-0.269167
0.187267	-0.147247
0.382490	-0.050912
0.589401	0.003416
0.783045	0.068174
0.986481	0.090919
1.186759	0.101343
1.385773	0.117138
1.579732	0.116190
1.783485	0.115874
1.985342	0.122508
2.183724	0.141146
2.385265	0.166733
2.588701	0.133564
2.791190	0.125667
2.984518	0.131037
3.184480	0.136407
3.387285	0.155361
3.589458	0.150307
3.785944	0.132933
3.988433	0.138303
4.181129	0.147464
4.384565	0.157888
4.585475	0.160416
4.781962	0.139251
4.986030	0.145884
5.189150	0.159152
5.380267	0.168313
5.588126	0.161047
5.791879	0.148727
5.990261	0.154729
6.183589	0.162943
6.391131	0.167997
6.591409	0.169892
6.783789	0.150623
6.983751	0.158520
7.186872	0.159784
7.391572	0.169576
7.586163	0.173051
7.788020	0.170524
7.984507	0.169576
8.183520	0.169261
8.386957	0.181580
8.588182	0.171156
8.788460	0.174315
8.987790	0.179685
9.189331	0.164838
9.382659	0.163890
9.587358	0.167049
9.783214	0.176526
9.988545	0.176210
9.785425	0.171472
9.583884	0.157257
9.382659	0.155045
9.187752	0.161679
8.986210	0.187267
8.785933	0.166733
8.589762	0.152834
8.384746	0.150307
8.183837	0.174631
7.984823	0.172420
7.787388	0.167997
7.586163	0.158520
7.388729	0.147780
7.187187	0.153466
6.982487	0.170524
6.782210	0.164838
6.590777	0.153150
6.387341	0.142094
6.186116	0.158520
5.985838	0.164838
5.787456	0.166733
5.585599	0.156941
5.386901	0.154098
5.186624	0.144621
4.987926	0.158204
4.785437	0.153466
4.586739	0.151570
4.380143	0.158520
4.184920	0.139882
3.988749	0.143989
3.786260	0.138303
3.584087	0.144621
3.386021	0.146200
3.184796	0.123456
2.986729	0.117770
2.788663	0.121245
2.588701	0.120297
2.386529	0.137355
2.190358	0.122508
1.985974	0.104818
1.784433	0.107977
1.580996	0.105766
1.393986	0.104502
1.187075	0.108925
0.986481	0.086812
0.785256	0.062488
0.584663	0.027424
0.383753	-0.028486
0.183792	-0.130823
-0.013325	-0.247373
-0.212629	-0.368977
-0.419198	-0.523430
-0.618818	-0.667460
-0.817807	-0.814016
-1.012689	-0.916353
-1.213888	-1.016795
-1.413193	-1.121027
-1.616603	-1.211361
-1.815591	-1.270426
-2.021844	-1.317804
-2.218622	-1.374027
-2.411925	-1.413508
-2.614388	-1.483312
-2.816218	-1.527848
-3.012680	-1.584386
-3.218933	-1.644082
-3.417921	-1.669982
-3.610909	-1.721467
-3.810213	-1.747998
-4.012676	-1.832016
-4.219244	-1.899924
-4.417601	-1.915717
-4.615010	-1.935300
-4.807050	-1.968465
-5.013618	-2.066380
-5.214818	-2.118496
-5.410648	-2.170296
-5.610584	-2.160504
-5.814310	-2.176297
-6.016773	-2.264421
-6.213866	-2.355387
-6.415065	-2.396764
-6.619107	-2.384445
-6.817464	-2.396448
-7.018979	-2.479833
-7.222074	-2.569852
-7.413482	-2.621652
-7.614365	-2.595436
-7.815565	-2.596068
-8.019607	-2.681349
-8.218595	-2.762207
-8.419478	-2.820325
-8.612149	-2.806427
-8.818402	-2.820956
-9.016443	-2.877494
-9.217643	-2.956774
-9.421685	-3.015523
-9.612461	-3.028789
-9.809554	-3.082168
-10.009174	-3.091012
-9.811766	-3.071429
-9.614356	-3.028157
-9.421369	-3.009837
-9.219538	-2.982674
-9.015180	-2.909395
-8.816192	-2.848436
-8.609307	-2.791898
-8.418847	-2.814955
-8.215436	-2.773894
-8.019291	-2.711671
-7.809247	-2.627337
-7.612470	-2.566377
-7.411271	-2.593225
-7.217336	-2.568588
-7.016137	-2.524369
-6.811463	-2.435298
-6.616265	-2.353492
-6.416645	-2.356018
-6.211655	-2.360440
-6.014246	-2.312746
-5.818732	-2.213884
-5.616269	-2.132709
-5.417597	-2.123549
-5.217345	-2.115337
-5.013303	-2.067011
-4.811788	-2.000050
-4.616590	-1.916981
-4.419180	-1.887606
-4.211664	-1.876551
-4.010149	-1.849704
-3.814950	-1.753368
-3.614067	-1.690829
-3.415710	-1.655137
-3.214195	-1.630185
-3.017734	-1.585649
-2.812428	-1.530375
-2.612808	-1.488366
-2.406555	-1.409086
-2.215147	-1.374027
-2.015211	-1.325701
-1.814960	-1.268531
-1.613128	-1.217994
-1.413824	-1.128292
-1.216099	-1.010162
-1.012689	-0.889506
-0.816227	-0.793486
-0.615028	-0.671250
-0.416671	-0.517429
-0.217683	-0.364871
-0.008587	-0.238845
0.189162	-0.132718
0.383753	-0.039541
0.583715	0.031846
0.782097	0.083337
0.989956	0.084285
1.188338	0.096605
1.385141	0.121876
1.581628	0.122824
1.784748	0.119349
1.980919	0.110504
2.185935	0.120929
2.386845	0.137039
2.586490	0.133564
2.789927	0.130090
2.982623	0.133564
3.190482	0.122508
3.383178	0.137039
3.586298	0.145884
3.787208	0.133564
3.985274	0.141778
4.184604	0.144305
4.386145	0.148411
4.583263	0.165154
4.785437	0.159468
4.989820	0.164206
5.186307	0.155677
5.382478	0.160416
5.586863	0.155361
5.783665	0.157257
5.992472	0.157257
6.187063	0.165470
6.389236	0.154729
6.588566	0.145568
6.784737	0.160416
6.985646	0.163574
7.186556	0.169576
7.384938	0.147464
7.590270	0.137987
7.785493	0.155361
7.991140	0.159784
8.189523	0.163574
8.382218	0.168629
8.586287	0.155361
8.794462	0.159468
8.987790	0.174315
9.183013	0.177158
9.383607	0.175263
9.589570	0.153150
9.782898	0.159784
9.986650	0.167681
9.785425	0.186951
9.588939	0.159784
9.384238	0.161363
9.184592	0.161363
8.986842	0.163574
8.784353	0.177158
8.584707	0.172104
8.386642	0.162311
8.182573	0.173683
7.984507	0.171788
7.789916	0.167997
7.588374	0.160416
7.386201	0.170208
7.187187	0.166102
6.981855	0.157888
6.788528	0.145884
6.590777	0.152834
6.386077	0.168629
6.186116	0.160731
5.987102	0.155993
5.790931	0.138303
5.580544	0.153466
5.385953	0.169892
5.186307	0.166418
4.985714	0.159784
4.786700	0.137671
4.590845	0.133564
4.379195	0.172104
4.183024	0.154098
3.990960	0.145253
3.784997	0.125351
3.586614	0.130405
3.387916	0.137671
3.181321	0.143357
2.983571	0.128194
2.789611	0.115558
2.589649	0.112715
2.383370	0.124403
2.186883	0.124403
1.985974	0.119665
1.782221	0.126931
1.582891	0.112715
1.389879	0.102291
1.187391	0.101027
0.985534	0.099764
0.784308	0.070701
0.581504	0.024896
0.385017	-0.051859
0.189162	-0.147563
-0.012693	-0.266956
-0.211050	-0.389508
-0.414776	-0.538591
-0.618502	-0.695255
-0.817807	-0.787169
-1.013636	-0.911931
-1.206308	-1.054382
-1.414772	-1.137452
-1.613760	-1.197780
-1.819381	-1.241999
-2.016791	-1.313698
-2.218937	-1.392662
-2.412241	-1.443515
-2.616282	-1.469730
-2.815587	-1.490893
-3.018365	-1.562276
-3.215459	-1.649452
-3.420448	-1.710096
-3.614067	-1.733785
-3.814003	-1.732837
-4.018361	-1.807379
-4.214507	-1.881289
-4.410652	-1.955199
-4.618801	-1.968149
-4.811156	-1.965938
-5.015514	-2.015211
-5.215450	-2.091016
-5.416018	-2.146923
-5.622586	-2.175665
-5.819995	-2.195564
-6.014246	-2.226834
-6.215129	-2.298849
-6.413170	-2.374970
-6.615001	-2.402449
-6.814621	-2.456776
-7.020243	-2.483624
-7.219547	-2.521526
-7.413166	-2.580275
-7.616576	-2.615967
-7.819039	-2.683560
-8.017079	-2.721146
-8.217963	-2.736623
-8.420110	-2.741677
-8.613413	-2.805164
-8.813349	-2.901183
-9.019602	-2.954563
-9.217327	-2.944771
-9.418210	-2.933085
-9.615935	-3.020576
-9.816819	-3.116912
-10.013281	-3.172187
-9.811766	-3.091328
-9.624780	-2.973830
-9.418210	-2.943824
-9.216695	-2.976041
-9.019286	-2.961196
-8.816192	-2.888233
-8.608991	-2.771999
-8.422637	-2.729674
-8.217015	-2.750837
-8.015184	-2.744519
-7.814933	-2.675347
-7.615944	-2.574590
-7.412534	-2.530054
-7.218599	-2.512366
-7.018663	-2.526264
-6.819043	-2.446669
-6.614054	-2.392342
-6.416645	-2.359177
-6.211339	-2.309272
-6.010771	-2.293479
-5.816521	-2.225570
-5.620375	-2.205987
-5.412859	-2.139974
-5.213239	-2.088490
-5.016146	-2.027214
-4.811788	-1.993417
-4.616590	-1.969728
-4.416969	-1.928035
-4.211348	-1.861706
-4.015203	-1.780847
-3.816846	-1.753052
-3.613120	-1.742629
-3.419501	-1.704410
-3.220196	-1.629553
-3.014891	-1.550273
-2.806427	-1.512371
-2.614388	-1.498157
-2.408134	-1.452358
-2.218306	-1.381607
-2.010158	-1.302959
-1.817486	-1.228733
-1.612813	-1.199043
-1.413508	-1.133030
-1.217363	-1.021533
-1.013636	-0.870870
-0.814964	-0.754636
-0.619450	-0.647877
-0.414776	-0.529431
-0.212313	-0.401195
-0.014273	-0.246742
0.187898	-0.138719
0.388492	-0.050596
0.583715	0.013208
0.786204	0.066911
0.985850	0.090919
1.188338	0.106082
1.386089	0.105766
1.582576	0.117454
1.787907	0.120613
1.981551	0.125035
2.185619	0.131669
2.387792	0.127562
2.586174	0.132617
2.789611	0.131037
2.985466	0.142725
3.182269	0.142094
3.384442	0.137039
3.586930	0.131669
3.788471	0.119981
3.984642	0.152518
4.182709	0.150623
4.386145	0.143989
4.585475	0.137671
4.786700	0.139251
4.987294	0.150939
5.189466	0.162311
5.383742	0.160731
5.584967	0.150939
5.779243	0.144937
5.992156	0.152202
6.192433	0.169892
6.384498	0.163574
6.586987	0.154098
6.785685	0.148411
6.988489	0.148096
7.184029	0.171156
7.386517	0.170208
7.586795	0.173367
7.788020	0.154729
7.983559	0.162943
8.186048	0.174947
8.385694	0.178106
8.586603	0.172735
8.786249	0.176210
8.987790	0.163890
9.180486	0.178422
9.382975	0.170840
9.581988	0.174315
9.786689	0.172420
9.987282	0.177158
9.787952	0.158520
9.582305	0.152518
9.382975	0.169892
9.187752	0.173683
8.991897	0.151570
8.787828	0.150939
8.584707	0.159784
8.391064	0.167681
8.183520	0.175578
7.984191	0.171472
7.793074	0.157572
7.584584	0.150939
7.386833	0.156941
7.186872	0.172420
6.983119	0.165786
6.787896	0.145253
6.590146	0.155045
6.384498	0.152202
6.187695	0.161679
5.990892	0.160100
5.782718	0.161363
5.587494	0.150307
5.380583	0.145884
5.191362	0.150623
4.987926	0.162943
4.787016	0.145568
4.589266	0.147464
4.382039	0.149675
4.184604	0.155045
3.987170	0.150307
3.783417	0.153782
3.586614	0.145568
3.387916	0.125667
3.188271	0.140198
2.983886	0.130721
2.788347	0.126615
2.587122	0.133880
2.388740	0.123140
2.185303	0.113979
1.985342	0.111136
1.785380	0.131669
1.582891	0.113347
1.394618	0.111768
1.188338	0.101027
0.989640	0.085548
0.784308	0.067858
0.585610	0.041007
0.379015	-0.028170
0.186635	-0.122611
-0.013325	-0.235371
-0.214209	-0.377190
-0.418882	-0.523114
-0.616607	-0.667144
-0.817807	-0.772639
-1.014584	-0.880978
-1.211361	-1.020901
-1.411613	-1.130503
-1.614708	-1.218626
-1.814960	-1.262530
-2.016791	-1.301696
-2.218306	-1.362972
-2.413820	-1.436882
-2.615019	-1.488998
-2.814639	-1.515845
-3.019629	-1.574278
-3.220828	-1.611233
-3.417606	-1.684512
-3.612172	-1.721467
-3.814635	-1.778320
-4.012676	-1.827278
-4.217349	-1.850335
-4.415390	-1.903399
-4.621011	-1.933721
-4.811472	-2.010158
-5.012355	-2.075224
-5.217345	-2.096070
-5.415070	-2.113758
-5.615322	-2.145028
-5.821259	-2.243574
-6.012035	-2.304534
-6.212603	-2.342437
-6.418224	-2.332329
-6.617212	-2.341805
-6.816516	-2.463725
-7.017716	-2.546163
-7.220494	-2.579328
-7.413166	-2.549321
-7.618787	-2.554691
-7.819355	-2.652922
-8.016448	-2.745467
-8.217332	-2.784633
-8.417583	-2.765682
-8.614361	-2.752416
-8.806716	-2.847172
-9.020865	-2.937507
-9.217643	-2.988675
-9.418210	-2.967513
-9.622252	-2.985201
-9.810502	-3.044897
-10.011385	-3.125124
-9.819661	-3.094486
-9.618463	-3.022156
-9.418210	-2.983937
-9.216063	-2.931190
-9.015180	-2.945719
-8.807664	-2.867071
-8.611518	-2.840855
-8.418530	-2.810849
-8.218911	-2.734728
-8.010762	-2.689245
-7.818407	-2.629233
-7.615944	-2.622284
-7.413166	-2.610597
-7.220810	-2.543952
-7.013294	-2.460566
-6.816201	-2.399922
-6.609948	-2.417926
-6.412854	-2.393289
-6.213866	-2.337699
-6.011403	-2.250523
-5.816205	-2.169348
-5.616585	-2.175349
-5.411280	-2.169348
-5.217029	-2.129867
-5.014250	-2.026266
-4.810208	-1.954883
-4.616905	-1.935932
-4.416969	-1.933721
-4.215138	-1.891080
-4.012360	-1.816223
-3.813056	-1.734417
-3.609961	-1.711359
-3.419501	-1.688618
-3.217354	-1.647241
-3.014259	-1.574594
-2.815587	-1.510792
-2.614388	-1.464677
-2.407187	-1.432775
-2.215463	-1.380659
-2.013948	-1.306118
-1.813380	-1.261582
-1.617235	-1.188620
-1.413508	-1.125449
-1.211046	-1.027850
-1.010162	-0.929619
-0.818123	-0.814332
-0.616923	-0.658300
-0.409407	-0.519956
-0.214209	-0.373083
-0.010798	-0.251479
0.191689	-0.138404
0.383753	-0.036698
0.586558	0.023949
0.784940	0.054275
0.984902	0.093446
1.187391	0.105766
1.390511	0.106713
1.579417	0.117770
1.783801	0.110504
1.985658	0.117138
2.181513	0.134828
2.387792	0.133249
2.588386	0.132617
2.789295	0.115874
2.987045	0.121245
3.185743	0.137671
3.386969	0.146516
3.590089	0.136407
3.784365	0.146516
3.988433	0.143989
4.189974	0.145253
4.384250	0.153150
4.587370	0.152834
4.787648	0.153782
4.984135	0.150939
5.189782	0.157888
5.384058	0.169892
5.584020	0.161679
5.783665	0.171156
5.988997	0.161995
6.190538	0.157257
6.390184	0.162311
6.590146	0.159784
6.784737	0.164206
6.986594	0.154729
7.188135	0.155045
7.384938	0.149675
7.589322	0.169892
7.789284	0.175894
7.984191	0.169892
8.181310	0.164838
8.386326	0.166418
8.585340	0.167681
8.787196	0.187267
8.984947	0.183476
9.181434	0.166418
9.382343	0.154098
9.586411	0.162311
9.782582	0.171472
9.982544	0.182528
9.784477	0.165786
9.584831	0.140198
9.382027	0.166418
9.184909	0.160731
8.986842	0.177790
8.782774	0.165154
8.582812	0.161679
8.386009	0.165154
8.183837	0.166418
7.985138	0.178422
7.784861	0.164838
7.588058	0.171472
7.392835	0.154729
7.185924	0.167365
6.986910	0.164206
6.782842	0.167997
6.587618	0.156941
6.386709	0.159784
6.187379	0.149675
5.991209	0.151886
5.783981	0.151570
5.585599	0.155045
5.385322	0.149675
5.187571	0.149043
4.987294	0.144937
4.788280	0.138935
4.586107	0.152518
4.385197	0.153782
4.183656	0.146516
3.988117	0.132617
3.785312	0.137671
3.587878	0.139566
3.380967	0.140514
3.184796	0.129458
2.991784	0.106713
2.785188	0.118717
2.589333	0.125983
2.386213	0.126299
2.186567	0.117454
1.982815	0.116506
1.783485	0.115874
1.581944	0.114295
1.387984	0.116822
1.185179	0.106082
0.985218	0.096289
0.782729	0.073860
0.583715	0.028055
0.381542	-0.050280
0.187898	-0.148511
-0.012378	-0.270115
-0.212945	-0.408775
-0.418882	-0.539539
-0.612817	-0.689570
-0.814648	-0.818123
-1.008583	-0.955835
-1.216099	-1.041748
-1.412877	-1.128608
-1.612497	-1.179144
-1.816223	-1.267584
-2.016475	-1.337072
-2.217042	-1.393925
-2.410977	-1.423300
-2.610913	-1.454885
-2.810533	-1.534481
-3.019629	-1.606495
-3.217354	-1.658927
-3.416974	-1.682301
-3.616910	-1.694303
-3.815582	-1.754315
-4.011412	-1.859811
-4.220824	-1.907505
-4.412231	-1.924245
-4.620696	-1.919191
-4.811788	-1.971308
-5.012987	-2.060063
-5.214186	-2.135236
-5.415386	-2.144712
-5.617217	-2.144396
-5.819364	-2.198091
-6.013930	-2.277686
-6.211971	-2.351280
-6.419487	-2.370863
-6.611527	-2.388236
-6.816201	-2.423295
-7.017084	-2.484887
-7.217336	-2.569220
-7.413797	-2.587540
-7.615313	-2.618178
-7.817460	-2.662713
-8.019922	-2.688613
-8.217963	-2.738518
-8.418847	-2.777368
-8.615940	-2.851278
-8.812402	-2.878126
-9.012653	-2.895498
-9.218591	-2.906553
-9.418527	-2.977936
-9.621621	-3.073956
-9.811766	-3.126072
-10.012649	-3.104909
-9.809238	-3.020892
-9.619094	-3.006363
-9.417894	-3.043950
-9.214169	-3.010785
-9.017707	-2.927399
-8.815876	-2.808006
-8.606780	-2.791898
-8.422637	-2.819377
-8.217648	-2.796004
-8.012658	-2.721462
-7.815565	-2.598279
-7.614365	-2.572379
-7.412850	-2.579328
-7.217968	-2.585645
-7.016137	-2.517420
-6.815569	-2.414767
-6.620055	-2.365178
-6.415065	-2.356966
-6.207865	-2.359493
-6.015825	-2.303586
-5.820311	-2.213568
-5.614058	-2.160188
-5.415070	-2.130498
-5.215765	-2.105230
-5.013935	-2.038584
-4.812103	-2.013948
-4.613431	-1.959621
-4.415074	-1.897082
-4.216402	-1.851283
-4.015203	-1.807379
-3.811476	-1.789375
-3.612804	-1.734101
-3.415079	-1.675352
-3.211668	-1.604916
-3.018681	-1.558801
-2.813692	-1.552800
-2.611545	-1.506370
-2.414767	-1.427090
-2.216411	-1.344336
-2.019633	-1.309908
-1.817171	-1.271058
-1.608391	-1.215468
-1.418562	-1.126081
-1.213257	-0.978893
-1.012689	-0.868659
-0.811805	-0.774535
-0.617239	-0.657668
-0.413513	-0.512691
-0.212945	-0.358554
-0.016168	-0.234423
0.188846	-0.132718
0.384701	-0.044911
0.588769	0.018894
0.787152	0.069438
0.988061	0.084917
1.187075	0.095025
1.389248	0.107977
1.588893	0.117138
1.785380	0.117138
1.981867	0.123140
2.184356	0.129774
2.389688	0.144621
2.585543	0.137355
2.789611	0.140830
2.982623	0.135144
3.182900	0.143357
3.387285	0.135460
3.583456	0.131985
3.787524	0.143041
3.992540	0.149991
4.176707	0.142725
4.387724	0.138619
4.587370	0.140514
4.784805	0.158836
4.987609	0.158836
5.187255	0.170208
5.385005	0.143989
5.580544	0.148411
5.784297	0.164838
5.992788	0.164206
6.188643	0.162943
6.388605	0.150939
6.588250	0.140830
6.783473	0.159152
6.982803	0.171156
7.188451	0.164206
7.385885	0.149043
7.598167	0.148096
7.789284	0.159152
7.985138	0.173999
8.184468	0.177474
8.386957	0.167681
8.590710	0.163890
8.786249	0.190741
8.988737	0.185687
9.185540	0.172420
9.381711	0.173367
9.585148	0.172104
9.788900	0.160416
9.985071	0.169576
9.787320	0.169261
9.586095	0.169261
9.380132	0.171156
9.183961	0.163890
8.988421	0.167049
8.785617	0.167049
8.585655	0.176526
8.385378	0.178422
8.181941	0.164838
7.987982	0.154729
7.789284	0.167365
7.583952	0.171156
7.383990	0.173683
7.189714	0.161679
6.989121	0.136723
6.785053	0.145568
6.594252	0.148411
6.391763	0.160100
6.186431	0.165786
5.987418	0.141778
5.789035	0.134828
5.583704	0.146516
5.385637	0.170524
5.191362	0.155045
4.986978	0.144937
4.787332	0.139566
4.587686	0.157257
4.383934	0.153466
4.184920	0.149991
3.989065	0.144621
3.784365	0.137671
3.585983	0.133249
3.387916	0.136723
3.183848	0.138303
2.983255	0.148411
2.792454	0.127562
2.582068	0.120613
2.384949	0.129774
2.186883	0.117454
1.981867	0.121876
1.784117	0.120929
1.583523	0.110504
1.386405	0.123456
1.185811	0.101659
0.987745	0.088391
0.783993	0.069122
0.584347	0.024581
0.382806	-0.052175
0.188846	-0.132086
-0.014273	-0.249268
-0.212629	-0.383823
-0.415408	-0.519956
-0.615028	-0.625767
-0.816859	-0.754320
-1.011741	-0.904667
-1.215152	-1.038589
-1.412561	-1.134609
-1.614708	-1.168089
-1.814328	-1.229997
-2.015843	-1.315593
-2.213568	-1.398031
-2.410661	-1.440988
-2.614072	-1.466888
-2.816850	-1.500684
-3.018997	-1.570172
-3.215459	-1.646925
-3.417921	-1.706621
-3.610277	-1.714834
-3.814319	-1.756526
-4.009833	-1.806116
-4.220508	-1.870550
-4.417917	-1.913822
-4.616905	-1.949514
-4.812735	-2.003525
-5.006986	-2.030372
-5.209448	-2.071118
-5.414438	-2.126392
-5.620691	-2.188616
-5.816521	-2.245153
-6.014562	-2.276739
-6.212918	-2.299480
-6.410959	-2.323485
-6.618475	-2.424559
-6.815253	-2.480781
-7.017084	-2.508576
-7.216073	-2.503838
-7.413166	-2.525948
-7.613101	-2.622284
-7.812090	-2.711355
-8.013921	-2.740729
-8.216700	-2.712302
-8.416004	-2.727463
-8.614992	-2.814639
-8.813664	-2.914765
-9.011390	-2.950141
-9.219222	-2.924872
-9.412525	-2.923293
-9.619410	-2.994360
-9.816819	-3.120702
-10.013281	-3.169976
-9.813661	-3.050898
-9.619725	-2.992465
-9.416315	-2.971935
-9.211010	-2.966881
-9.012021	-2.938454
-8.816192	-2.850962
-8.610887	-2.797899
-8.416636	-2.760944
-8.220490	-2.739150
-8.017079	-2.703458
-7.814301	-2.657028
-7.617524	-2.633023
-7.416324	-2.552796
-7.220810	-2.514261
-7.016452	-2.473516
-6.819675	-2.457092
-6.610263	-2.434982
-6.410012	-2.368968
-6.216077	-2.290952
-6.010140	-2.236941
-5.812415	-2.258419
-5.618164	-2.219253
-5.416018	-2.162400
-5.214186	-2.072065
-5.014882	-2.010473
-4.813999	-1.999103
-4.616590	-1.987416
-4.408757	-1.940038
-4.215770	-1.836122
-4.017097	-1.758737
-3.809581	-1.763159
-3.614699	-1.747998
-3.418237	-1.698725
-3.214511	-1.617866
-3.017734	-1.539534
-2.813376	-1.521215
-2.615335	-1.492156
-2.406555	-1.450463
-2.217674	-1.365183
-2.015211	-1.310540
-1.816223	-1.248948
-1.613444	-1.201254
-1.412561	-1.142505
-1.213572	-1.039221
-1.007635	-0.929619
-0.813701	-0.797592
-0.619134	-0.674725
-0.411934	-0.532906
-0.212629	-0.402458
-0.016168	-0.264745
0.187582	-0.142194
0.383437	-0.044595
0.581820	0.024265
0.784624	0.067858
0.990588	0.094393
1.186759	0.106397
1.389564	0.121245
1.583839	0.107977
1.783485	0.119349
1.984394	0.124088
2.186883	0.132301
2.387161	0.205589
2.589333	0.120613
2.794349	0.128194
2.982623	0.150939
3.186059	0.139251
3.385705	0.130405
3.587246	0.125667
3.784049	0.132301
3.990012	0.144621
4.183341	0.154729
4.383618	0.142094
4.584211	0.145884
4.786700	0.155993
4.987926	0.159784
5.186624	0.172104
5.382478	0.158520
5.584335	0.167049
5.784297	0.151886
5.984259	0.163574
6.186748	0.176526
6.390184	0.164206
6.586987	0.158836
6.785053	0.155045
6.986594	0.165154
7.185924	0.158520
7.386833	0.158836
7.589638	0.174315
7.784545	0.161363
7.986086	0.161679
8.185101	0.161363
8.386642	0.173051
8.583128	0.174947
8.785301	0.176210
8.989054	0.164206
9.185225	0.154414
9.383290	0.169261
9.584831	0.176842
9.781950	0.174947
9.985387	0.159784
9.791111	0.154729
9.586095	0.149043
9.382975	0.165470
9.183013	0.171156
8.990001	0.161363
8.782458	0.147148
8.585340	0.163259
8.386642	0.170524
8.187311	0.168629
7.987982	0.169892
7.788652	0.159152
7.584584	0.157888
7.386833	0.171156
7.184344	0.169892
6.980276	0.166102
6.781578	0.153466
6.590146	0.158520
6.384182	0.151570
6.188011	0.163574
5.989313	0.156625
5.780190	0.152518
5.582756	0.156309
5.384058	0.154414
5.187887	0.154098
4.985714	0.151570
4.786384	0.171156
4.586739	0.149043
4.380459	0.151886
4.181761	0.145884
3.987801	0.137671
3.783101	0.157888
3.590405	0.140830
3.386969	0.130090
3.184480	0.121876
2.984202	0.123140
2.784241	0.131669
2.586174	0.134828
2.387476	0.128826
2.184672	0.111136
1.980288	0.115243
1.783801	0.120613
1.584471	0.115558
1.384825	0.119665
1.185811	0.098816
0.984270	0.087128
0.786520	0.067542
0.586242	0.032794
0.384701	-0.050280
0.189162	-0.138719
-0.011114	-0.260955
-0.204733	-0.408143
-0.414460	-0.542382
-0.619766	-0.679778
-0.812753	-0.815280
-1.015216	-0.923618
-1.212309	-1.043011
-1.417614	-1.140294
-1.614076	-1.209150
-1.814960	-1.276112
-2.019317	-1.332018
-2.218937	-1.372447
-2.408766	-1.418246
-2.615019	-1.482996
-2.817798	-1.543956
-3.012996	-1.587860
-3.216722	-1.628921
-3.419185	-1.645030
-3.613120	-1.709148
-3.813687	-1.788744
-4.016466	-1.852862
-4.218613	-1.858863
-4.414758	-1.870550
-4.623222	-1.943196
-4.812419	-2.013316
-5.013303	-2.076171
-5.218292	-2.098913
-5.416649	-2.084068
-5.615637	-2.144396
-5.819048	-2.254313
-6.015193	-2.314010
-6.214182	-2.327907
-6.411591	-2.307061
-6.616580	-2.371495
-6.816201	-2.456776
-7.017716	-2.539530
-7.219863	-2.541425
-7.416008	-2.534792
-7.609312	-2.567957
-7.814301	-2.649763
-8.018343	-2.723041
-8.214489	-2.751784
-8.416004	-2.782422
-8.613729	-2.802321
-8.815560	-2.864860
-9.018338	-2.907501
-9.211957	-2.947298
-9.418842	-3.037317
-9.621621	-3.035737
-9.813345	-3.065112
-10.010754	-3.081220
-9.811766	-3.077746
-9.621937	-3.061637
-9.419474	-3.025630
-9.216695	-2.942560
-9.008231	-2.851910
-8.813664	-2.851594
-8.614361	-2.862965
-8.417583	-2.834854
-8.218595	-2.748941
-8.015500	-2.639656
-7.813669	-2.613124
-7.614049	-2.657028
-7.413797	-2.625442
-7.214809	-2.552796
-7.008872	-2.450459
-6.818411	-2.409714
-6.615949	-2.423295
-6.419487	-2.410661
-6.215761	-2.332645
-6.008561	-2.221148
-5.822522	-2.195248
-5.620375	-2.183562
-5.416333	-2.164926
-5.214502	-2.085963
-5.013303	-2.019317
-4.807997	-1.976677
-4.616905	-1.934668
-4.417917	-1.913506
-4.215138	-1.857284
-4.015834	-1.820013
-3.812740	-1.755579
-3.611224	-1.707569
-3.421080	-1.681669
-3.217985	-1.625447
-3.014575	-1.595756
-2.818429	-1.545851
-2.613124	-1.477943
-2.412556	-1.410034
-2.215463	-1.368341
-2.018686	-1.331070
-1.815907	-1.274217
-1.613444	-1.193358
-1.420141	-1.085335
-1.213572	-0.999423
-1.012057	-0.918248
-0.817175	-0.800435
-0.618502	-0.626083
-0.416356	-0.477000
-0.212945	-0.359186
-0.013957	-0.239793
0.189478	-0.115978
0.381542	-0.030065
0.585610	0.025844
0.789363	0.070701
0.983322	0.086812
1.185811	0.111768
1.387984	0.111452
1.582576	0.108609
1.783169	0.115874
1.983446	0.134512
2.186567	0.135144
2.385897	0.136723
2.586806	0.131669
2.790243	0.133564
2.981359	0.133564
3.184164	0.141778
3.392023	0.128194
3.587878	0.150939
3.787208	0.142094
3.989381	0.144621
4.184604	0.150939
4.384565	0.157257
4.584527	0.149675
4.786700	0.157888
4.998034	0.145568
5.191046	0.148727
5.383426	0.150939
5.587494	0.164522
5.783981	0.165470
5.986470	0.163574
6.195592	0.149675
6.390500	0.150939
6.590146	0.154098
6.787264	0.166418
6.986910	0.158836
7.184344	0.151886
7.386201	0.146200
7.583636	0.163259
7.790547	0.174315
7.986402	0.174947
8.185732	0.159152
8.389484	0.147148
8.584707	0.169576
8.788460	0.180949
8.986526	0.180317
9.181434	0.167049
9.384870	0.163259
9.588622	0.163574
9.781950	0.182528
9.984755	0.174947
9.787952	0.164838
9.584516	0.155677
9.383923	0.160100
9.185540	0.167365
8.988421	0.167997
8.786565	0.170208
8.589130	0.171156
8.382535	0.164206
8.183520	0.162943
7.982927	0.168629
7.787072	0.169892
7.583636	0.175263
7.391256	0.158204
7.185292	0.150623
6.979960	0.155361
6.786316	0.159152
6.591093	0.158520
6.386709	0.153466
6.186116	0.139566
5.986786	0.139566
5.786508	0.150939
5.592549	0.147148
5.379951	0.158836
5.185992	0.155993
4.981607	0.144621
4.786700	0.145568
4.586422	0.150623
4.386777	0.145884
4.187131	0.133880
3.989697	0.137671
3.782154	0.136092
3.585667	0.142409
3.385705	0.139882
3.185112	0.128194
2.981675	0.126931
2.786452	0.128194
2.587438	0.129458
2.384949	0.126931
2.190674	0.116822
1.983762	0.126299
1.782221	0.111452
1.580364	0.117770
1.387352	0.113031
1.189602	0.113347
0.984902	0.095973
0.785572	0.063752
0.586242	0.025844
0.385965	-0.052491
0.185371	-0.146300
-0.013009	-0.266956
-0.213893	-0.390140
-0.414776	-0.516166
-0.617239	-0.644403
-0.818123	-0.805488
-1.015532	-0.936568
-1.210414	-1.035746
-1.413824	-1.108709
-1.615024	-1.172195
-1.814328	-1.271058
-2.017107	-1.342125
-2.218306	-1.384134
-2.413188	-1.410034
-2.614072	-1.443515
-2.817482	-1.527532
-3.018365	-1.609022
-3.216090	-1.644082
-3.421396	-1.667140
-3.613435	-1.690829
-3.810844	-1.774530
-4.013623	-1.841491
-4.217349	-1.876551
-4.416969	-1.898661
-4.619748	-1.933721
-4.809893	-1.983626
-5.014566	-2.042375
-5.213554	-2.097333
-5.415701	-2.134604
-5.617217	-2.194301
-5.819364	-2.201250
-6.012667	-2.271685
-6.216393	-2.312746
-6.413170	-2.384130
-6.610895	-2.437509
-6.819675	-2.441615
-7.018663	-2.469410
-7.217020	-2.506365
-7.416324	-2.603648
-7.616260	-2.646920
-7.809247	-2.681980
-8.016448	-2.661450
-8.218911	-2.696826
-8.421058	-2.811481
-8.614676	-2.876863
-8.816507	-2.898657
-9.018023	-2.870861
-9.217958	-2.886338
-9.423580	-2.985201
-9.621621	-3.080273
-9.813345	-3.119439
-10.011385	-3.082168
-9.813661	-2.996571
-9.617199	-3.012364
-9.417579	-3.045529
-9.216695	-3.001941
-9.015812	-2.889497
-8.815560	-2.802637
-8.608991	-2.802953
-8.419478	-2.796635
-8.216700	-2.756838
-8.012658	-2.680401
-7.817460	-2.628917
-7.615313	-2.575537
-7.411271	-2.577748
-7.215441	-2.540478
-7.016137	-2.491520
-6.816833	-2.455197
-6.616265	-2.386972
-6.418856	-2.360125
-6.216077	-2.306429
-6.005086	-2.272001
-5.816837	-2.256524
-5.618164	-2.175981
-5.413490	-2.120707
-5.214818	-2.054693
-5.013303	-2.062589
-4.811788	-2.025003
-4.617537	-1.994365
-4.413811	-1.880026
-4.215138	-1.826014
-4.019309	-1.823488
-3.813056	-1.793797
-3.608066	-1.743576
-3.425502	-1.652926
-3.220828	-1.580595
-3.015207	-1.572383
-2.813060	-1.556275
-2.613440	-1.504790
-2.409398	-1.422984
-2.216411	-1.344652
-2.019949	-1.307065
-1.814960	-1.272637
-1.612181	-1.217363
-1.412877	-1.112183
-1.212625	-1.000686
-1.010794	-0.902456
-0.821281	-0.814648
-0.618502	-0.679778
-0.404669	-0.529747
-0.217999	-0.396141
-0.013957	-0.256849
0.190110	-0.149458
0.382806	-0.057861
0.587506	0.016999
0.784624	0.083653
0.987745	0.091234
1.185811	0.101659
1.389879	0.106713
1.580680	0.116822
1.784433	0.122508
1.989448	0.124403
2.185935	0.130405
2.383370	0.128826
2.587438	0.134512
2.788347	0.135460
2.982623	0.139566
3.184796	0.137987
3.386969	0.119981
3.585351	0.135776
3.788471	0.145884
3.990012	0.150623
4.184288	0.141462
4.383302	0.131353
4.584843	0.146516
4.786384	0.163259
4.988557	0.160731
5.187887	0.159784
5.384374	0.147780
5.583704	0.146832
5.783033	0.164838
5.987102	0.170840
6.189907	0.154098
6.386709	0.154098
6.590461	0.152202
6.785685	0.167365
6.984383	0.172104
7.185924	0.162627
7.390624	0.164206
7.584584	0.162311
7.791495	0.163890
7.984823	0.170524
8.181941	0.171472
8.384114	0.181265
8.590710	0.167365
8.784669	0.185371
8.986210	0.167365
9.185225	0.168945
9.383607	0.167681
9.583884	0.172104
9.788268	0.158520
9.985387	0.150939
9.784162	0.161679
9.583884	0.172420
9.386133	0.162943
9.180486	0.160100
8.993476	0.148411
8.793514	0.152202
8.585340	0.167681
8.387905	0.176842
8.189838	0.160416
7.983875	0.149991
7.786125	0.159468
7.587742	0.173367
7.388412	0.171788
7.187819	0.164838
6.986910	0.150623
6.783157	0.155993
6.588882	0.161679
6.389236	0.173683
6.186431	0.156941
5.988365	0.152202
5.789983	0.139882
5.583704	0.153466
5.383426	0.163574
5.180937	0.161047
4.988557	0.163574
4.785752	0.162627
4.588318	0.151570
4.379511	0.152518
4.182077	0.152202
3.988749	0.151570
3.782470	0.144621
3.586614	0.137039
3.392655	0.123140
3.180057	0.137039
2.984202	0.132301
2.790559	0.131353
2.584595	0.123772
2.386213	0.114611
2.190358	0.107345
1.980603	0.126299
1.783801	0.124088
1.583207	0.118086
1.381666	0.112084
1.185811	0.102923
0.983954	0.097236
0.780834	0.081442
0.582767	0.037532
0.382174	-0.024380
0.188846	-0.133350
-0.013325	-0.251795
-0.219262	-0.397404
-0.416356	-0.525010
-0.618187	-0.645982
-0.813701	-0.778325
-1.018690	-0.932778
-1.216731	-1.056593
-1.411929	-1.134925
-1.615339	-1.192410
-1.817486	-1.253370
-2.015843	-1.320963
-2.217042	-1.389503
-2.415083	-1.419510
-2.616282	-1.478574
-2.814323	-1.533217
-3.019629	-1.578700
-3.217670	-1.627342
-3.418237	-1.678826
-3.615015	-1.746735
-3.812424	-1.779268
-4.013307	-1.808958
-4.217033	-1.822856
-4.416337	-1.905926
-4.616273	-1.982047
-4.817157	-2.031320
-5.014882	-2.041111
-5.209764	-2.048060
-5.421703	-2.109968
-5.618796	-2.207251
-5.817469	-2.266632
-6.013614	-2.278002
-6.211971	-2.266948
-6.410012	-2.339278
-6.608368	-2.441615
-6.816201	-2.504786
-7.017716	-2.511103
-7.215441	-2.494678
-7.410639	-2.547742
-7.617524	-2.639972
-7.808931	-2.715145
-8.017079	-2.714513
-8.219227	-2.701563
-8.418847	-2.746099
-8.608359	-2.818114
-8.810822	-2.906553
-9.018023	-2.906869
-9.218274	-2.937191
-9.413789	-2.959301
-9.625411	-3.024998
-9.807659	-3.101435
-10.008543	-3.118176
-9.813661	-3.090064
-9.618778	-3.027841
-9.418527	-2.982990
-9.213221	-2.939402
-9.015812	-2.906553
-8.814297	-2.894235
-8.616571	-2.859175
-8.420742	-2.775473
-8.217332	-2.721146
-8.015184	-2.684191
-7.816196	-2.694299
-7.614049	-2.651342
-7.410007	-2.585329
-7.216073	-2.481413
-7.016452	-2.470989
-6.810831	-2.491204
-6.618475	-2.450459
-6.416013	-2.377812
-6.213866	-2.283688
-6.010456	-2.231888
-5.819364	-2.241679
-5.613111	-2.233783
-5.416333	-2.156082
-5.209764	-2.051850
-5.012987	-2.000998
-4.814946	-2.000682
-4.617221	-1.984573
-4.415706	-1.916349
-4.216718	-1.824751
-4.012360	-1.786848
-3.813687	-1.757474
-3.610593	-1.741050
-3.417606	-1.678510
-3.221460	-1.624499
-3.015839	-1.575542
-2.810533	-1.527848
-2.611861	-1.490893
-2.414451	-1.433407
-2.215463	-1.386029
-2.021213	-1.320963
-1.815907	-1.261582
-1.613444	-1.188304
-1.410982	-1.130818
-1.211677	-1.039852
-1.013952	-0.934989
-0.816227	-0.784958
-0.618502	-0.632716
-0.417935	-0.504163
-0.212945	-0.382559
-0.014589	-0.247057
0.187898	-0.124190
0.384701	-0.032908
0.586558	0.021422
0.787467	0.073860
0.981427	0.102291
1.185811	0.108609
1.387984	0.103554
1.576573	0.105766
1.784433	0.119349
1.983762	0.123456
2.183724	0.134512
2.386845	0.125351
2.589333	0.117138
2.785820	0.134828
2.986729	0.135776
3.185428	0.141146
3.383810	0.122508
3.590089	0.124719
3.785312	0.150623
3.985590	0.159784
4.181761	0.147464
4.384881	0.156941
4.585475	0.148411
4.787016	0.149991
4.988557	0.153150
5.185992	0.155045
5.383426	0.161679
5.587810	0.176210
5.783033	0.156309
5.987418	0.153466
6.188011	0.152202
6.383550	0.167681
6.589829	0.162943
6.783789	0.158520
6.979329	0.145884
7.184029	0.147464
7.388729	0.165470
7.582057	0.171156
7.791811	0.163890
7.983875	0.160100
8.184468	0.154098
8.392012	0.164206
8.586603	0.180001
8.786880	0.167365
8.986526	0.155677
9.181749	0.152202
9.385818	0.172420
9.581041	0.176842
9.785741	0.173367
9.987598	0.158204
9.782267	0.154729
9.584831	0.161047
9.381711	0.171472
9.187752	0.167049
8.983367	0.159152
8.784669	0.164838
8.589446	0.164522
8.383799	0.172420
8.183520	0.170840
7.983559	0.171788
7.790547	0.171156
7.587427	0.165786
7.384938	0.171472
7.187819	0.159784
6.979012	0.170524
6.787264	0.157572
6.595200	0.160731
6.383866	0.146516
6.186748	0.149675
5.990892	0.162311
5.787140	0.164206
5.579597	0.154729
5.383110	0.149043
5.185044	0.148727
4.988873	0.147464
4.787016	0.168629
4.583580	0.159152
4.386145	0.146832
4.184920	0.127247
3.989697	0.151570
3.786892	0.149043
3.585035	0.142409
3.384442	0.133564
3.189850	0.114295
2.984202	0.124403
2.791822	0.131669
2.585859	0.122824
2.392531	0.113347
2.187515	0.112715
1.985342	0.107977
1.782221	0.121245
1.583207	0.130090
1.386089	0.107345
1.185179	0.105450
0.984586	0.095973
0.786520	0.067542
0.582767	0.025212
0.386281	-0.057229
0.187898	-0.154196
-0.013325	-0.265377
-0.214840	-0.398036
-0.414145	-0.532274
-0.615344	-0.686727
-0.812437	-0.818123
-1.007319	-0.921407
-1.214836	-1.026587
-1.414140	-1.104603
-1.613760	-1.213572
-1.814012	-1.290957
-2.018370	-1.325069
-2.214200	-1.357602
-2.413188	-1.406875
-2.614388	-1.500053
-2.816850	-1.557538
-3.014891	-1.605548
-3.214195	-1.612181
-3.416342	-1.643766
-3.612172	-1.726836
-3.819057	-1.814012
-4.014571	-1.841491
-4.217665	-1.849072
-4.417917	-1.868655
-4.619748	-1.949829
-4.816209	-2.028477
-5.015198	-2.072697
-5.215450	-2.074908
-5.413806	-2.100176
-5.619112	-2.153240
-5.819048	-2.240731
-6.016773	-2.291268
-6.215445	-2.303271
-6.408748	-2.358861
-6.618792	-2.390446
-6.817780	-2.453933
-7.015189	-2.497205
-7.220494	-2.548374
-7.408428	-2.601121
-7.614681	-2.661134
-7.810827	-2.664608
-8.019922	-2.688929
-8.216700	-2.763155
-8.416951	-2.830116
-8.614045	-2.832959
-8.813664	-2.831064
-9.020234	-2.866123
-9.219222	-2.979199
-9.412525	-3.040475
-9.613725	-3.070166
-9.814924	-3.039212
-10.013281	-3.047740
-9.809238	-3.087222
-9.620989	-3.087222
-9.416947	-3.038264
-9.211641	-2.924872
-9.017076	-2.842434
-8.813664	-2.859806
-8.611518	-2.867387
-8.418530	-2.837065
-8.217963	-2.721778
-8.015184	-2.643762
-7.815565	-2.641867
-7.613418	-2.650079
-7.409376	-2.619757
-7.218599	-2.528159
-7.013926	-2.457092
-6.817464	-2.428981
-6.615317	-2.415715
-6.414118	-2.384445
-6.218920	-2.314326
-6.005086	-2.271054
-5.815573	-2.212620
-5.621639	-2.189563
-5.416649	-2.137763
-5.214818	-2.098281
-5.007301	-2.076487
-4.813051	-1.995628
-4.617221	-1.943828
-4.415706	-1.889501
-4.214191	-1.874656
-4.018677	-1.830436
-3.815582	-1.773898
-3.612172	-1.723362
-3.416342	-1.655769
-3.217038	-1.643766
-3.013312	-1.609022
-2.819693	-1.554695
-2.615651	-1.464361
-2.411925	-1.398663
-2.217990	-1.374658
-2.017107	-1.342125
-1.814328	-1.278007
-1.616287	-1.187988
-1.415719	-1.073333
-1.212309	-1.001002
-1.012057	-0.910352
-0.821281	-0.789696
-0.616291	-0.643139
-0.413513	-0.497214
-0.209155	-0.382875
-0.013325	-0.264114
0.190110	-0.145668
0.385965	-0.050280
0.582451	0.026792
0.785572	0.068806
0.992483	0.102923
1.187075	0.106713
1.387036	0.116190
1.587630	0.115558
1.783485	0.128194
1.985342	0.120613
2.185303	0.131037
2.394426	0.118717
2.593440	0.131037
2.787400	0.148411
2.983255	0.139251
3.185112	0.176210
3.387916	0.142409
3.591985	0.143673
3.786576	0.157888
3.986222	0.138303
4.181445	0.137671
4.382354	0.142094
4.584211	0.160100
4.787016	0.153782
4.995191	0.144937
5.188835	0.144305
5.383426	0.151570
5.580544	0.166418
5.784929	0.168629
5.988050	0.159784
6.184852	0.142725
6.388920	0.150623
6.592041	0.159152
6.783157	0.160100
6.985962	0.156625
7.190031	0.157257
7.387781	0.160100
7.588058	0.161363
7.791179	0.172104
7.977557	0.161679
8.184153	0.170840
8.386957	0.175263
8.581549	0.171156
8.785933	0.184424
8.989369	0.169576
9.179854	0.178106
9.386450	0.171156
9.587043	0.158836
9.782582	0.170208
9.991388	0.161363
9.787952	0.173367
9.581988	0.162627
9.385818	0.173051
9.183329	0.166418
8.989054	0.162943
8.789408	0.173683
8.586287	0.173683
8.388853	0.152834
8.184468	0.155361
7.984191	0.158836
7.789599	0.171788
7.586479	0.180001
7.386833	0.156309
7.184029	0.150939
6.989437	0.145568
6.785369	0.161047
6.591093	0.159468
6.386709	0.162627
6.189590	0.136092
5.996263	0.150623
5.783981	0.163259
5.583072	0.161995
5.382794	0.156941
5.183465	0.146516
4.986030	0.153782
4.794598	0.146516
4.582632	0.161363
4.383934	0.152518
4.183972	0.146832
3.990644	0.138619
3.784681	0.143357
3.595144	0.139566
3.382862	0.148727
3.183532	0.139566
2.985466	0.128194
2.792138	0.116822
2.592808	0.118086
2.387792	0.122824
2.183724	0.122508
1.985974	0.122192
1.784748	0.119981
1.583523	0.105450
1.384825	0.110188
1.188970	0.105134
0.991536	0.095973
0.784624	0.081758
0.582767	0.028687
0.378383	-0.040173
0.186951	-0.127349
-0.012693	-0.245162
-0.210418	-0.376242
-0.413829	-0.493740
-0.616291	-0.633348
-0.817175	-0.805488
-1.007004	-0.935936
-1.211361	-1.022796
-1.415088	-1.096706
-1.610286	-1.187356
-1.815591	-1.255265
-2.016791	-1.344968
-2.216411	-1.376238
-2.412872	-1.404980
-2.620704	-1.462150
-2.813376	-1.530059
-3.012996	-1.597336
-3.216090	-1.633027
-3.419816	-1.675668
-3.613751	-1.712939
-3.811792	-1.764107
-4.015203	-1.817486
-4.212927	-1.869602
-4.418549	-1.932457
-4.620380	-1.948250
-4.814630	-1.995628
-5.013618	-2.027214
-5.210396	-2.087226
-5.415070	-2.164926
-5.620059	-2.197775
-5.818416	-2.224623
-6.013299	-2.226518
-6.217656	-2.302639
-6.408432	-2.404976
-6.615001	-2.446669
-6.821886	-2.457724
-7.018979	-2.440351
-7.219863	-2.506049
-7.417272	-2.618809
-7.616576	-2.665240
-7.810195	-2.678190
-8.022449	-2.635550
-8.214173	-2.702511
-8.412213	-2.805480
-8.616571	-2.874967
-8.816192	-2.878758
-9.016128	-2.851278
-9.215748	-2.908448
-9.419158	-2.995940
-9.611830	-3.091328
-9.810818	-3.079325
-10.014860	-3.084379
-9.813661	-3.030368
-9.621621	-3.016154
-9.415684	-3.022787
-9.212274	-2.947930
-9.019286	-2.906869
-8.812085	-2.845277
-8.612149	-2.807374
-8.419163	-2.771367
-8.217332	-2.735991
-8.015817	-2.727148
-7.813037	-2.665872
-7.616260	-2.593857
-7.413482	-2.537951
-7.217020	-2.518999
-7.016768	-2.516788
-6.817464	-2.478254
-6.615317	-2.395816
-6.411275	-2.328855
-6.212603	-2.295374
-6.013930	-2.303902
-5.822522	-2.254629
-5.621323	-2.176297
-5.418228	-2.092911
-5.215134	-2.062905
-5.016461	-2.077435
-4.812735	-2.036374
-4.618801	-1.958042
-4.413179	-1.866444
-4.215454	-1.829805
-4.014886	-1.822540
-3.814635	-1.798219
-3.610909	-1.734101
-3.417606	-1.650399
-3.217985	-1.605232
-3.013628	-1.573331
-2.817166	-1.544588
-2.615019	-1.478259
-2.407503	-1.406560
-2.220517	-1.364551
-2.018054	-1.314646
-1.816855	-1.263162
-1.619761	-1.195885
-1.413824	-1.131450
-1.210730	-1.028798
-1.015216	-0.910352
-0.815596	-0.796013
-0.612817	-0.658616
-0.417619	-0.533853
-0.213893	-0.392666
-0.011430	-0.254322
0.192637	-0.144405
0.380910	-0.047753
0.582136	0.028371
0.782097	0.069754
0.983638	0.091550
1.186443	0.099448
1.388300	0.106397
1.582891	0.119033
1.784433	0.129142
1.979340	0.127878
2.184988	0.123140
2.387476	0.121876
2.589965	0.127562
2.786768	0.145884
2.986098	0.140830
3.186375	0.120929
3.385389	0.127247
3.588826	0.132617
3.790051	0.137987
3.991276	0.145253
4.186499	0.141778
4.382986	0.136092
4.585791	0.149991
4.793334	0.154098
4.989189	0.155993
5.188203	0.164206
5.383110	0.157257
5.578649	0.156941
5.785245	0.163890
5.989313	0.164838
6.186748	0.164838
6.387657	0.161047
6.596779	0.151570
6.784105	0.158520
6.985014	0.155361
7.187819	0.159784
7.382727	0.171156
7.584584	0.161995
7.785809	0.160416
7.982612	0.161363
8.179414	0.173051
8.384746	0.178422
8.587551	0.170208
8.791935	0.167997
8.987158	0.156941
9.183961	0.207800
9.380763	0.178737
9.585779	0.172420
9.786057	0.153150
9.986335	0.160731
9.785741	0.159152
9.592413	0.165786
9.383290	0.170524
9.179538	0.157257
8.987790	0.156309
8.788775	0.164206
8.589446	0.170208
8.384114	0.175578
8.183520	0.168629
7.983559	0.161995
7.791179	0.155361
7.588058	0.173683
7.385885	0.169576
7.187187	0.156309
6.980276	0.170208
6.787896	0.152518
6.590461	0.171472
6.387973	0.156625
6.182957	0.164206
5.991209	0.159152
5.786508	0.155677
5.587494	0.149675
5.384058	0.152834
5.190098	0.160100
4.987926	0.159784
4.785752	0.182844
4.587686	0.138935
4.382986	0.151570
4.183024	0.151886
3.989697	0.143673
3.789735	0.142725
3.587246	0.137039
3.393286	0.112399
3.180373	0.186951
2.984202	0.140830
2.789611	0.128194
2.587754	0.112399
2.389688	0.124088
2.187515	0.116190
1.981867	0.130405
1.783801	0.131037
1.583207	0.107029
1.387352	0.105134
1.185811	0.112399
0.986797	0.088076
0.783677	0.072597
0.584979	0.023001
0.380279	-0.053123
0.186951	-0.146300
-0.011746	-0.280538
-0.209155	-0.413829
-0.416040	-0.546488
-0.617239	-0.693992
-0.811805	-0.811174
-1.010162	-0.938147
-1.210414	-1.046801
-1.418246	-1.141242
-1.614392	-1.210730
