# Configuration automatically generated by WRITE_CONFIG()
connection eth
ip 192.168.0.10
samplehz 1000.000000
settleus 10.000000
nsample 128

# Analog Inputs
aichannel 0
ainegative 199
airange 10.000000
airesolution 0

aichannel 1
ainegative 199
airange 10.000000
airesolution 0

# Analog Outputs
aochannel 0
aosignal triangle
aofrequency 5.000000
aoamplitude 2.000000
aooffset 2.500000
aoduty 0.500000

# Meta Parameters
int:periods 10
flt:tip_T_C 364.838634
flt:plate_T_C 295.389611
flt:plate_Q_kW 0.222999
flt:cool_Thigh_C 48.324178
flt:cool_Tlow_C 16.715554
flt:air_psig 20.000000
flt:water_gph 1.200000
flt:standoff_in 0.233000
flt:oxygen_scfh 6.347656
flt:fuel_scfh 3.491844
flt:flow_scfh 9.839500
flt:ratio_fto 0.550100

## End Configuration ##
#: Fri Apr  7 13:31:58 2017
-6.412854	-2.343700
-10.007595	-3.232831
-9.814292	-3.297897
-9.611513	-3.153867
-9.413472	-2.997519
-9.219222	-2.926136
-9.002230	-2.957721
-8.815560	-3.097329
-8.610254	-2.990570
-8.410634	-2.836117
-8.221753	-2.729043
-8.005709	-2.731570
-7.812722	-2.845277
-7.620366	-2.819377
-7.401163	-2.652290
-7.214177	-2.547110
-7.016137	-2.496258
-6.810199	-2.540478
-6.617528	-2.578380
-6.410327	-2.450143
-6.216077	-2.341805
-6.013614	-2.271054
-5.809256	-2.299796
-5.618480	-2.362335
-5.413806	-2.270422
-5.207237	-2.121023
-5.024358	-2.067327
-4.800733	-2.031320
-4.621643	-2.095123
-4.415390	-2.034794
-4.204715	-1.929299
-4.011412	-1.837385
-3.814635	-1.807379
-3.605539	-1.808642
-3.419185	-1.831384
-3.201245	-1.691776
-3.017102	-1.598915
-2.811165	-1.549326
-2.608070	-1.559433
-2.410029	-1.553116
-2.211989	-1.489945
-2.009526	-1.358865
-1.818118	-1.325701
-1.604916	-1.265057
-1.413824	-1.282429
-1.208203	-1.181039
-0.997212	-1.042379
-0.810226	-0.932462
-0.616923	-0.858552
-0.404353	-0.760953
-0.215788	-0.674725
-0.008587	-0.510480
0.187898	-0.396773
0.394494	-0.288434
0.588453	-0.193046
0.791574	-0.102712
0.986165	-0.025012
1.200974	0.052695
1.384825	0.048589
1.593948	0.107345
1.786328	0.102291
1.983131	0.116506
2.199203	0.116822
2.395058	0.099448
2.580804	0.112084
2.799088	0.160100
2.979148	0.151255
3.194904	0.145884
3.393286	0.112399
3.591353	0.135460
3.793842	0.165470
3.991276	0.151570
4.181445	0.156309
4.394042	0.143989
4.581052	0.121245
4.798704	0.172735
4.988557	0.172420
5.189150	0.162311
5.397641	0.153466
5.584335	0.120613
5.782718	0.164522
6.000053	0.192321
6.185484	0.169892
6.395554	0.169892
6.597095	0.139882
6.783789	0.165154
6.997018	0.192953
7.181817	0.176210
7.389992	0.183476
7.604169	0.149359
7.783282	0.139882
7.992404	0.187582
8.187943	0.192321
8.386326	0.179369
8.600186	0.156309
8.784669	0.124403
8.991581	0.189794
9.195333	0.192005
9.384870	0.189794
9.585464	0.174947
9.794271	0.154414
9.985703	0.179369
9.802168	0.194532
9.580409	0.192321
9.391188	0.197059
9.195333	0.150307
8.995055	0.147464
8.791935	0.180949
8.595448	0.193585
8.380639	0.171472
8.194893	0.157888
7.980084	0.140198
7.800656	0.176842
7.594060	0.185055
7.388097	0.174315
7.190346	0.158520
6.993544	0.152202
6.779051	0.157888
6.603097	0.175578
6.381655	0.179369
6.194961	0.169576
5.992472	0.141146
5.783033	0.144305
5.586231	0.162311
5.391955	0.180317
5.185360	0.156309
4.992664	0.134512
4.787016	0.129774
4.590529	0.153150
4.388672	0.164838
4.189026	0.153782
3.990644	0.133564
3.796685	0.138935
3.581876	0.131037
3.397393	0.155361
3.182900	0.150623
2.988941	0.131985
2.799404	0.123140
2.586174	0.108609
2.387792	0.131985
2.195412	0.131985
1.980919	0.094078
1.793278	0.099448
1.584155	0.078599
1.394618	0.071965
1.192761	0.058065
0.984270	-0.033856
0.789995	-0.100501
0.597930	-0.190204
0.377435	-0.307386
0.198323	-0.427410
-0.016800	-0.555647
-0.210418	-0.613449
-0.403090	-0.722103
-0.621661	-0.877187
-0.811490	-0.995001
-1.003213	-1.121343
-1.216099	-1.147243
-1.409086	-1.178197
-1.613128	-1.284640
-1.813064	-1.366762
-2.007631	-1.459939
-2.221148	-1.482681
-2.404976	-1.438145
-2.605543	-1.534481
-2.817482	-1.619130
-3.001941	-1.713254
-3.216406	-1.728415
-3.416658	-1.685459
-3.602381	-1.747682
-3.824110	-1.851599
-4.005727	-1.927404
-4.207874	-2.000682
-4.414758	-1.958357
-4.611220	-1.958042
-4.814314	-2.072381
-5.012355	-2.182614
-5.205342	-2.281161
-5.422650	-2.224307
-5.606162	-2.164926
-5.811467	-2.289689
-6.015825	-2.395500
-6.205338	-2.493415
-6.406537	-2.471621
-6.619739	-2.389815
-6.809884	-2.473832
-7.022454	-2.584381
-7.207229	-2.736623
-7.409376	-2.746731
-7.616576	-2.625126
-7.807984	-2.642814
-8.014237	-2.796635
-8.213541	-2.946666
-8.412530	-3.000046
-8.615624	-2.879389
-8.805452	-2.835170
-9.007915	-2.955194
-9.216695	-3.112806
-9.415999	-3.216090
-9.613409	-3.151656
-9.813661	-3.029420
-10.006647	-3.115017
-9.815240	-3.185137
-9.611830	-3.275155
-9.415051	-3.168080
-9.221117	-2.953931
-9.011390	-2.884127
-8.807980	-2.941613
-8.613413	-3.016786
-8.412213	-2.989307
-8.213541	-2.789687
-8.013921	-2.669662
-7.813985	-2.689245
-7.614681	-2.766945
-7.409376	-2.758733
-7.210387	-2.627022
-7.015189	-2.467199
-6.813674	-2.458671
-6.615633	-2.501627
-6.409064	-2.551848
-6.211023	-2.445089
-6.016773	-2.288741
-5.811467	-2.208199
-5.618480	-2.265368
-5.416965	-2.314957
-5.205974	-2.253997
-5.009512	-2.105230
-4.806734	-1.991838
-4.611536	-2.000682
-4.424234	-2.055641
-4.200293	-2.006999
-4.010149	-1.908453
-3.814319	-1.767581
-3.605223	-1.738523
-3.417921	-1.778952
-3.211984	-1.768845
-3.009837	-1.697778
-2.825694	-1.553748
-2.601753	-1.483944
-2.410345	-1.513003
-2.219569	-1.514266
-2.009842	-1.440356
-1.808642	-1.341493
-1.612813	-1.220521
-1.410034	-1.223048
-1.214836	-1.178513
-0.992790	-1.107129
-0.815596	-0.978577
-0.615028	-0.805488
-0.405932	-0.715154
-0.217683	-0.659248
-0.007324	-0.532274
0.191057	-0.420146
0.380910	-0.269799
0.597299	-0.174411
0.783361	-0.105871
0.988693	-0.018695
1.190866	0.064383
1.388932	0.059961
1.592684	0.103554
1.782537	0.078915
1.984394	0.141146
2.198571	0.121876
2.386529	0.107029
2.590597	0.122192
2.799088	0.131037
2.983886	0.127562
3.194904	0.171788
3.385389	0.113979
3.591669	0.145253
3.795421	0.135144
3.990012	0.136407
4.182393	0.178737
4.390568	0.176842
4.587370	0.120613
4.791439	0.161679
4.988873	0.131037
5.193257	0.190741
5.389428	0.166733
5.585599	0.148411
5.782402	0.148727
6.000685	0.171156
6.185800	0.164206
6.398081	0.199902
6.592357	0.159784
6.787264	0.162627
6.988805	0.161363
7.190662	0.176210
7.387465	0.190426
7.593744	0.190426
7.791495	0.141778
7.990825	0.176842
8.187311	0.157888
8.391064	0.196428
8.591341	0.186951
8.788775	0.147780
8.987790	0.158836
9.195649	0.192637
9.386450	0.183160
9.591149	0.216329
9.793323	0.158520
9.987914	0.162311
9.789847	0.183476
9.591149	0.193269
9.385502	0.214434
9.191543	0.185055
8.992212	0.139251
8.793830	0.171472
8.587867	0.169261
8.389484	0.190426
8.192998	0.186951
7.984823	0.137355
7.790231	0.160416
7.601010	0.169261
7.385570	0.173051
7.191294	0.188214
6.994175	0.159152
6.786633	0.137671
6.600886	0.166418
6.388920	0.161047
6.188011	0.193900
6.000369	0.157257
5.787772	0.121560
5.594760	0.134512
5.391007	0.156625
5.186307	0.173051
4.999298	0.182528
4.783857	0.109556
4.591161	0.143357
4.394358	0.142409
4.189026	0.141146
3.990960	0.172104
3.798580	0.136723
3.584087	0.114295
3.398341	0.145253
3.180689	0.123772
2.989573	0.172104
2.794349	0.113663
2.584911	0.112715
2.390003	0.115558
2.192885	0.118717
1.978076	0.108925
1.796121	0.125035
1.580048	0.050168
1.397777	0.093762
1.190866	0.027108
0.980795	-0.021853
0.793154	-0.093868
0.590981	-0.171568
0.373329	-0.296962
0.202114	-0.377505
-0.017747	-0.568913
-0.204101	-0.661143
-0.414145	-0.735053
-0.615028	-0.808331
-0.813069	-0.934041
-1.004477	-1.094495
-1.217994	-1.215468
-1.402769	-1.217679
-1.618814	-1.267899
-1.804220	-1.309276
-2.019317	-1.416035
-2.216411	-1.519951
-2.408134	-1.523426
-2.610913	-1.518056
-2.821904	-1.568909
-3.005100	-1.630500
-3.218617	-1.783374
-3.414131	-1.787164
-3.612172	-1.767265
-3.811792	-1.791270
-4.014571	-1.864233
-4.208505	-1.985205
-4.420760	-2.075224
-4.606166	-2.024055
-4.815894	-2.024687
-5.007617	-2.084699
-5.209133	-2.216411
-5.416965	-2.317800
-5.617533	-2.267263
-5.807361	-2.238836
-6.018668	-2.311483
-6.205338	-2.380971
-6.415065	-2.548374
-6.614369	-2.529423
-6.809884	-2.465304
-7.014873	-2.513630
-7.214809	-2.590067
-7.405585	-2.755890
-7.618787	-2.792529
-7.801351	-2.710407
-8.016132	-2.701563
-8.215753	-2.797267
-8.407475	-2.954247
-8.618783	-3.043634
-8.807032	-2.939086
-9.009810	-2.904974
-9.217643	-2.989938
-9.415999	-3.112174
-9.612777	-3.262521
-9.817451	-3.210405
-10.002226	-3.082484
-9.817451	-3.082484
-9.607723	-3.115649
-9.417263	-3.230620
-9.218906	-3.131757
-9.005704	-2.928031
-8.810506	-2.856964
-8.617204	-2.899604
-8.405581	-2.979831
-8.226807	-2.964986
-8.005077	-2.747678
-7.809879	-2.646289
-7.614681	-2.647236
-7.409376	-2.714197
-7.211967	-2.727148
-7.022138	-2.591962
-6.804198	-2.420137
-6.624161	-2.416662
-6.400536	-2.444773
-6.217972	-2.506049
-6.013930	-2.380971
-5.808940	-2.223991
-5.612795	-2.185773
-5.422966	-2.211989
-5.200921	-2.236310
-5.028148	-2.197775
-4.799469	-2.031636
-4.620696	-1.958042
-4.418549	-1.955199
-4.208821	-1.972887
-4.006359	-1.982362
-3.820636	-1.837069
-3.598274	-1.717360
-3.424238	-1.705990
-3.202509	-1.713886
-3.018681	-1.738523
-2.809901	-1.630185
-2.612176	-1.492156
-2.404344	-1.458044
-2.226202	-1.451095
-2.004472	-1.455517
-1.821277	-1.396768
-1.599547	-1.259687
-1.410666	-1.179144
-1.211677	-1.107445
-1.005424	-1.090389
-0.808331	-1.033535
-0.623556	-0.858236
-0.403721	-0.694308
-0.216104	-0.610922
-0.007324	-0.527852
0.189794	-0.433412
0.386281	-0.304859
0.589717	-0.171884
0.789047	-0.106818
0.987429	-0.014589
1.198447	0.046061
1.386405	0.084285
1.591421	0.091866
1.787276	0.085864
1.983446	0.097236
2.194149	0.129774
2.390635	0.120929
2.589649	0.115558
2.799720	0.116506
2.986098	0.120613
3.191114	0.137671
3.392655	0.163890
3.585351	0.149675
3.798264	0.143673
3.985274	0.116506
4.185867	0.145884
4.393095	0.160100
4.584843	0.154729
4.790807	0.142094
5.002772	0.125035
5.189782	0.146200
5.389112	0.178737
5.581176	0.168629
5.790931	0.167365
5.991209	0.153466
6.191802	0.156309
6.393027	0.169261
6.598359	0.186635
6.779683	0.176842
6.996071	0.160416
7.183081	0.145884
7.392519	0.180633
7.591533	0.199587
7.793390	0.173051
7.993668	0.154098
8.198999	0.150939
8.380008	0.177158
8.602082	0.188214
8.782774	0.174631
8.991581	0.174947
9.197860	0.152834
9.381080	0.157257
9.584200	0.193900
9.798377	0.196112
9.982860	0.195164
9.799324	0.159468
9.581041	0.162311
9.389924	0.182212
9.189331	0.212222
8.994108	0.166418
8.783090	0.159784
8.594816	0.149675
8.382535	0.178106
8.196157	0.182844
7.981980	0.170208
7.791495	0.168313
7.599747	0.161363
7.387781	0.154414
7.185924	0.206852
6.998598	0.179685
6.777155	0.167365
6.599307	0.151255
6.388288	0.157572
6.191486	0.188530
5.995947	0.188214
5.785561	0.143041
5.582124	0.151570
5.392903	0.131985
5.187255	0.166102
4.995191	0.160416
4.785752	0.153150
4.592109	0.139566
4.399729	0.137671
4.183024	0.121876
3.990960	0.185055
3.795421	0.151255
3.589142	0.132301
3.390759	0.135776
3.186691	0.129458
2.989573	0.150939
2.793402	0.152202
2.583015	0.109240
2.387792	0.120613
2.189726	0.094709
1.984394	0.117138
1.790750	0.107661
1.582891	0.104818
1.392722	0.074176
1.196552	0.033426
0.981743	-0.032276
0.789363	-0.088498
0.599510	-0.213893
0.384069	-0.282749
0.192321	-0.384138
-0.003849	-0.533222
-0.211050	-0.663985
-0.412881	-0.798540
-0.622293	-0.857920
-0.812437	-0.898034
-1.011425	-1.047749
-1.210414	-1.187672
-1.404349	-1.290325
-1.602705	-1.319384
-1.814012	-1.292852
-2.007947	-1.364867
-2.225570	-1.469730
-2.408450	-1.570804
-2.610913	-1.589123
-2.814323	-1.562276
-3.012680	-1.579648
-3.213879	-1.690197
-3.416342	-1.778320
-3.605223	-1.858547
-3.813687	-1.816223
-4.009517	-1.803589
-4.210716	-1.898345
-4.418865	-2.057220
-4.614694	-2.111863
-4.804839	-2.114706
-5.011408	-2.036374
-5.208185	-2.124497
-5.412859	-2.236941
-5.613111	-2.365494
-5.809256	-2.360125
-6.017088	-2.304850
-6.210392	-2.296638
-6.411275	-2.440036
-6.613738	-2.566377
-6.809252	-2.619125
-7.021506	-2.531634
-7.213546	-2.514893
-7.408112	-2.625442
-7.611522	-2.804848
-7.810511	-2.837381
-8.009183	-2.814008
-8.217015	-2.720830
-8.416004	-2.823799
-8.615308	-2.956142
-8.806085	-3.071429
-9.009179	-3.026893
-9.223644	-2.964670
-9.412210	-2.969408
-9.615304	-3.147866
-9.809238	-3.274839
-10.009490	-3.291895
-9.815556	-3.092907
-9.604880	-3.029736
-9.414736	-3.077746
-9.225855	-3.147234
-9.006652	-3.076167
-8.814928	-2.948877
-8.610254	-2.794740
-8.419794	-2.848436
-8.215753	-2.891708
-8.013921	-2.895814
-7.813669	-2.769788
-7.618787	-2.622284
-7.401163	-2.583118
-7.222390	-2.658923
-7.013926	-2.659870
-6.812726	-2.574906
-6.613106	-2.413504
-6.408432	-2.353176
-6.211971	-2.405607
-6.017720	-2.433403
-5.812099	-2.347490
-5.617848	-2.222728
-5.411280	-2.125760
-5.206922	-2.161452
-5.016777	-2.202513
-4.805155	-2.146291
-4.615326	-2.032899
-4.422971	-1.915085
-4.201872	-1.903399
-4.012991	-1.935616
-3.813371	-1.904346
-3.610593	-1.796640
-3.412868	-1.678195
-3.214827	-1.641871
-3.015839	-1.674088
-2.810849	-1.659559
-2.604280	-1.584702
-2.415399	-1.463098
-2.213252	-1.401822
-2.009526	-1.393925
-1.813064	-1.413824
-1.605232	-1.323806
-1.413193	-1.219574
-1.217994	-1.089126
-1.003845	-1.040484
-0.811805	-1.011110
-0.615976	-0.925513
-0.410354	-0.730631
-0.215156	-0.619134
-0.005429	-0.478895
0.189162	-0.424568
0.382490	-0.308333
0.590665	-0.190204
0.792838	-0.091657
0.993431	-0.032276
1.201290	0.046377
1.386721	0.061856
1.592368	0.125351
1.784433	0.075124
1.990396	0.102923
2.195412	0.104818
2.387161	0.124088
2.585227	0.132617
2.801299	0.144937
2.984518	0.091550
3.192061	0.149675
3.385389	0.129774
3.593564	0.156309
3.796685	0.154098
3.992856	0.126615
4.180182	0.132301
4.398781	0.159152
4.582000	0.150307
4.800600	0.182212
4.986978	0.126931
5.188519	0.140830
5.392271	0.148727
5.591917	0.156309
5.781138	0.183792
6.000053	0.179053
6.184852	0.128826
6.395554	0.164522
6.589829	0.158204
6.789475	0.201482
6.996703	0.181580
7.187819	0.138935
7.385885	0.176210
7.597851	0.187898
7.785493	0.169892
7.996511	0.194216
8.179414	0.150939
8.386957	0.165154
8.596395	0.165154
8.785933	0.164838
8.992212	0.203377
9.194701	0.177474
9.379184	0.142094
9.593677	0.179369
9.789847	0.177158
9.988545	0.211275
9.795534	0.185687
9.583884	0.151570
9.390241	0.180633
9.197860	0.170208
8.990001	0.175894
8.790671	0.189478
8.588498	0.158520
8.386642	0.150623
8.195525	0.168629
7.981980	0.180949
7.793390	0.199271
7.594692	0.152834
7.383990	0.142725
7.186240	0.168313
6.992280	0.179369
6.780630	0.189478
6.599307	0.174947
6.391763	0.134828
6.194329	0.168629
5.991209	0.163259
5.786192	0.174947
5.580861	0.171788
5.392271	0.151570
5.187255	0.132301
4.995507	0.158836
4.781330	0.159468
4.595583	0.180633
4.388988	0.134828
4.189658	0.129142
3.994751	0.152834
3.792262	0.160100
3.582508	0.138303
3.398657	0.149359
3.182269	0.107661
2.989573	0.139251
2.797508	0.124088
2.590913	0.131037
2.386213	0.124403
2.197623	0.110820
1.981235	0.086180
1.794225	0.112399
1.576258	0.094393
1.395882	0.097236
1.192761	0.041007
0.984586	-0.028486
0.781781	-0.097658
0.598878	-0.203470
0.376488	-0.333286
0.198955	-0.384770
-0.015852	-0.509217
-0.206628	-0.636190
-0.409091	-0.787800
-0.615976	-0.925197
-0.815596	-0.961836
-1.000686	-1.011110
-1.220521	-1.145032
-1.401190	-1.245158
-1.617866	-1.364551
-1.810853	-1.355391
-2.003840	-1.361076
-2.225886	-1.428354
-2.406555	-1.503527
-2.602069	-1.626710
-2.820640	-1.650399
-3.002573	-1.604285
-3.217985	-1.651347
-3.410973	-1.739786
-3.609329	-1.864233
-3.818425	-1.922666
-4.000989	-1.851915
-4.206610	-1.873708
-4.423918	-1.950145
-4.598270	-2.076803
-4.812419	-2.181983
-5.009512	-2.133657
-5.208501	-2.099545
-5.416965	-2.154187
-5.600161	-2.268527
-5.811152	-2.437825
-6.015193	-2.399922
-6.206601	-2.326644
-6.417592	-2.348438
-6.612474	-2.453933
-6.810515	-2.626706
-7.016768	-2.668399
-7.200912	-2.570168
-7.412218	-2.570168
-7.613733	-2.648500
-7.810511	-2.834538
-8.015817	-2.933085
-8.216384	-2.842750
-8.412530	-2.777684
-8.620362	-2.830432
-8.799767	-2.985201
-9.024340	-3.156078
-9.217643	-3.112174
-9.408735	-2.991202
-9.607723	-3.023103
-9.806711	-3.146286
-9.989907	-3.336431
-9.817451	-3.274839
-9.612461	-3.074272
-9.417579	-2.982358
-9.215748	-2.992149
-9.013917	-3.087853
-8.810822	-3.089749
-8.614045	-2.914765
-8.406844	-2.796320
-8.222385	-2.760312
-8.012341	-2.807059
-7.814617	-2.852226
-7.608995	-2.734412
-7.415692	-2.583118
-7.210387	-2.552480
-7.018979	-2.569220
-6.806725	-2.639024
-6.621003	-2.526896
-6.409696	-2.392973
-6.206601	-2.331697
-6.013299	-2.336120
-5.813678	-2.371495
-5.606478	-2.352544
-5.419176	-2.205356
-5.205974	-2.111231
-5.015198	-2.084068
-4.808629	-2.115653
-4.616905	-2.125129
-4.413811	-2.006367
-4.205347	-1.862969
-4.008569	-1.868023
-3.812740	-1.846861
-3.602065	-1.858232
-3.422343	-1.773898
-3.211984	-1.644398
-3.013312	-1.610286
-2.815587	-1.603653
-2.605859	-1.578700
-2.397395	-1.559117
-2.220517	-1.433091
-2.006683	-1.362024
-1.816855	-1.340230
-1.612497	-1.320647
-1.410666	-1.291904
-1.220205	-1.142189
-0.997844	-1.002898
-0.810542	-0.976997
-0.614080	-0.868343
-0.404985	-0.790643
-0.214209	-0.652615
-0.003849	-0.475736
0.191057	-0.393614
0.382806	-0.292541
0.598246	-0.192099
0.785256	-0.118189
0.988061	-0.007956
1.194656	0.036585
1.386405	0.076072
1.591421	0.112399
1.786960	0.092498
1.981867	0.137987
2.203941	0.099132
2.385265	0.088076
2.595967	0.142725
2.804774	0.139882
2.985466	0.142725
3.189850	0.134512
3.391391	0.106397
3.590089	0.167681
3.794789	0.157572
3.982747	0.148411
4.189026	0.145568
4.401624	0.125667
4.585159	0.139566
4.793018	0.184424
4.992032	0.138935
5.192309	0.165154
5.391007	0.126615
5.582756	0.149043
5.792826	0.183792
5.991840	0.182212
6.188959	0.163890
6.398081	0.160416
6.592673	0.137671
6.789475	0.198323
6.992280	0.189478
7.187187	0.177474
7.390940	0.155993
7.597535	0.161995
7.792758	0.157888
7.989877	0.208432
8.184784	0.164206
8.388536	0.180001
8.592921	0.142725
8.790356	0.161047
8.989369	0.191373
9.192806	0.210959
9.393399	0.155361
9.589254	0.175894
9.790164	0.159784
9.992969	0.201798
9.786057	0.197059
9.589570	0.179053
9.385186	0.163890
9.189331	0.166102
8.988737	0.149991
8.794462	0.207168
8.586603	0.183160
8.390432	0.169261
8.190471	0.143673
7.993036	0.142409
7.792442	0.186951
7.595956	0.205273
7.389360	0.147148
7.192873	0.164838
6.985646	0.139566
6.794214	0.172420
6.597727	0.193269
6.386393	0.154729
6.188011	0.164838
6.002264	0.149675
5.789351	0.134512
5.589074	0.198955
5.387533	0.161679
5.187571	0.149043
4.991084	0.149675
4.783541	0.133880
4.593688	0.165470
4.393726	0.162311
4.182077	0.125983
3.995383	0.151255
3.787208	0.122508
3.585983	0.147780
3.395814	0.168629
3.180689	0.128826
2.989573	0.137671
2.796561	0.110820
2.582700	0.115558
2.395374	0.148727
2.188147	0.115558
1.984394	0.094078
1.792962	0.101975
1.577521	0.071017
1.396829	0.107977
1.189286	0.037848
0.981111	-0.027223
0.790942	-0.085340
0.590033	-0.192099
0.383437	-0.321915
0.195164	-0.422673
-0.018695	-0.538907
-0.202206	-0.586917
-0.416356	-0.763796
-0.619766	-0.889506
-0.804541	-1.026587
-1.007635	-1.079650
-1.216731	-1.107761
-1.402453	-1.184830
-1.621657	-1.323806
-1.803905	-1.391083
-2.017738	-1.445726
-2.215779	-1.410350
-2.406871	-1.461202
-2.609018	-1.561328
-2.810849	-1.682616
-3.004468	-1.689565
-3.223355	-1.688618
-3.408130	-1.677247
-3.607118	-1.804852
-3.813056	-1.912874
-4.012044	-1.968149
-4.208505	-1.937511
-4.419496	-1.929299
-4.602376	-1.989311
-4.815894	-2.136184
-5.005091	-2.211673
-5.214502	-2.204408
-5.411595	-2.135868
-5.611847	-2.199039
-5.811152	-2.324749
-6.017405	-2.470989
-6.204706	-2.434666
-6.418540	-2.386972
-6.603314	-2.385393
-6.817464	-2.517420
-7.018348	-2.653869
-7.215756	-2.697773
-7.404006	-2.627653
-7.622262	-2.606175
-7.805773	-2.681664
-8.017712	-2.856648
-8.211962	-2.951088
-8.415056	-2.898025
-8.614676	-2.817798
-8.808611	-2.859806
-9.010126	-3.044266
-9.216063	-3.205983
-9.411893	-3.140601
-9.618463	-3.044581
-9.802606	-3.037632
-10.002857	-3.192717
-9.816187	-3.284947
-9.603933	-3.207246
-9.406524	-3.052478
-9.225855	-2.926768
-9.007283	-2.921714
-8.807664	-3.029420
-8.611834	-3.044581
-8.410634	-2.891392
-8.221437	-2.728095
-8.007604	-2.693667
-7.813037	-2.793477
-7.615944	-2.840855
-7.405585	-2.711355
-7.214809	-2.550269
-7.018663	-2.474148
-6.807357	-2.519315
-6.621950	-2.605543
-6.405274	-2.515841
-6.216709	-2.372759
-6.013614	-2.249575
-5.806414	-2.268527
-5.614374	-2.332645
-5.415701	-2.308008
-5.205342	-2.181983
-5.019304	-2.058483
-4.798522	-2.013316
-4.619432	-2.081225
-4.416969	-2.068907
-4.209769	-1.976361
-4.011728	-1.842755
-3.813687	-1.781795
-3.598274	-1.791270
-3.424554	-1.827278
-3.202193	-1.743892
-3.021524	-1.629869
-2.809901	-1.537639
-2.605859	-1.532586
-2.411293	-1.546483
-2.220517	-1.486471
-2.004156	-1.394557
-1.820645	-1.313383
-1.605232	-1.256845
-1.415403	-1.254634
-1.208203	-1.191463
-1.007951	-1.066384
-0.815912	-0.928040
-0.616291	-0.835179
-0.404669	-0.749582
-0.220842	-0.681673
0.005627	-0.545224
0.187267	-0.402142
0.389439	-0.279275
0.590981	-0.193362
0.789047	-0.109029
0.982691	-0.008271
1.199395	0.044798
1.379139	0.064067
1.594264	0.096921
1.786012	0.106713
1.988185	0.117454
2.196676	0.124403
2.393794	0.098500
2.587754	0.123772
2.803195	0.132617
2.982307	0.142725
3.193641	0.147780
3.384442	0.128194
3.588826	0.130721
3.794158	0.149675
3.990328	0.159784
4.182393	0.166733
4.397833	0.144937
4.580105	0.128194
4.793334	0.147148
4.992348	0.160416
5.191362	0.159468
5.389744	0.160731
5.592549	0.115558
5.787140	0.160416
5.997211	0.167997
6.188959	0.187582
6.394290	0.172420
6.594884	0.143357
6.784105	0.161363
6.998598	0.190741
7.180238	0.184739
7.392519	0.193585
7.600379	0.146516
7.788020	0.145884
7.994299	0.168629
8.189523	0.180633
8.382218	0.197059
8.604293	0.159152
8.779299	0.137671
8.998530	0.187267
9.193438	0.196428
9.387397	0.192953
9.588622	0.187582
9.795534	0.159784
9.982544	0.175578
9.800588	0.180633
9.579778	0.191373
9.390241	0.196743
9.187752	0.160731
8.993160	0.142094
8.790987	0.186951
8.591658	0.181265
8.384430	0.191373
8.201527	0.142409
7.977873	0.137039
7.800972	0.164838
7.595956	0.176526
7.388412	0.178106
7.190346	0.176210
6.992280	0.135460
6.785685	0.166418
6.594568	0.160416
6.388920	0.183160
6.198436	0.181265
5.988997	0.142725
5.786192	0.135776
5.586546	0.166418
5.392587	0.155677
5.185676	0.179053
4.997086	0.143041
4.784489	0.142094
4.591161	0.147780
4.394674	0.158836
4.183024	0.152834
3.991276	0.151570
3.790683	0.120613
3.588194	0.150307
3.392023	0.134828
3.183532	0.157888
2.990204	0.137039
2.796561	0.110188
2.584911	0.111768
2.389688	0.131669
2.197623	0.101659
1.984710	0.128194
1.790750	0.089339
1.581944	0.078599
1.391459	0.076072
1.192761	0.047009
0.985218	-0.027854
0.789047	-0.077444
0.595719	-0.193678
0.385333	-0.282749
0.191689	-0.420462
-0.010798	-0.552173
-0.211050	-0.642192
-0.408775	-0.721787
-0.620082	-0.847181
-0.808331	-0.978893
-1.008899	-1.136188
-1.212309	-1.177881
-1.407507	-1.201570
-1.611865	-1.270426
-1.810538	-1.341809
-2.011105	-1.460887
-2.221148	-1.508265
-2.406555	-1.461518
-2.610913	-1.516793
-2.813376	-1.584070
-3.012680	-1.681669
-3.217038	-1.766318
-3.414131	-1.718308
-3.606487	-1.739786
-3.821899	-1.811801
-4.006674	-1.915717
-4.207874	-2.037321
-4.416337	-2.000050
-4.613115	-1.969728
-4.807997	-2.055325
-5.010776	-2.125129
-5.204710	-2.275791
-5.418860	-2.262525
-5.605214	-2.205672
-5.813678	-2.255893
-6.018668	-2.350965
-6.207865	-2.445405
-6.408748	-2.535108
-6.615949	-2.418874
-6.814305	-2.454565
-7.018032	-2.537003
-7.209755	-2.697457
-7.408428	-2.780211
-7.617208	-2.706617
-7.813354	-2.637761
-8.011395	-2.773578
-8.205960	-2.872441
-8.416320	-3.034790
-8.611834	-2.938454
-8.805452	-2.856648
-9.014548	-2.926136
-9.222696	-3.078378
-9.408103	-3.205667
-9.619094	-3.231251
-9.806080	-3.066375
-10.011069	-3.111227
-9.808607	-3.139653
-9.615935	-3.233146
-9.417579	-3.209773
-9.218274	-3.016470
-9.002862	-2.871177
-8.821245	-2.926452
-8.608044	-2.952668
-8.418530	-3.014575
-8.215120	-2.836117
-8.008867	-2.684823
-7.809879	-2.680401
-7.613733	-2.728411
-7.408428	-2.759996
-7.221758	-2.681033
-7.011714	-2.475727
-6.817464	-2.444458
-6.605842	-2.471621
-6.405590	-2.539530
-6.205338	-2.502575
-6.017088	-2.309904
-5.807045	-2.202829
-5.622271	-2.246733
-5.405594	-2.267263
-5.213239	-2.283688
-5.013303	-2.135236
-4.806734	-1.998471
-4.616905	-1.992470
-4.416337	-2.008894
-4.202188	-2.037321
-4.015203	-1.954567
-3.808949	-1.764423
-3.609013	-1.735364
-3.412868	-1.754315
-3.211037	-1.750525
-3.015207	-1.719887
-2.814008	-1.568593
-2.603648	-1.488366
-2.414767	-1.489945
-2.212936	-1.492156
-2.013948	-1.461834
-1.815591	-1.360761
-1.604916	-1.219890
-1.413193	-1.211993
-1.208203	-1.159877
-1.003213	-1.122290
-0.819386	-0.991527
-0.616291	-0.815596
-0.402774	-0.705047
-0.215156	-0.627978
-0.002270	-0.527536
0.185055	-0.433096
0.388492	-0.271062
0.594140	-0.181044
0.788415	-0.100817
0.985534	-0.013325
1.196552	0.075124
1.379139	0.074492
1.592684	0.108609
1.782537	0.077651
1.994187	0.117454
2.193833	0.128510
2.390319	0.128826
2.581752	0.114927
2.806353	0.137987
2.979780	0.117138
3.198063	0.169576
3.382230	0.136092
3.598303	0.147464
3.792578	0.131985
3.991592	0.133880
4.182077	0.164838
4.396254	0.176526
4.582000	0.128510
4.801231	0.157888
4.990452	0.120613
5.198311	0.169892
5.390376	0.167997
5.592233	0.139882
5.787140	0.149991
6.000369	0.166733
6.178218	0.154729
6.402504	0.208747
6.586355	0.167365
6.794214	0.163259
6.990385	0.157888
7.186872	0.162627
7.388412	0.198955
7.601010	0.192321
7.779175	0.163890
7.999354	0.169261
8.181941	0.151570
8.390748	0.197691
8.595132	0.191689
8.786249	0.164838
8.994424	0.179369
9.193122	0.181265
9.380132	0.176210
9.600310	0.208116
9.784477	0.176526
9.996759	0.173367
9.801851	0.155993
9.579461	0.186319
9.390556	0.219488
9.196913	0.180949
8.979893	0.164838
8.795409	0.164838
8.589762	0.158836
8.388221	0.188846
8.192366	0.184739
7.987350	0.154414
7.789284	0.167049
7.594376	0.146516
7.384622	0.177474
7.193821	0.190741
6.987857	0.162943
6.785053	0.152834
6.602149	0.147148
6.389236	0.155361
6.195909	0.202114
5.989629	0.167997
5.789035	0.141462
5.591917	0.134196
5.389428	0.154098
5.187255	0.165786
4.998981	0.166733
4.781962	0.123772
4.598742	0.135776
4.387409	0.131353
4.187131	0.152202
3.990012	0.159152
3.797001	0.141462
3.585351	0.130405
3.392971	0.131669
3.179425	0.135460
2.993679	0.164206
2.791822	0.134512
2.587754	0.119665
2.384949	0.111452
2.195412	0.113347
1.970811	0.111452
1.796121	0.118086
1.578785	0.083653
1.404095	0.063752
1.186443	0.035953
0.986165	-0.019642
0.785888	-0.091973
0.600142	-0.197152
0.380279	-0.284960
0.205273	-0.386665
-0.018379	-0.531327
-0.205365	-0.671250
-0.411618	-0.764427
-0.620398	-0.831704
-0.815596	-0.914774
-1.002266	-1.076807
-1.219890	-1.220205
-1.396452	-1.256845
-1.615655	-1.267584
-1.806747	-1.294431
-2.015527	-1.392346
-2.221148	-1.520583
-2.404344	-1.550273
-2.607754	-1.547115
-2.822536	-1.538587
-3.006363	-1.623868
-3.222092	-1.742313
-3.411604	-1.810853
-3.608382	-1.816539
-3.822847	-1.790639
-4.006990	-1.823803
-4.209453	-1.974782
-4.422023	-2.076171
-4.605850	-2.080277
-4.810524	-2.042691
-5.008249	-2.057852
-5.211028	-2.180087
-5.420124	-2.293795
-5.601424	-2.316537
-5.816521	-2.305166
-6.014246	-2.272317
-6.203443	-2.363915
-6.415381	-2.513314
-6.611527	-2.566693
-6.812410	-2.536687
-7.019295	-2.484571
-7.206597	-2.552164
-7.410007	-2.693667
-7.621630	-2.807059
-7.808616	-2.782106
-8.017079	-2.716724
-8.213541	-2.759996
-8.415056	-2.889497
-8.613729	-3.017418
-8.792818	-3.021208
-9.020234	-2.951720
-9.217643	-2.951404
-9.409998	-3.063217
-9.614672	-3.226829
-9.816187	-3.267890
-10.003805	-3.187979
-9.814292	-3.046792
-9.608039	-3.093539
-9.416631	-3.165554
-9.212589	-3.163027
-9.012653	-3.014575
-8.812085	-2.871493
-8.612149	-2.850015
-8.409687	-2.919819
-8.221122	-2.942876
-8.014553	-2.831379
-7.816512	-2.676927
-7.607732	-2.642498
-7.410639	-2.663977
-7.215125	-2.730306
-7.022769	-2.645025
-6.814305	-2.489625
-6.613106	-2.397079
-6.407485	-2.428665
-6.211971	-2.482676
-6.010771	-2.434666
-5.815258	-2.270422
-5.614690	-2.195564
-5.416333	-2.171559
-5.210080	-2.216727
-5.016146	-2.221148
-4.807050	-2.101440
-4.618484	-1.968149
-4.408125	-1.949829
-4.208189	-1.943196
-4.010149	-1.998155
-3.813056	-1.877499
-3.607118	-1.754631
-3.417606	-1.682932
-3.207878	-1.705358
-3.015207	-1.714834
-2.815903	-1.646293
-2.605859	-1.513318
-2.413820	-1.459307
-2.217042	-1.419194
-2.011105	-1.460255
-1.818118	-1.409086
-1.606495	-1.291589
-1.410350	-1.186093
-1.216731	-1.118816
-1.000686	-1.075860
-0.816227	-1.053750
-0.611554	-0.871502
-0.406880	-0.729999
-0.214524	-0.603657
-0.004797	-0.519956
0.191057	-0.444467
0.384701	-0.298226
0.600142	-0.186098
0.781781	-0.116294
0.995010	-0.003849
1.194656	0.034689
1.384509	0.084601
1.589841	0.110188
1.782853	0.085232
1.992292	0.107977
2.192253	0.111136
2.377684	0.119981
2.594388	0.149991
2.797508	0.106713
2.980727	0.121876
3.193957	0.141462
3.386653	0.135776
3.594512	0.172420
3.800475	0.126615
3.985274	0.124403
4.187447	0.150939
4.389936	0.152834
4.586739	0.213486
4.790807	0.170208
4.984135	0.120613
5.192626	0.159468
5.391324	0.143357
5.578965	0.171788
5.794405	0.176526
5.991524	0.149675
6.184220	0.147148
6.396502	0.180001
6.587618	0.175578
6.797688	0.193900
6.986278	0.157888
7.186240	0.167365
7.393151	0.165470
7.593429	0.188214
7.796865	0.168945
7.988297	0.181265
8.182573	0.136092
8.394539	0.173999
8.592289	0.161047
8.787512	0.193269
8.993792	0.181896
9.194069	0.167049
9.382975	0.149043
9.593361	0.196743
9.787004	0.186319
9.988862	0.205589
9.787320	0.171788
9.588622	0.161047
9.386765	0.183792
9.193753	0.205273
8.990949	0.174315
8.792566	0.190741
8.588498	0.136407
8.391696	0.171472
8.189838	0.178422
7.985455	0.181265
7.794338	0.183160
7.600379	0.157888
7.383042	0.139251
7.193505	0.192953
6.991964	0.165786
6.787896	0.188530
6.593936	0.154729
6.385129	0.144621
6.192433	0.181896
5.994683	0.180317
5.780506	0.155045
5.593181	0.166733
5.384690	0.123140
5.190730	0.158836
4.995823	0.164206
4.781646	0.155993
4.589266	0.167681
4.394358	0.121245
4.175127	0.127247
3.997594	0.172420
3.789735	0.144937
3.585351	0.152202
3.403711	0.119349
3.181637	0.118401
2.997154	0.149043
2.792770	0.128194
2.581120	0.134512
2.399480	0.116822
2.181829	0.093130
1.983131	0.120613
1.795173	0.113663
1.576573	0.089023
1.399040	0.088391
1.194656	0.006890
0.992167	-0.021221
0.791258	-0.100501
0.587506	-0.218315
0.382806	-0.297278
0.200850	-0.388560
-0.020906	-0.520272
-0.196521	-0.651983
-0.415724	-0.824440
-0.616923	-0.876240
-0.808331	-0.920459
-1.007319	-1.031324
-1.214836	-1.165563
-1.399611	-1.276428
-1.620393	-1.326017
-1.801378	-1.304223
-2.020581	-1.371816
-2.215463	-1.436566
-2.405607	-1.555327
-2.608386	-1.616603
-2.817166	-1.585017
-3.004152	-1.571120
-3.221144	-1.679774
-3.406867	-1.788744
-3.614067	-1.891712
-3.807370	-1.850335
-4.010780	-1.818118
-4.207874	-1.882236
-4.417285	-2.019001
-4.607746	-2.126392
-4.817473	-2.139658
-5.002880	-2.060694
-5.217345	-2.110599
-5.412543	-2.189563
-5.614374	-2.354755
-5.814626	-2.404976
-6.020247	-2.324117
-6.203443	-2.289373
-6.413170	-2.399922
-6.607421	-2.533844
-6.814305	-2.645657
-7.018979	-2.574274
-7.214177	-2.511103
-7.406217	-2.579012
-7.618787	-2.719251
-7.806405	-2.879074
-8.020870	-2.852226
-8.211646	-2.740413
-8.413161	-2.780527
-8.618466	-2.904026
-8.801031	-3.070166
-9.010758	-3.106173
-9.220486	-2.991834
-9.406208	-2.967513
-9.618463	-3.085011
-9.807028	-3.229672
-10.003173	-3.321902
-9.815556	-3.167133
-9.603617	-3.006995
-9.422317	-3.017734
-9.219538	-3.054057
-9.001914	-3.129546
-8.815876	-3.012048
-8.611518	-2.830116
-8.413161	-2.802005
-8.221753	-2.824115
-7.999392	-2.902131
-7.816512	-2.844330
-7.612786	-2.650711
-7.409691	-2.572063
-7.218284	-2.587224
-7.015189	-2.645657
-6.811779	-2.624811
-6.621634	-2.461198
-6.399904	-2.354755
-6.219235	-2.378128
-6.009508	-2.368968
-5.808309	-2.387604
-5.617848	-2.293479
-5.410332	-2.154187
-5.206606	-2.140921
-5.015830	-2.127024
-4.803891	-2.154819
-4.622907	-2.092280
-4.409389	-1.934353
-4.208505	-1.891396
-4.017413	-1.907189
-3.814950	-1.895187
-3.605539	-1.857284
-3.420132	-1.699988
-3.206615	-1.657664
-3.022156	-1.645346
-2.808006	-1.635554
-2.600174	-1.612181
-2.411293	-1.510476
-2.216727	-1.405612
-2.000998	-1.405296
-1.819697	-1.367710
-1.604600	-1.356023
-1.413193	-1.243894
-1.207255	-1.108393
-1.003845	-1.040484
-0.816543	-0.998791
-0.617871	-0.916037
-0.410986	-0.784010
-0.215472	-0.610922
-0.003849	-0.503531
0.184739	-0.397088
0.387860	-0.300753
0.591612	-0.197468
0.785256	-0.104923
0.985850	-0.005113
1.194972	0.023949
1.391775	0.080178
1.593316	0.095657
1.783801	0.105766
1.990080	0.099764
2.196044	0.115874
2.386529	0.099448
2.593124	0.156309
2.798456	0.133249
2.983571	0.129458
3.192061	0.120613
3.394550	0.136092
3.587562	0.153466
3.793210	0.169892
3.988117	0.128194
4.187763	0.140514
4.393095	0.135460
4.591161	0.155677
4.788596	0.183160
4.990452	0.147780
5.190098	0.149675
5.394798	0.142409
5.582124	0.155045
5.794090	0.205273
5.997526	0.162311
6.187063	0.148411
6.399345	0.153782
6.594568	0.159152
6.782842	0.205273
6.993544	0.189794
7.181817	0.146200
7.398521	0.163890
7.591533	0.160416
7.787704	0.182528
7.990825	0.202745
8.184153	0.150939
8.388853	0.165470
8.595448	0.143041
8.786249	0.176842
8.998846	0.209695
9.189015	0.191057
9.383923	0.151570
9.589254	0.171472
9.794271	0.157572
9.994864	0.221067
9.787637	0.181896
9.581041	0.173051
9.394031	0.169576
9.188699	0.155045
8.984631	0.186319
8.797305	0.204009
8.589130	0.147148
8.386642	0.166733
8.188891	0.135460
7.981980	0.185687
7.797813	0.199587
7.591533	0.167997
7.380515	0.143673
7.194137	0.173683
6.986910	0.147464
6.787896	0.206220
6.592041	0.160731
6.391448	0.166733
6.193697	0.148727
5.992788	0.156625
5.784297	0.169892
5.595392	0.193269
5.386585	0.125667
5.194837	0.161679
4.995823	0.121560
4.791122	0.161679
4.591793	0.166733
4.391515	0.144621
4.181761	0.122192
3.999173	0.148096
3.787840	0.123772
3.591669	0.170524
3.385389	0.134196
3.188586	0.134512
2.988309	0.126299
2.792770	0.122824
2.584595	0.131353
2.396322	0.145253
2.182460	0.094393
1.988817	0.113031
1.786644	0.085548
1.581628	0.096289
1.396829	0.085232
1.191497	0.036585
0.988377	-0.024064
0.792838	-0.075548
0.579924	-0.196521
0.388176	-0.301384
0.192637	-0.408143
-0.011114	-0.502900
-0.205996	-0.604605
-0.410354	-0.770113
-0.621661	-0.918248
-0.808331	-0.977945
-1.010794	-1.037957
-1.212625	-1.109656
-1.411929	-1.224943
-1.615971	-1.352864
-1.806116	-1.374658
-2.011737	-1.392662
-2.221780	-1.404349
-2.401186	-1.483628
-2.609650	-1.612181
-2.812428	-1.661454
-3.009521	-1.642503
-3.222092	-1.645977
-3.407498	-1.702831
-3.611856	-1.848756
-3.814950	-1.915717
-4.007622	-1.909084
-4.213559	-1.879394
-4.422023	-1.935616
-4.608693	-2.039216
-4.814946	-2.173455
-5.005091	-2.151976
-5.210080	-2.145343
-5.412859	-2.132077
-5.610268	-2.249891
-5.819364	-2.400238
-6.019615	-2.436561
-6.201548	-2.361704
-6.419803	-2.363599
-6.603314	-2.407187
-6.820622	-2.600806
-7.015505	-2.670925
-7.211019	-2.621020
-7.413482	-2.575853
-7.618787	-2.628601
-7.804193	-2.772630
-8.016448	-2.946982
-8.207224	-2.884127
-8.423268	-2.808006
-8.607728	-2.799162
-8.803873	-2.957406
-9.014233	-3.155130
-9.217327	-3.173450
-9.404629	-3.027209
-9.626042	-3.026893
-9.802606	-3.093539
-10.009490	-3.306109
-9.806080	-3.295370
-9.618778	-3.130494
-9.415684	-2.957090
-9.217011	-2.938770
-8.999703	-3.022471
-8.821245	-3.113754
-8.600463	-2.971619
-8.427059	-2.804848
-8.209435	-2.735676
-8.005709	-2.779263
-7.811774	-2.889497
-7.611522	-2.800110
-7.403059	-2.606491
-7.223337	-2.523737
-7.008556	-2.523421
-6.820939	-2.605228
-6.612159	-2.585013
-6.408432	-2.444458
-6.220183	-2.312746
-6.011087	-2.273580
-5.812099	-2.337383
-5.619743	-2.374654
-5.406857	-2.251155
-5.212291	-2.115653
-5.010144	-2.063853
-4.804523	-2.076487
-4.618484	-2.129867
-4.416337	-2.036058
-4.210716	-1.901504
-4.015834	-1.825699
-3.814003	-1.813380
-3.609329	-1.840228
-3.416342	-1.804536
-3.207246	-1.690197
-3.018997	-1.605232
-2.808638	-1.554695
-2.609334	-1.599547
-2.413188	-1.564803
-2.213252	-1.466888
-2.007947	-1.371500
-1.815907	-1.304539
-1.603969	-1.290957
-1.416351	-1.304223
-1.210098	-1.163667
-1.006372	-1.040484
-0.817175	-0.932462
-0.616291	-0.860763
-0.408143	-0.797908
-0.216735	-0.675988
0.001836	-0.513007
0.181580	-0.400247
0.390703	-0.283065
0.591928	-0.207892
0.783045	-0.103344
0.988377	-0.017747
1.193393	0.041007
1.381034	0.067542
1.596791	0.100080
1.774640	0.103238
1.991028	0.142409
2.192253	0.101027
2.391583	0.092182
2.593440	0.127247
2.799088	0.159784
2.976937	0.151570
3.198695	0.134828
3.385389	0.126931
3.590089	0.148411
3.791946	0.154098
3.987485	0.156309
4.185236	0.157257
4.394674	0.134828
4.578841	0.133880
4.806285	0.163574
4.980344	0.170524
5.197048	0.165470
5.389744	0.133880
5.585283	0.135144
5.791563	0.175894
6.001317	0.172420
6.177270	0.180001
6.401556	0.163574
6.585407	0.153466
6.792003	0.174947
6.989437	0.185371
7.185292	0.179053
7.392835	0.181896
7.596588	0.140830
7.785177	0.174947
7.996195	0.175578
8.183520	0.185055
8.392012	0.176842
8.595132	0.140198
8.783405	0.158204
8.998215	0.201482
9.192174	0.190741
9.379816	0.192321
9.593361	0.165154
9.786689	0.175578
9.991388	0.189478
9.790480	0.192637
9.582621	0.193900
9.396242	0.186951
9.189962	0.136407
8.989685	0.171788
8.792566	0.187267
8.588814	0.185687
8.391696	0.176842
8.188575	0.136092
7.986086	0.147780
7.805710	0.186319
7.588058	0.177474
7.387465	0.169261
7.193821	0.159784
6.991333	0.145568
6.783157	0.173999
6.596148	0.178422
6.387657	0.188846
6.206017	0.147464
5.995631	0.126299
5.790931	0.145253
5.592865	0.174947
5.383426	0.168313
5.188519	0.158520
4.992980	0.121876
4.783857	0.143041
4.599374	0.152834
4.382670	0.156941
4.187447	0.149043
3.986538	0.140514
3.791630	0.122824
3.588510	0.155993
3.390128	0.140514
3.184480	0.160100
2.991784	0.129142
2.793086	0.105450
2.587122	0.109240
2.388424	0.141462
2.199835	0.104502
1.981867	0.115874
1.788855	0.075440
1.583523	0.090603
1.391775	0.078915
1.182968	0.047641
0.984270	-0.019642
0.793154	-0.073653
0.589717	-0.196521
0.382490	-0.284644
0.194848	-0.443519
-0.009535	-0.532590
-0.201890	-0.612817
-0.411302	-0.730631
-0.619134	-0.864553
-0.803909	-1.013952
-1.009530	-1.123238
-1.211046	-1.114394
-1.407507	-1.197148
-1.615024	-1.270426
-1.807379	-1.385081
-2.015843	-1.459939
-2.213884	-1.450779
-2.403081	-1.444778
-2.612176	-1.555959
-2.811796	-1.612497
-3.009521	-1.727784
-3.222407	-1.704095
-3.407814	-1.691145
-3.612488	-1.769476
-3.819057	-1.849704
-4.003200	-1.961516
-4.220192	-2.005104
-4.410020	-1.931194
-4.615010	-1.999419
-4.813367	-2.078066
-5.006354	-2.195880
-5.212923	-2.254945
-5.415070	-2.179456
-5.604267	-2.190826
-5.825049	-2.311483
-6.006981	-2.406239
-6.210707	-2.499416
-6.415065	-2.432139
-6.612159	-2.390762
-6.818411	-2.493731
-7.009188	-2.586908
-7.212282	-2.717988
-7.416956	-2.695246
-7.608364	-2.603333
-7.810195	-2.676611
-8.015817	-2.806111
-8.211646	-2.948246
-8.420110	-2.963407
-8.611202	-2.827905
-8.814928	-2.847172
-9.023393	-2.992465
-9.214800	-3.145971
-9.413789	-3.203456
-9.617199	-3.095750
-9.804185	-3.029420
-10.011702	-3.164290
-9.810502	-3.226198
-9.614672	-3.274523
-9.413789	-3.107121
-9.213221	-2.920135
-9.006652	-2.919187
-8.815876	-2.998466
-8.604885	-3.041739
-8.422005	-2.961512
-8.211646	-2.724305
-8.013289	-2.700932
-7.813354	-2.748626
-7.613101	-2.826010
-7.404638	-2.743888
-7.223653	-2.585645
-7.008240	-2.451722
-6.818096	-2.488361
-6.607421	-2.525001
-6.415697	-2.539530
-6.214814	-2.392973
-6.011087	-2.262525
-5.811467	-2.229361
-5.620059	-2.301060
-5.399277	-2.299796
-5.216713	-2.227466
-5.000985	-2.039848
-4.804207	-2.022792
-4.614063	-2.041427
-4.414443	-2.072381
-4.201241	-2.000366
-4.019624	-1.884763
-3.806422	-1.751473
-3.612172	-1.769161
-3.408762	-1.795692
-3.212932	-1.772635
-3.016470	-1.657980
-2.813376	-1.527532
-2.602701	-1.501632
-2.416978	-1.543325
-2.206619	-1.505106
-2.019633	-1.442883
-1.811485	-1.281165
-1.605548	-1.253686
-1.420457	-1.228102
-1.205360	-1.191463
-1.000055	-1.099865
-0.821913	-0.951413
-0.609343	-0.792854
-0.415092	-0.748635
-0.209155	-0.653246
-0.002270	-0.544277
0.183792	-0.399931
0.391651	-0.258428
0.592876	-0.190835
0.778938	-0.105871
0.991852	0.003416
1.187707	0.050484
1.390195	0.083337
1.588893	0.085864
1.778430	0.097236
2.000189	0.144621
2.190042	0.104502
2.382422	0.118717
2.600706	0.133880
2.792770	0.118086
2.982307	0.147464
3.199327	0.148411
3.381914	0.138619
3.599250	0.141146
3.789103	0.119349
3.987801	0.156941
4.194713	0.171788
4.382986	0.138303
4.585159	0.142409
4.795545	0.142725
4.985082	0.150623
5.208736	0.180633
5.382794	0.152518
5.587810	0.154729
5.789351	0.150623
5.994367	0.155361
6.188643	0.184108
6.398713	0.198323
6.585091	0.159468
6.797373	0.163574
6.986594	0.160100
7.186872	0.190426
7.392203	0.193900
7.593744	0.175263
7.782018	0.148411
8.000934	0.161363
8.184153	0.172735
8.391696	0.205904
8.590394	0.169892
8.794778	0.158836
8.991897	0.166418
9.191226	0.171788
9.380447	0.201482
9.597783	0.190741
9.781319	0.163259
9.996127	0.171788
9.789216	0.172735
9.587991	0.202430
9.387713	0.211275
9.193753	0.160416
8.980208	0.149675
8.799200	0.180001
8.584076	0.174315
8.393591	0.195164
8.188259	0.162627
7.985455	0.145568
7.802235	0.167365
7.588058	0.165154
7.384622	0.191057
7.201087	0.184424
6.984383	0.144937
6.790739	0.161363
6.592357	0.167365
6.390184	0.178106
6.204753	0.188846
5.993420	0.131985
5.786824	0.156625
5.591601	0.159784
5.381215	0.156309
5.196416	0.183160
4.991084	0.149675
4.786700	0.136407
4.600638	0.150939
4.381091	0.135460
4.182393	0.175263
3.999173	0.171788
3.784997	0.125667
3.592932	0.141146
3.392339	0.125351
3.183532	0.158520
3.004104	0.146516
2.786452	0.105766
2.589649	0.122192
2.391899	0.114611
2.185619	0.124719
1.988185	0.123140
1.787276	0.088391
1.584471	0.092498
1.401883	0.065963
1.182020	0.039744
0.994063	-0.000375
0.789047	-0.078391
0.584031	-0.177569
0.387228	-0.263482
0.191689	-0.416987
-0.015852	-0.535433
-0.205996	-0.659564
-0.418882	-0.724630
-0.610606	-0.797276
-0.810858	-0.955835
-0.997844	-1.135241
-1.209466	-1.193989
-1.409402	-1.223680
-1.611549	-1.226838
-1.810853	-1.334861
-2.025319	-1.442567
-2.216411	-1.510792
-2.406555	-1.504790
-2.612808	-1.506370
-2.813692	-1.534481
-3.009521	-1.680721
-3.215775	-1.761264
-3.409709	-1.792534
-3.609329	-1.758422
-3.810529	-1.789691
-4.007938	-1.874656
-4.214191	-2.025319
-4.408441	-2.049008
-4.613431	-2.020897
-4.810524	-2.004788
-5.012671	-2.112494
-5.212291	-2.222728
-5.411595	-2.302323
-5.612163	-2.257156
-5.811783	-2.255893
-6.012035	-2.297269
-6.207865	-2.427086
-6.414433	-2.534476
-6.614054	-2.514893
-6.813990	-2.463409
-7.014557	-2.508576
-7.215125	-2.615651
-7.416324	-2.783685
-7.611522	-2.750205
-7.807984	-2.703774
-8.022449	-2.697141
-8.210067	-2.820640
-8.413793	-2.986780
-8.610254	-3.008574
-8.811138	-2.927715
-9.017076	-2.918871
-9.210378	-2.992149
-9.412210	-3.135231
-9.619410	-3.239464
-9.805132	-3.170923
-10.014544	-3.099540
-9.812081	-3.080904
-9.609618	-3.149761
-9.427054	-3.204720
-9.213221	-3.058163
-9.005388	-2.917608
-8.819350	-2.875915
-8.606780	-2.909711
-8.417899	-3.016470
-8.210067	-2.894866
-8.009500	-2.746099
-7.826619	-2.662397
-7.605205	-2.670925
-7.406533	-2.756838
-7.215441	-2.723357
-7.012031	-2.529423
-6.817464	-2.439720
-6.607105	-2.427717
-6.414750	-2.506681
-6.220183	-2.485519
-6.002875	-2.350649
-5.814310	-2.240100
-5.619743	-2.205987
-5.407489	-2.220833
-5.217977	-2.279897
-4.998774	-2.148502
-4.810840	-2.040164
-4.620064	-1.958989
-4.410020	-1.973834
-4.213875	-2.026898
-4.013623	-1.962464
-3.804212	-1.805484
-3.619121	-1.746419
-3.407814	-1.701252
-3.216090	-1.753052
-3.015839	-1.710727
-2.808322	-1.594809
-2.609650	-1.496894
-2.416347	-1.474468
-2.208199	-1.460571
-2.018054	-1.486471
-1.808327	-1.355707
-1.615339	-1.260319
-1.408771	-1.163036
-1.209782	-1.147559
-1.001950	-1.127976
-0.816859	-1.012689
-0.600183	-0.830125
-0.415408	-0.727788
-0.204733	-0.606500
-0.014589	-0.563228
0.190426	-0.425199
0.386912	-0.291909
0.586242	-0.181044
0.784308	-0.099238
0.994063	0.008470
1.195920	0.022685
1.397461	0.100080
1.583839	0.078283
1.787591	0.099764
1.988817	0.117454
2.190674	0.117454
2.384633	0.129458
2.595651	0.133564
2.788663	0.104186
2.989573	0.146832
3.187007	0.147780
3.391391	0.151255
3.589142	0.162943
3.790683	0.124088
3.985590	0.137039
4.189342	0.162943
4.387724	0.149675
4.591793	0.165470
4.787016	0.128826
4.986030	0.131669
5.197364	0.164206
5.386585	0.156941
5.584020	0.179053
5.794405	0.162311
5.984259	0.135144
6.192433	0.169261
6.395238	0.176526
6.585723	0.180001
6.797057	0.186635
6.987226	0.132617
7.184029	0.164206
7.393467	0.184108
7.592165	0.177474
7.790863	0.183792
7.990825	0.153466
8.185416	0.144305
8.407174	0.182212
8.579337	0.170840
8.790039	0.202745
9.000425	0.166733
9.186488	0.156625
9.383290	0.182528
9.597783	0.203377
9.781319	0.187267
10.002445	0.182844
9.781003	0.146516
9.591782	0.181580
9.392136	0.188214
9.181749	0.186635
8.990317	0.183160
8.795094	0.162311
8.580285	0.149043
8.407806	0.178737
8.178782	0.169261
7.993352	0.193900
7.794654	0.154098
7.592165	0.146832
7.386201	0.175263
7.197928	0.192637
6.979329	0.176210
6.796741	0.165786
6.583827	0.143989
6.405031	0.173683
6.190538	0.172104
5.987418	0.167997
5.785561	0.163890
5.603921	0.146516
5.376792	0.131985
5.200207	0.170208
4.985714	0.163574
4.794598	0.162943
4.587686	0.133564
4.384250	0.134196
4.183972	0.156625
3.998226	0.156941
3.783101	0.137355
3.596723	0.149991
3.385705	0.127247
3.191746	0.126615
2.990836	0.153466
2.791506	0.131985
2.585859	0.124719
2.397901	0.103870
2.180249	0.101975
1.994187	0.122508
1.785064	0.105134
1.586050	0.092182
1.394934	0.070385
1.183916	0.033742
0.991852	-0.009535
0.791890	-0.097974
0.586874	-0.199679
0.391019	-0.276116
0.192637	-0.389824
-0.012378	-0.527220
-0.205365	-0.680410
-0.412565	-0.789696
-0.616291	-0.810226
-0.808647	-0.924565
-1.011741	-1.066068
-1.205992	-1.189883
-1.409402	-1.271690
-1.613128	-1.278007
-1.809906	-1.298853
-2.023108	-1.381607
-2.213884	-1.474784
-2.405923	-1.578700
-2.615651	-1.575858
-2.809270	-1.543325
-3.009206	-1.613444
-3.215775	-1.711991
-3.407182	-1.832963
-3.616278	-1.855073
-3.807686	-1.773583
-4.003831	-1.833595
-4.216402	-1.933721
-4.412548	-2.071433
-4.610904	-2.119759
-4.814946	-2.047428
-5.005091	-2.049639
-5.221767	-2.125445
-5.405278	-2.280529
-5.616269	-2.377181
-5.814942	-2.320327
-6.008876	-2.262525
-6.207233	-2.328223
-6.417908	-2.452986
-6.605842	-2.599542
-6.826940	-2.579959
-7.001923	-2.496890
-7.216388	-2.535740
-7.411902	-2.651026
-7.611522	-2.804848
-7.808616	-2.853805
-8.017395	-2.742940
-8.214805	-2.742624
-8.422637	-2.834854
-8.600147	-2.989307
-8.811454	-3.084695
-9.020234	-3.017418
-9.210378	-2.930558
-9.411262	-3.030052
-9.623200	-3.165554
-9.805764	-3.319059
-10.012649	-3.251466
-9.808923	-3.080589
-9.616567	-3.047108
-9.419474	-3.099540
-9.211957	-3.163658
-9.015180	-3.103962
-8.813981	-2.892024
-8.598568	-2.856016
-8.420110	-2.845593
-8.210698	-2.936243
-8.014237	-2.891708
-7.817144	-2.721778
-7.601099	-2.606807
-7.407796	-2.635234
-7.223337	-2.643446
-7.013294	-2.672505
-6.816516	-2.521842
-6.612159	-2.406239
-6.411275	-2.396448
-6.212918	-2.409398
-6.006033	-2.440983
-5.816837	-2.366757
-5.615953	-2.200302
-5.410016	-2.173139
-5.214502	-2.173770
-5.010776	-2.202197
-4.806102	-2.133341
-4.622591	-2.001945
-4.404019	-1.913506
-4.210084	-1.948250
-4.014571	-1.939090
-3.809897	-1.912243
-3.609645	-1.802641
-3.406867	-1.692408
-3.215775	-1.679458
-3.015839	-1.677879
-2.801057	-1.666508
-2.616598	-1.566698
-2.411609	-1.445726
-2.215779	-1.421405
-2.014264	-1.416351
-1.812117	-1.397084
-1.603021	-1.338019
-1.417299	-1.186409
-1.195885	-1.103655
-1.010478	-1.077123
-0.813385	-1.031640
-0.606500	-0.898034
-0.408143	-0.754320
-0.213261	-0.593866
-0.008903	-0.532906
0.186635	-0.414145
0.396073	-0.312124
0.586242	-0.194626
0.788415	-0.093552
0.988377	-0.013641
1.186443	0.031846
1.393986	0.103554
1.587314	0.084285
1.782537	0.109872
1.990080	0.099132
2.183408	0.105134
2.388108	0.133564
2.598494	0.152834
2.790559	0.102923
2.991152	0.138935
3.186375	0.116506
3.394550	0.153466
3.593880	0.159152
3.787840	0.141778
3.987485	0.132301
4.192817	0.160416
4.384250	0.128194
4.592109	0.188214
4.787964	0.135144
4.991716	0.158836
5.193889	0.145884
5.386585	0.149675
5.590022	0.180001
5.796301	0.182528
5.985206	0.133249
6.195909	0.172104
6.392079	0.138619
6.593305	0.196743
6.790423	0.187898
6.986278	0.163574
7.187503	0.158836
7.402312	0.165470
7.586163	0.155361
7.796233	0.210011
7.991457	0.151255
8.190786	0.163574
8.394539	0.140830
8.591658	0.156625
8.794462	0.209379
8.997898	0.193269
9.173536	0.149991
9.396242	0.171156
9.584516	0.159784
9.793638	0.202745
9.990441	0.207168
9.785425	0.170208
9.589886	0.175263
9.393084	0.151570
9.179538	0.171788
8.995055	0.210327
8.790987	0.164838
8.589762	0.155677
8.397382	0.148727
8.185416	0.148411
7.989245	0.200534
7.795918	0.175578
7.583004	0.150307
7.392519	0.161995
7.192873	0.154414
6.987226	0.177474
6.794530	0.193269
6.586671	0.149675
6.394922	0.165470
6.192750	0.149675
5.988997	0.164522
5.792826	0.180949
5.589074	0.157572
5.383742	0.132933
5.199575	0.154414
4.981291	0.131985
4.795545	0.182844
4.590845	0.144937
4.382039	0.131353
4.187447	0.134512
3.995383	0.151255
3.783733	0.150939
3.595459	0.171156
3.385705	0.115874
3.193641	0.140198
2.986098	0.119981
2.799404	0.125667
2.595651	0.137039
2.394742	0.126931
2.182460	0.086812
1.998609	0.118401
1.777167	0.080810
1.597107	0.108293
1.391775	0.066279
1.186127	0.025528
0.986797	-0.015852
0.799787	-0.091025
0.579924	-0.222421
0.391967	-0.287171
0.183792	-0.410038
-0.004481	-0.484896
-0.208207	-0.656405
-0.417619	-0.796329
-0.613765	-0.887611
-0.805488	-0.946675
-1.017111	-1.036694
-1.195885	-1.118816
-1.417930	-1.276428
-1.603337	-1.326017
