# Configuration automatically generated by WRITE_CONFIG()
connection eth
ip 192.168.0.10
samplehz 1000.000000
settleus 10.000000
nsample 128

# Analog Inputs
aichannel 0
ainegative 199
airange 10.000000
airesolution 0

aichannel 1
ainegative 199
airange 10.000000
airesolution 0

# Analog Outputs
aochannel 0
aosignal triangle
aofrequency 5.000000
aoamplitude 2.000000
aooffset 2.500000
aoduty 0.500000

# Meta Parameters
int:periods 10
flt:tip_T_C 347.973603
flt:plate_T_C 110.301500
flt:plate_Q_kW 0.993767
flt:cool_Thigh_C 48.764954
flt:cool_Tlow_C 19.085842
flt:air_psig 35.000000
flt:water_gph 7.000000
flt:standoff_in 0.233000
flt:oxygen_scfh 12.910156
flt:fuel_scfh 7.112937
flt:flow_scfh 20.023094
flt:ratio_fto 0.550957

## End Configuration ##
#: Wed Jun 14 15:38:02 2017
-7.017400	-3.494674
-9.266916	-4.204715
-9.252703	-4.191449
-9.248913	-4.193660
-9.222696	-4.190817
-9.183846	-4.178815
-9.027814	-4.123225
-8.818402	-4.044893
-8.629206	-3.988671
-8.422005	-3.937818
-8.231229	-3.901495
-8.016448	-3.834218
-7.822829	-3.752095
-7.629210	-3.699980
-7.417272	-3.621964
-7.224916	-3.578060
-7.024349	-3.494358
-6.825360	-3.458667
-6.621318	-3.371807
-6.419487	-3.312426
-6.223026	-3.250834
-6.017088	-3.174713
-5.833261	-3.134916
-5.619743	-3.052478
-5.430231	-2.970356
-5.220503	-2.896130
-5.027516	-2.845909
-4.816841	-2.781159
-4.631119	-2.711987
-4.422339	-2.669346
-4.217665	-2.558481
-4.034153	-2.515525
-3.812108	-2.440667
-3.623543	-2.378760
-3.422028	-2.317168
-3.219565	-2.238836
-3.022471	-2.167769
-2.822536	-2.079962
-2.631128	-2.042059
-2.412556	-1.946355
-2.232203	-1.884763
-2.022476	-1.812749
-1.827910	-1.720835
-1.607443	-1.675984
-1.422984	-1.569541
-1.219258	-1.497842
-1.021533	-1.383502
-0.829177	-1.279902
-0.618502	-1.127344
-0.428358	-0.906562
-0.214524	-0.684832
-0.022169	-0.440676
0.181265	-0.269799
0.379331	-0.079655
0.577081	0.058381
0.778622	0.204957
0.974793	0.263397
1.179493	0.308570
1.372505	0.354375
1.575942	0.413132
1.773376	0.437140
1.975549	0.429558
2.184040	0.457357
2.369786	0.428926
2.577329	0.486419
2.778555	0.531908
2.976305	0.527486
3.174687	0.541701
3.380967	0.504425
3.576190	0.520220
3.773309	0.548019
3.989381	0.609303
4.167546	0.617200
4.374457	0.578029
4.577578	0.586242
4.776907	0.558443
4.980976	0.628888
5.182517	0.635522
5.374581	0.658898
5.570120	0.623518
5.781138	0.591928
5.978257	0.612146
6.175059	0.637733
6.380075	0.695542
6.574983	0.676272
6.785369	0.664268
6.971115	0.620991
7.184344	0.636154
7.372618	0.696805
7.583636	0.713864
7.778859	0.715443
7.978189	0.656055
8.179098	0.659846
8.371478	0.645630
8.585340	0.732818
8.769822	0.721445
8.988421	0.722077
9.170693	0.687645
9.379499	0.650369
9.575987	0.709757
9.773106	0.736608
9.985387	0.765671
9.762681	0.717339
9.584831	0.704703
9.363073	0.693015
9.172588	0.687960
8.985263	0.739767
8.768874	0.730606
8.581864	0.713864
8.369899	0.654476
8.177203	0.672797
7.966501	0.688276
7.780755	0.698069
7.579845	0.738504
7.375461	0.642787
7.176763	0.645315
6.967009	0.637733
6.779367	0.663952
6.574351	0.668691
6.383550	0.669639
6.173164	0.634258
5.979836	0.639313
5.778611	0.632363
5.566961	0.637417
5.378688	0.656371
5.172092	0.620043
4.981607	0.601721
4.780698	0.576134
4.575998	0.591928
4.369402	0.584979
4.172284	0.590981
3.986538	0.590033
3.768570	0.548335
3.585983	0.535067
3.372122	0.526538
3.179741	0.534119
2.969355	0.538858
2.778871	0.492105
2.582384	0.492737
2.370734	0.458936
2.183408	0.475363
1.962913	0.437140
1.782537	0.425767
1.565833	0.394178
1.379455	0.352796
1.180125	0.332894
0.973530	0.245707
0.782729	0.165154
0.578029	0.052695
0.379331	-0.097027
0.170208	-0.287487
-0.018379	-0.482685
-0.228106	-0.705678
-0.422357	-0.932462
-0.621661	-1.102392
-0.830125	-1.283692
-1.016163	-1.401822
-1.223996	-1.493104
-1.420773	-1.588808
-1.624183	-1.660507
-1.817486	-1.748630
-2.028161	-1.814644
-2.226202	-1.892660
-2.411293	-1.950145
-2.631128	-2.045218
-2.818745	-2.134604
-3.027209	-2.179771
-3.223039	-2.258419
-3.430871	-2.311483
-3.621016	-2.378128
-3.821899	-2.446985
-4.028784	-2.559745
-4.214822	-2.601121
-4.428656	-2.654501
-4.630803	-2.729990
-4.812735	-2.786528
-5.024990	-2.860438
-5.220819	-2.932137
-5.421387	-3.004468
-5.621954	-3.050583
-5.832945	-3.124492
-6.017720	-3.193980
-6.219235	-3.250203
-6.424225	-3.330745
-6.621634	-3.372438
-6.826940	-3.447612
-7.012978	-3.495622
-7.230602	-3.581850
-7.418220	-3.644073
-7.625420	-3.713561
-7.821566	-3.771363
-8.020870	-3.810213
-8.226175	-3.905601
-8.427375	-3.943819
-8.626047	-4.052157
-8.818719	-4.076478
-9.030972	-4.145334
-9.184478	-4.176604
-9.214800	-4.201241
-9.219538	-4.217665
-9.233436	-4.226509
-9.241648	-4.224614
-9.243227	-4.207874
-9.245754	-4.197766
-9.210378	-4.199030
-9.175950	-4.196503
-9.029710	-4.166181
-8.818719	-4.059422
-8.624784	-4.000041
-8.423268	-3.929922
-8.229965	-3.868646
-8.020238	-3.809581
-7.829778	-3.756517
-7.622577	-3.684187
-7.418851	-3.590694
-7.228075	-3.564478
-7.015189	-3.504150
-6.826624	-3.448243
-6.621318	-3.384757
-6.416329	-3.325692
-6.219552	-3.216722
-6.026564	-3.180083
-5.822522	-3.132705
-5.618164	-3.046792
-5.429915	-2.995308
-5.219240	-2.909711
-5.027516	-2.860122
-4.811156	-2.777368
-4.630803	-2.721146
-4.420128	-2.663977
-4.223666	-2.598911
-4.025941	-2.533844
-3.808634	-2.425822
-3.621648	-2.394868
-3.420132	-2.276107
-3.235042	-2.251471
-3.018049	-2.169348
-2.826010	-2.080277
-2.624179	-2.031320
-2.410661	-1.954883
-2.230624	-1.890765
-2.012053	-1.810538
-1.832647	-1.742945
-1.617235	-1.662086
-1.429617	-1.589439
-1.220837	-1.513950
-1.018374	-1.372131
-0.830757	-1.268847
-0.622609	-1.115026
-0.422357	-0.931830
-0.224948	-0.708521
-0.027539	-0.488686
0.184739	-0.256849
0.368275	-0.096395
0.578661	0.061856
0.777991	0.209379
0.977320	0.272874
1.176966	0.330367
1.375348	0.341108
1.576258	0.375540
1.767058	0.417238
1.979656	0.460516
2.172036	0.481365
2.367891	0.442510
2.589965	0.480733
2.770973	0.478206
2.983886	0.521800
3.170264	0.558443
3.379387	0.553073
3.576190	0.541069
3.777731	0.515166
3.983063	0.562866
4.160912	0.591612
4.383302	0.619727
4.569364	0.620043
4.777539	0.583399
4.975605	0.593508
5.172724	0.593192
5.382478	0.664268
5.572647	0.648158
5.776084	0.653212
5.974150	0.615620
6.185800	0.588138
6.370283	0.655739
6.583827	0.674061
6.779367	0.702807
6.976801	0.657950
7.180553	0.667743
7.375777	0.632679
7.582057	0.686065
7.771594	0.710705
7.976925	0.718602
8.170885	0.693647
8.382218	0.656687
8.574599	0.677852
8.770138	0.698701
8.985579	0.744822
9.167534	0.739767
9.375393	0.688592
9.574408	0.697437
9.777212	0.677536
9.978121	0.747349
9.781319	0.729027
9.575987	0.752719
9.364337	0.682906
9.181118	0.683222
8.978945	0.713548
8.771086	0.704071
8.581233	0.731870
8.376217	0.689856
8.175940	0.681958
7.974082	0.649421
7.782650	0.676272
7.572896	0.675641
7.375145	0.683538
7.179290	0.677852
6.972694	0.638681
6.782210	0.644051
6.576878	0.639628
6.391448	0.657634
6.172532	0.656055
5.981416	0.644999
5.771345	0.630783
5.570752	0.603301
5.374897	0.634890
5.174619	0.611198
4.984450	0.650369
4.763324	0.583715
4.584527	0.592560
4.371298	0.571395
4.183024	0.544544
3.973586	0.585294
3.775204	0.545492
3.585351	0.554021
3.370226	0.508848
3.180689	0.542965
2.963669	0.498739
2.784873	0.501582
2.576698	0.499687
2.372629	0.473152
2.180881	0.461148
1.974601	0.421977
1.777167	0.423872
1.564569	0.384069
1.390511	0.366379
1.170332	0.315836
0.975741	0.258975
0.779886	0.182844
0.578661	0.029635
0.375856	-0.106186
0.176842	-0.264114
-0.020590	-0.493740
-0.228422	-0.742317
-0.417619	-0.923618
-0.631137	-1.128608
-0.825387	-1.305802
-1.007635	-1.397716
-1.230629	-1.506054
-1.418246	-1.576173
-1.627026	-1.681037
-1.819381	-1.741681
-2.029741	-1.841807
-2.224623	-1.911927
-2.420137	-1.952356
-2.630812	-2.053746
-2.812428	-2.105546
-3.033842	-2.207567
-3.219565	-2.265052
-3.432135	-2.322222
-3.618805	-2.386656
-3.823479	-2.439720
-4.021204	-2.523421
-4.222087	-2.590383
-4.431815	-2.678822
-4.619432	-2.727463
-4.832634	-2.795688
-5.013303	-2.883496
-5.227136	-2.941613
-5.424861	-3.038580
-5.624166	-3.065112
-5.829471	-3.139022
-6.015509	-3.188927
-6.223026	-3.260626
-6.416329	-3.320638
-6.629847	-3.392021
-6.818727	-3.452981
-7.026560	-3.487725
-7.218915	-3.590694
-7.417272	-3.625754
-7.615944	-3.713877
-7.822829	-3.779259
-8.027819	-3.844957
-8.223017	-3.889176
-8.432428	-3.959296
-8.617835	-4.030364
-8.825036	-4.072372
-9.032867	-4.169971
-9.176581	-4.182921
-9.236594	-4.180394
-9.253334	-4.189554
-9.252071	-4.199030
-9.245122	-4.217349
-9.241016	-4.211664
-9.243858	-4.194923
-9.226171	-4.183237
-9.190795	-4.178499
-9.019602	-4.153231
-8.821245	-4.067318
-8.624152	-4.031311
-8.420110	-3.931817
-8.230597	-3.880964
-8.023081	-3.816846
-7.817144	-3.780838
-7.616892	-3.700927
-7.419483	-3.625438
-7.223653	-3.568900
-7.023085	-3.469406
-6.825676	-3.449823
-6.618792	-3.381282
-6.428647	-3.321586
-6.220183	-3.212300
-6.028775	-3.164606
-5.820943	-3.091012
-5.634273	-3.030368
-5.422650	-2.995940
-5.218924	-2.911291
-5.021199	-2.868335
-4.819368	-2.757469
-4.632382	-2.735044
-4.412548	-2.661450
-4.229036	-2.588487
-4.022783	-2.535108
-3.815266	-2.436561
-3.615962	-2.395816
-3.426765	-2.291268
-3.221144	-2.274212
-3.016470	-2.154187
-2.832011	-2.106493
-2.621020	-2.042691
-2.417610	-1.934668
-2.230624	-1.886974
-2.025003	-1.810538
-1.828225	-1.744524
-1.615655	-1.660823
-1.425827	-1.588492
-1.210730	-1.499105
-1.026902	-1.398663
-0.822229	-1.290325
-0.623556	-1.082177
-0.425199	-0.916353
-0.220526	-0.717365
-0.024064	-0.499425
0.186003	-0.264429
0.370170	-0.104291
0.580872	0.059645
0.780202	0.185687
0.973530	0.260238
1.183916	0.362588
1.375032	0.356271
1.576889	0.390703
1.769901	0.382174
1.973654	0.437771
2.178670	0.466202
2.381790	0.481365
2.575750	0.502846
2.768762	0.459252
2.980412	0.492105
3.166790	0.521168
3.386021	0.571079
3.568608	0.570447
3.782154	0.547703
3.979904	0.554337
4.166914	0.538542
4.388672	0.594771
4.568100	0.614357
4.785120	0.624150
4.968024	0.595087
5.185044	0.603932
5.368263	0.607723
5.580229	0.624466
5.777347	0.662689
5.976361	0.652264
6.180114	0.641208
6.377864	0.604880
6.584144	0.649105
6.768311	0.663005
6.991333	0.694910
7.175183	0.697437
7.369143	0.643419
7.586795	0.667427
7.775384	0.674693
7.983875	0.704387
8.170569	0.713864
8.382535	0.711337
8.566070	0.672797
8.790987	0.660793
8.992212	0.702807
9.160584	0.712600
9.385186	0.729975
9.570300	0.721445
9.780055	0.685117
9.974647	0.725552
9.778159	0.707546
9.573460	0.741347
9.381395	0.698701
9.180170	0.713232
8.971995	0.697437
8.776772	0.680379
8.575231	0.699017
8.374638	0.703123
8.174676	0.722709
7.970607	0.661425
7.781070	0.674377
7.572264	0.647210
7.379883	0.670270
7.174236	0.689540
6.981540	0.656371
6.774944	0.651948
6.579089	0.661741
6.379128	0.652580
6.176007	0.629204
5.985522	0.655107
5.771345	0.634890
5.584335	0.615305
5.365736	0.636154
5.183148	0.623518
4.971499	0.614673
4.776591	0.591928
4.582316	0.596035
4.365928	0.560655
4.180182	0.584031
3.979588	0.560339
3.775836	0.542965
3.581560	0.557812
3.378755	0.514218
3.175003	0.540437
2.968092	0.494317
2.788347	0.506321
2.573223	0.490842
2.377684	0.451039
2.178038	0.465570
1.971758	0.429874
1.772744	0.438719
1.569940	0.382174
1.381350	0.391967
1.171912	0.309834
0.985218	0.258343
0.771989	0.178737
0.572659	0.037532
0.381542	-0.105555
0.171156	-0.283697
-0.017747	-0.486159
-0.220526	-0.718944
-0.424252	-0.930567
-0.632400	-1.134609
-0.819386	-1.292220
-1.024376	-1.392662
-1.226207	-1.522794
-1.421089	-1.545851
-1.627342	-1.674720
-1.818118	-1.735680
-2.032268	-1.818434
-2.222096	-1.899293
-2.426454	-1.974782
-2.621020	-2.055641
-2.817482	-2.092280
-3.029104	-2.215463
-3.215143	-2.246733
-3.437504	-2.350965
-3.611540	-2.385393
-3.829480	-2.458671
-4.024046	-2.537635
-4.221456	-2.592909
-4.426761	-2.681664
-4.625117	-2.715777
-4.826949	-2.806427
-5.017093	-2.851594
-5.231874	-2.939086
-5.412859	-2.988675
-5.624166	-3.060690
-5.828523	-3.147234
-6.011403	-3.183241
-6.223341	-3.237884
-6.422962	-3.286526
-6.625741	-3.401497
-6.823149	-3.449507
-7.037299	-3.510151
-7.221126	-3.559108
-7.415061	-3.597959
-7.627947	-3.687345
-7.820934	-3.741988
-8.030977	-3.825690
-8.220806	-3.880648
-8.437166	-3.952663
-8.613097	-3.997514
-8.826931	-4.080900
-9.022129	-4.169655
-9.173107	-4.192397
-9.236910	-4.196503
-9.242279	-4.187975
-9.261863	-4.189554
-9.256177	-4.206295
-9.246386	-4.207242
-9.235962	-4.203452
-9.224276	-4.189870
-9.193638	-4.174393
-9.016128	-4.118803
-8.827878	-4.082163
-8.614045	-4.018045
-8.435587	-3.947609
-8.221753	-3.886334
-8.027819	-3.801053
-7.824409	-3.755254
-7.620050	-3.684187
-7.424852	-3.627333
-7.219863	-3.546474
-7.031929	-3.476039
-6.812726	-3.408130
-6.632373	-3.356330
-6.419803	-3.318743
-6.222710	-3.234726
-6.024037	-3.187979
-5.823154	-3.104909
-5.629219	-3.028473
-5.423282	-2.993413
-5.229032	-2.933400
-5.013618	-2.869282
-4.831686	-2.784317
-4.625749	-2.746099
-4.416654	-2.637129
-4.232194	-2.601121
-4.018045	-2.530370
-3.823795	-2.450143
-3.624806	-2.389183
-3.422659	-2.302323
-3.221144	-2.245469
-3.019629	-2.150081
-2.829169	-2.117232
-2.610281	-2.020897
-2.426454	-1.932457
-2.219885	-1.895818
-2.024687	-1.802957
-1.827910	-1.743892
-1.622288	-1.655137
-1.418246	-1.579332
-1.225259	-1.483312
-1.025639	-1.412561
-0.816543	-1.298221
-0.629557	-1.115342
-0.422673	-0.901192
-0.221157	-0.681673
-0.025012	-0.505111
0.179369	-0.266640
0.373961	-0.092920
0.576134	0.065331
0.767882	0.161363
0.983006	0.256132
1.182336	0.347425
1.375348	0.361009
1.574994	0.428611
1.772744	0.382490
1.978392	0.425767
2.171088	0.434613
2.382106	0.488946
2.574486	0.535383
2.781713	0.494633
2.973778	0.507584
3.171528	0.474415
3.383178	0.551494
3.582192	0.533804
3.783733	0.595087
3.977377	0.587506
4.173863	0.538858
4.377616	0.566657
4.575050	0.585926
4.775012	0.638997
4.974342	0.639628
5.185044	0.617516
5.367315	0.591296
5.579913	0.604564
5.774189	0.660162
5.972255	0.646262
6.183904	0.667743
6.377864	0.642156
6.583196	0.645630
6.780630	0.626361
6.977117	0.682274
7.166338	0.693331
7.382095	0.683538
7.580477	0.681643
7.770330	0.654476
7.981348	0.680063
8.174992	0.684486
8.379060	0.727763
8.574599	0.691751
8.787512	0.682590
8.973890	0.693962
9.167534	0.672482
9.382659	0.723025
9.567142	0.719866
9.792375	0.728395
9.968644	0.705335
9.791743	0.703123
9.573460	0.711337
9.374762	0.709757
9.174800	0.736608
8.974206	0.696174
8.781826	0.720182
8.568597	0.691119
8.380639	0.711653
8.166146	0.692383
7.976294	0.692699
7.782018	0.679431
7.575738	0.667111
7.378620	0.684801
7.176763	0.646262
6.979012	0.676272
6.775892	0.661425
6.588250	0.652580
6.369651	0.652264
6.178534	0.637101
5.981416	0.647842
5.765343	0.654476
5.578965	0.638681
5.366368	0.612146
5.180937	0.626045
4.969287	0.596983
4.786384	0.591296
4.566837	0.603616
4.371614	0.551178
4.184920	0.575818
3.968216	0.572975
3.778995	0.538858
3.576190	0.544544
3.379071	0.541069
3.172160	0.520536
2.975041	0.509164
2.781082	0.522747
2.566273	0.466518
2.384949	0.482944
2.173615	0.457357
1.972706	0.422608
1.774956	0.427979
1.572467	0.397021
1.381350	0.356271
1.178546	0.313625
0.979848	0.257711
0.765355	0.159152
0.580872	0.054275
0.369538	-0.104291
0.182528	-0.293488
-0.019958	-0.492792
-0.222737	-0.724314
-0.423304	-0.923934
-0.626715	-1.154824
-0.824755	-1.263793
-1.026902	-1.409402
-1.215783	-1.513950
-1.427090	-1.580280
-1.619446	-1.682616
-1.824435	-1.725257
-2.024055	-1.826330
-2.218622	-1.891712
-2.429612	-1.972887
-2.620704	-2.050271
-2.824115	-2.083436
-3.022471	-2.186404
-3.223671	-2.224307
-3.430240	-2.349701
-3.618173	-2.379708
-3.831375	-2.483939
-4.016782	-2.519315
-4.222087	-2.582486
-4.429604	-2.672189
-4.621643	-2.729674
-4.820316	-2.819693
-5.019936	-2.864228
-5.219872	-2.931190
-5.417912	-2.984885
-5.634904	-3.078378
-5.821575	-3.150393
-6.024985	-3.193980
-6.223658	-3.247044
-6.419487	-3.294738
-6.622582	-3.373702
-6.818727	-3.449191
-7.030034	-3.536367
-7.220810	-3.561635
-7.429906	-3.635545
-7.620366	-3.701559
-7.819355	-3.735355
-8.031609	-3.837692
-8.223017	-3.887597
-8.434323	-3.968456
-8.611518	-4.003831
-8.828194	-4.078057
-9.020550	-4.141544
-9.177214	-4.196503
-9.215748	-4.204083
-9.232488	-4.202504
-9.265337	-4.194292
-9.254598	-4.200925
-9.251123	-4.208505
-9.227750	-4.207874
-9.221117	-4.195240
-9.185110	-4.172182
-9.024024	-4.109959
-8.828510	-4.066371
-8.606780	-3.999410
-8.432428	-3.968140
-8.216068	-3.883175
-8.030029	-3.821899
-7.820934	-3.762203
-7.624473	-3.684503
-7.412218	-3.645337
-7.227128	-3.579323
-7.024349	-3.511098
-6.819991	-3.432135
-6.622266	-3.399286
-6.420119	-3.287158
-6.230922	-3.240727
-6.018036	-3.185452
-5.819679	-3.083747
-5.630483	-3.038896
-5.413175	-2.960564
-5.227452	-2.910975
-5.018356	-2.832327
-4.829475	-2.793161
-4.619432	-2.715145
-4.427077	-2.629864
-4.229668	-2.605543
-4.014571	-2.504786
-3.826005	-2.440667
-3.615330	-2.375917
-3.427397	-2.303586
-3.226514	-2.231888
-3.024683	-2.174402
-2.819377	-2.107757
-2.619441	-2.020265
-2.429612	-1.965938
-2.222096	-1.873077
-2.029425	-1.802957
-1.823488	-1.744208
-1.626710	-1.664613
-1.423932	-1.591966
-1.212625	-1.504475
-1.017111	-1.418246
-0.822545	-1.282745
-0.622293	-1.155771
-0.415092	-0.901192
-0.225579	-0.698730
-0.017115	-0.478263
0.174315	-0.272958
0.370802	-0.106186
0.583715	0.065647
0.773884	0.165786
0.982059	0.265924
1.176966	0.308254
1.384509	0.364168
1.566149	0.411236
1.791066	0.412816
1.976813	0.446932
2.171088	0.425452
2.386529	0.459252
2.568168	0.485788
2.781398	0.508848
2.972514	0.530013
3.175003	0.509480
3.373701	0.529381
3.580297	0.540121
3.779310	0.586242
3.974849	0.575502
4.180497	0.575502
4.376036	0.583715
4.572523	0.572975
4.778171	0.600773
4.977501	0.620991
5.175251	0.643735
5.375529	0.606459
5.579281	0.636470
5.769134	0.614041
5.982048	0.633942
6.176639	0.662689
6.382918	0.662057
6.580037	0.663005
6.777787	0.638681
6.977433	0.662689
7.178974	0.647210
7.385885	0.701860
7.566262	0.697121
7.780438	0.668375
7.978505	0.693015
8.173097	0.679747
8.380639	0.703123
8.574283	0.699333
8.781195	0.715443
8.973259	0.691119
9.180170	0.691751
9.375393	0.714812
9.570617	0.699964
9.779107	0.747665
9.976226	0.704387
9.780055	0.720814
9.564930	0.721445
9.384870	0.689540
9.173852	0.710389
8.976733	0.714812
8.777404	0.699964
8.575863	0.675325
8.375269	0.711968
8.167726	0.666795
7.979768	0.685433
7.772857	0.677852
7.579529	0.664584
7.380515	0.673429
7.176131	0.665848
6.977749	0.653212
6.772101	0.638681
6.578773	0.669954
6.370283	0.641208
6.190854	0.651001
5.969096	0.655423
5.777663	0.604880
5.583072	0.642787
5.369211	0.608671
5.181253	0.623518
4.973394	0.604248
4.782593	0.617516
4.564626	0.570763
4.386461	0.575502
4.173548	0.584979
3.971691	0.544228
3.787208	0.576134
3.569240	0.543280
3.380967	0.517377
3.176898	0.517693
2.973462	0.505373
2.776975	0.498739
2.579541	0.496528
2.376736	0.484208
2.168877	0.430190
1.980603	0.446301
1.769585	0.400180
1.576573	0.399232
1.385773	0.375540
1.175387	0.312045
0.973530	0.261502
0.776411	0.159468
0.585610	0.052063
0.369222	-0.120084
0.189794	-0.277695
-0.031013	-0.513323
-0.213261	-0.705362
-0.428674	-0.919196
-0.624188	-1.153560
-0.822860	-1.284324
-1.024691	-1.419510
-1.217994	-1.495631
-1.426458	-1.596388
-1.617866	-1.666192
-1.829489	-1.741050
-2.019317	-1.831068
-2.226202	-1.866760
-2.429297	-1.995312
-2.615651	-2.049324
-2.827589	-2.122602
-3.016154	-2.193038
-3.227461	-2.249891
-3.414447	-2.326960
-3.624174	-2.398659
-3.821584	-2.480465
-4.018045	-2.519631
-4.224614	-2.609650
-4.420128	-2.662081
-4.627645	-2.724621
-4.822843	-2.802637
-5.019936	-2.859806
-5.216082	-2.938770
-5.428967	-2.981726
-5.624797	-3.057531
-5.822838	-3.100172
-6.031618	-3.186716
-6.217972	-3.249887
-6.426120	-3.301687
-6.621318	-3.377808
-6.825676	-3.430871
-7.029087	-3.522153
-7.227443	-3.568584
-7.419167	-3.638704
-7.617208	-3.685134
-7.831357	-3.741672
-8.021817	-3.827269
-8.222701	-3.879385
-8.430218	-3.974457
-8.619414	-3.991829
-8.826299	-4.061633
-9.017076	-4.117855
-9.187636	-4.179762
-9.219853	-4.192713
-9.238173	-4.200293
-9.253651	-4.196503
-9.265021	-4.195240
-9.257756	-4.194923
-9.235962	-4.198082
-9.225539	-4.193976
-9.186057	-4.173446
-9.024024	-4.105537
-8.822509	-4.040471
-8.620046	-3.994040
-8.423901	-3.950136
-8.226175	-3.879385
-8.028767	-3.827585
-7.815880	-3.737566
-7.624788	-3.678185
-7.418535	-3.642178
-7.225232	-3.540157
-7.026875	-3.507308
-6.816833	-3.425186
-6.613422	-3.381598
-6.424541	-3.289053
-6.228395	-3.254941
-6.012035	-3.168712
-5.834840	-3.101119
-5.627324	-3.060690
-5.415701	-2.962459
-5.229347	-2.939402
-5.016146	-2.854753
-4.824738	-2.820325
-4.619116	-2.736623
-4.428656	-2.676927
-4.218928	-2.616598
-4.019624	-2.513946
-3.833586	-2.485203
-3.614699	-2.378128
-3.434346	-2.332329
-3.219249	-2.241995
-3.017734	-2.189563
-2.822536	-2.114390
-2.622284	-2.041427
-2.419189	-1.969097
-2.229361	-1.857916
-2.029109	-1.807695
-1.821277	-1.711991
-1.628605	-1.663349
-1.416351	-1.572067
-1.227154	-1.494367
-1.020585	-1.395505
-0.826651	-1.280218
-0.624820	-1.150086
-0.417303	-0.928988
-0.228422	-0.730631
-0.019010	-0.461839
0.173999	-0.290645
0.384701	-0.090078
0.570132	0.073228
0.771041	0.176210
0.983006	0.286458
1.174439	0.313309
1.383562	0.362588
1.568360	0.381542
1.781905	0.432717
1.967652	0.449460
2.181513	0.435876
2.380527	0.479786
2.570380	0.461464
2.795297	0.488315
2.972198	0.525590
3.179741	0.538226
3.369594	0.556548
3.579981	0.541701
3.777415	0.550862
3.977061	0.561286
4.178602	0.606144
4.367507	0.596351
4.578209	0.572027
4.773433	0.598246
4.980344	0.600773
5.176199	0.606459
5.381846	0.620675
5.576122	0.635522
5.772609	0.607091
5.983627	0.643103
6.166846	0.634890
6.392079	0.639944
6.569928	0.663637
6.782842	0.654476
6.975853	0.657950
7.172340	0.667743
7.381147	0.679747
7.573527	0.665532
7.780755	0.700596
7.966185	0.685433
8.181941	0.682906
8.376217	0.707230
8.579337	0.673113
8.777404	0.721445
8.969784	0.701228
9.181118	0.700280
9.371286	0.716391
9.581673	0.711337
9.773106	0.710073
9.985703	0.705966
9.771525	0.725868
9.571564	0.690488
9.380763	0.735029
9.165955	0.733449
8.978312	0.679747
8.777088	0.713232
8.576494	0.710705
8.375269	0.690488
8.188575	0.708178
7.971555	0.698069
7.773173	0.647210
7.587111	0.676588
7.375777	0.653212
7.176763	0.651948
6.977433	0.703123
6.776208	0.645946
6.575930	0.654476
6.378812	0.634574
6.175059	0.655739
5.968464	0.638681
5.785245	0.644367
5.572647	0.643103
5.369211	0.585926
5.191046	0.620675
4.974342	0.574870
4.781962	0.622886
4.574419	0.612462
4.379195	0.571395
4.168809	0.566657
3.979904	0.540753
3.777415	0.566341
3.573979	0.539806
3.384757	0.559075
3.169001	0.497476
2.979464	0.513586
2.776659	0.490526
2.579225	0.481365
2.382422	0.530961
2.178986	0.457041
1.973654	0.447248
1.777483	0.391019
1.576258	0.401128
1.371558	0.348057
1.185495	0.342371
0.967212	0.268452
0.775779	0.150939
0.583399	0.046693
0.372065	-0.118189
0.180317	-0.282433
-0.024696	-0.533853
-0.217999	-0.715470
-0.428358	-0.940042
-0.617871	-1.121027
-0.826335	-1.270426
-1.027850	-1.437197
-1.208519	-1.506054
-1.428038	-1.597336
-1.617866	-1.667140
-1.831384	-1.764739
-2.021528	-1.812117
-2.232519	-1.894555
-2.418874	-1.981099
-2.612176	-2.032899
-2.834854	-2.129551
-3.012680	-2.187984
-3.226198	-2.261578
-3.424554	-2.314957
-3.620068	-2.391710
-3.820952	-2.461198
-4.024362	-2.526264
-4.226825	-2.615651
-4.419812	-2.643762
-4.633646	-2.735360
-4.814946	-2.785897
-5.026253	-2.865808
-5.210080	-2.933716
-5.425493	-2.991834
-5.624166	-3.050898
-5.828207	-3.099856
-6.023406	-3.195876
-6.221762	-3.230304
-6.424857	-3.316216
-6.615633	-3.347486
-6.835783	-3.422343
-7.022769	-3.496885
-7.226811	-3.550264
-7.424537	-3.651970
-7.617839	-3.689240
-7.827567	-3.757781
-8.017395	-3.816530
-8.221753	-3.899600
-8.421689	-3.949821
-8.622889	-4.013307
-8.821877	-4.090060
-9.018970	-4.113433
-9.185741	-4.188291
-9.208483	-4.203452
-9.224591	-4.213559
-9.239437	-4.217349
-9.253334	-4.210084
-9.245122	-4.204083
-9.244175	-4.197134
-9.224908	-4.191449
-9.181952	-4.173130
-9.031920	-4.112170
-8.820930	-4.062896
-8.621309	-3.983617
-8.427691	-3.938134
-8.229334	-3.898336
-8.019607	-3.829796
-7.827567	-3.751464
-7.627631	-3.683871
-7.410007	-3.610277
-7.231865	-3.572374
-7.024664	-3.536367
-6.823781	-3.443821
-6.625424	-3.393285
-6.419171	-3.305161
-6.222710	-3.265995
-6.004455	-3.191454
-5.834209	-3.137758
-5.618796	-3.064480
-5.426756	-2.969092
-5.223662	-2.936559
-5.018988	-2.836117
-4.821263	-2.835801
-4.622591	-2.733464
-4.429604	-2.681033
-4.219876	-2.597015
-4.027205	-2.530054
-3.821268	-2.475727
-3.618173	-2.388551
-3.426450	-2.341173
-3.228724	-2.233783
-3.028473	-2.190195
-2.820956	-2.106809
-2.626074	-2.024687
-2.421084	-1.981731
-2.226202	-1.895502
-2.028161	-1.807063
-1.825699	-1.719571
-1.618814	-1.668403
-1.424247	-1.577121
-1.224311	-1.524689
-1.012689	-1.395820
-0.829177	-1.277375
-0.626399	-1.133345
-0.422041	-0.915090
-0.221789	-0.719892
-0.019642	-0.468787
0.175894	-0.283065
0.386596	-0.079339
0.566341	0.042903
0.778306	0.185687
0.978584	0.299725
1.170648	0.314572
1.383878	0.378699
1.567412	0.380594
1.781590	0.412500
1.968599	0.427663
2.182776	0.483892
2.373577	0.470625
2.577013	0.457989
2.783293	0.528433
2.970935	0.491158
3.182269	0.535383
3.366120	0.560655
3.582192	0.542017
3.784049	0.550862
3.979588	0.569500
4.177338	0.569184
4.377932	0.570763
4.579473	0.620043
4.774064	0.569500
4.982871	0.620359
5.174619	0.608039
5.379635	0.609934
5.572647	0.629520
5.774504	0.628256
5.973518	0.637417
6.177270	0.631099
6.387657	0.667111
6.580669	0.625097
6.782210	0.675009
6.964165	0.656687
7.182449	0.662057
7.379251	0.707862
7.571948	0.672797
7.782650	0.676588
7.965869	0.697753
8.183205	0.694910
8.367372	0.686065
8.581549	0.718286
8.772665	0.704387
8.976733	0.665848
9.176064	0.718918
9.364968	0.703439
9.581357	0.717970
9.775001	0.737240
9.977489	0.713232
9.774369	0.707546
9.579461	0.719234
9.370655	0.704703
9.170377	0.719550
8.983684	0.736608
8.771401	0.690488
8.581864	0.682274
8.370214	0.692383
8.179730	0.681958
7.967764	0.705966
7.782018	0.688592
7.580161	0.662689
7.368827	0.640576
7.186872	0.656687
6.968588	0.661425
6.783157	0.684486
6.585091	0.663952
6.381023	0.627309
6.180114	0.650369
5.976046	0.614673
5.777979	0.642787
5.568225	0.651317
5.379004	0.629204
5.169565	0.596667
4.978133	0.590981
4.773117	0.598246
4.571891	0.586242
4.381722	0.617200
4.171021	0.596983
3.983063	0.534751
3.776151	0.539174
3.578085	0.537594
3.370226	0.563814
3.176898	0.538226
2.970619	0.519588
2.787400	0.464307
2.584595	0.480733
2.373893	0.470625
2.174247	0.482629
1.979024	0.447880
1.775587	0.413448
1.573099	0.371749
1.385141	0.345530
1.176966	0.336369
0.968791	0.254552
0.785256	0.172420
0.572975	0.044482
0.373645	-0.122927
0.179685	-0.273273
-0.020590	-0.496583
-0.225264	-0.738211
-0.423936	-0.970996
-0.621345	-1.114710
-0.834231	-1.281165
-1.019638	-1.414140
-1.221469	-1.480785
-1.425511	-1.602074
-1.624815	-1.630500
-1.831068	-1.757158
-2.013316	-1.821908
-2.230624	-1.897713
-2.417926	-1.963411
-2.625442	-2.032583
-2.823799	-2.123549
-3.019945	-2.188300
-3.231567	-2.266632
-3.423923	-2.304534
-3.626701	-2.388551
-3.816214	-2.434666
-4.026258	-2.515841
-4.223666	-2.579959
-4.425498	-2.651658
-4.627328	-2.728727
-4.821895	-2.780211
-5.021199	-2.871809
-5.217345	-2.921082
-5.427704	-3.015207
-5.617848	-3.065744
-5.830419	-3.102699
-6.023722	-3.202509
-6.214182	-3.252098
-6.427700	-3.336431
-6.624161	-3.375281
-6.828835	-3.471301
-7.016768	-3.497517
-7.239130	-3.585956
-7.417272	-3.640915
-7.622262	-3.684819
-7.832936	-3.768836
-8.016448	-3.805791
-8.225227	-3.879385
-8.426427	-3.939397
-8.620994	-4.014255
-8.816823	-4.065739
-9.026867	-4.116908
-9.191111	-4.176920
-9.222065	-4.186396
-9.235646	-4.202820
-9.236279	-4.212927
-9.249860	-4.216718
-9.244806	-4.206610
-9.238805	-4.198714
-9.215116	-4.198082
-9.171528	-4.198082
-9.027814	-4.164917
-8.815244	-4.049946
-8.627626	-4.014255
-8.418215	-3.928658
-8.226807	-3.902127
-8.022133	-3.839587
-7.825356	-3.762519
-7.616576	-3.715141
-7.418851	-3.623543
-7.237866	-3.588799
-7.012978	-3.518995
-6.827571	-3.494042
-6.612790	-3.388863
-6.433701	-3.326324
-6.219235	-3.266311
-6.017088	-3.171239
-5.838947	-3.150393
-5.622271	-3.074588
-5.428336	-3.002573
-5.219240	-2.923293
-5.027200	-2.850015
-4.810208	-2.776421
-4.629539	-2.725568
-4.426445	-2.685771
-4.211032	-2.593225
-4.033522	-2.511103
-3.816530	-2.447932
-3.621648	-2.380339
-3.418869	-2.326960
-3.230304	-2.259367
-3.019629	-2.180719
-2.821904	-2.103335
-2.627969	-2.051850
-2.404660	-1.971308
-2.231572	-1.896134
-2.021844	-1.810222
-1.827910	-1.736628
-1.615655	-1.664297
-1.429617	-1.587544
-1.219258	-1.515213
-1.017743	-1.400242
-0.825703	-1.302328
-0.616923	-1.103971
-0.429937	-0.917933
-0.220210	-0.717365
-0.016484	-0.479526
0.180633	-0.287171
0.380910	-0.083129
0.570763	0.048589
0.789047	0.185687
0.969107	0.263713
1.177914	0.323417
1.372821	0.386912
1.574362	0.370170
1.777799	0.451987
1.971442	0.419765
2.182145	0.451987
2.376104	0.475047
2.574170	0.482629
2.782029	0.487999
2.976305	0.507900
3.174687	0.525590
3.384126	0.516429
3.578401	0.566973
3.771413	0.561602
3.984326	0.573290
4.172284	0.600773
4.373825	0.578661
4.572839	0.615620
4.780382	0.604564
4.973710	0.614673
5.184728	0.598878
5.377740	0.644051
5.567909	0.601721
5.781138	0.621938
5.976361	0.650053
6.174428	0.616884
6.379444	0.675325
6.581932	0.662373
6.773049	0.653212
6.972063	0.662057
7.184976	0.686381
7.367248	0.689856
7.578897	0.683222
7.784545	0.708809
7.966501	0.663005
8.184468	0.693962
8.372426	0.673429
8.580601	0.698701
8.770454	0.733133
8.981472	0.713864
9.178591	0.685749
9.371286	0.684801
9.576303	0.722077
9.774369	0.708809
9.984439	0.758721
9.771525	0.721129
9.575670	0.717655
9.372550	0.699333
9.173852	0.722709
8.975470	0.728395
8.777404	0.711337
8.586603	0.706598
8.366740	0.659530
8.189207	0.681958
7.966501	0.659530
7.785809	0.713864
7.578266	0.710705
7.373566	0.653844
7.181817	0.650685
6.976170	0.643419
6.784737	0.663952
6.572455	0.679115
6.387657	0.686381
6.167478	0.642787
5.979204	0.597930
5.787772	0.624466
5.567909	0.622254
5.377424	0.653844
5.175251	0.635522
4.977501	0.603301
4.777223	0.569500
4.582632	0.566973
4.369402	0.593192
4.168809	0.666480
3.986854	0.589717
3.772677	0.544228
3.580297	0.504109
3.374649	0.514850
3.175319	0.548335
2.970935	0.539490
2.783609	0.510743
2.576698	0.480733
2.378631	0.418186
2.185303	0.450723
1.965125	0.445037
1.781274	0.445353
1.568992	0.394810
1.384193	0.347741
1.173807	0.303516
0.981743	0.240653
0.777359	0.184739
0.566657	0.039112
0.385965	-0.113451
0.166102	-0.296962
-0.013957	-0.494056
-0.230001	-0.737895
-0.423936	-0.981419
-0.619766	-1.140926
-0.832336	-1.303591
-1.015532	-1.404349
-1.226838	-1.501632
-1.422352	-1.587860
-1.624815	-1.671877
-1.816855	-1.754315
-2.023108	-1.813380
-2.233151	-1.917296
-2.403397	-1.976677
-2.622284	-2.046165
-2.824115	-2.120075
-3.024683	-2.184509
-3.223987	-2.257788
-3.429924	-2.315905
-3.619121	-2.376233
-3.811476	-2.438456
-4.030995	-2.531318
-4.217349	-2.585645
-4.422023	-2.667451
-4.626381	-2.741993
-4.822843	-2.788423
-5.009197	-2.868650
-5.231243	-2.928663
-5.422650	-3.016786
-5.621639	-3.056900
-5.840210	-3.150393
-6.017088	-3.200298
-6.218604	-3.249571
-6.424541	-3.349697
-6.625109	-3.385704
-6.828519	-3.457719
-7.022138	-3.505729
-7.232497	-3.566373
-7.414113	-3.633334
-7.631737	-3.709771
-7.824092	-3.788419
-8.011710	-3.809581
-8.233124	-3.893282
-8.423584	-3.928974
-8.626363	-4.040787
-8.821877	-4.091639
-9.024655	-4.146914
-9.184793	-4.179131
-9.230593	-4.182290
-9.243858	-4.192397
-9.239753	-4.207874
-9.251439	-4.215770
-9.232804	-4.214191
-9.238173	-4.205031
-9.215432	-4.194292
-9.181004	-4.186711
-9.025603	-4.157337
-8.823772	-4.085006
-8.620678	-4.033838
-8.422637	-3.935923
-8.225544	-3.900863
-8.019607	-3.809581
-7.839570	-3.785892
-7.615313	-3.731565
-7.413166	-3.635545
-7.230602	-3.592905
-7.018348	-3.511730
-6.828519	-3.465300
-6.618160	-3.392653
-6.429911	-3.336747
-6.214498	-3.242306
-6.028460	-3.171555
-5.827576	-3.142812
-5.609004	-3.050267
-5.433074	-3.016786
-5.217977	-2.930874
-5.022779	-2.841487
-4.818105	-2.771999
-4.630487	-2.698720
-4.420128	-2.652922
-4.227457	-2.591014
-4.027521	-2.535740
-3.815266	-2.448880
-3.623543	-2.389499
-3.413184	-2.327907
-3.227461	-2.263473
-3.021208	-2.189563
-2.826010	-2.114706
-2.621652	-2.034163
-2.421400	-1.957726
-2.228729	-1.896766
-2.018686	-1.806431
-1.829805	-1.765054
-1.614708	-1.655769
-1.435302	-1.585649
-1.209782	-1.508265
-1.018374	-1.391714
-0.833915	-1.306750
-0.621661	-1.115973
-0.431517	-0.921407
-0.219578	-0.702520
-0.032276	-0.495003
0.191689	-0.249584
0.367327	-0.074601
0.573922	0.057434
0.783361	0.198323
0.970371	0.286458
1.178546	0.323102
1.376928	0.367959
1.581944	0.389124
1.768638	0.412500
1.986290	0.418502
2.176774	0.464938
2.371682	0.446617
2.591229	0.489262
2.772868	0.507900
2.976305	0.502214
3.174055	0.537278
3.384442	0.535067
3.573031	0.532856
3.782154	0.548967
3.977693	0.582136
4.167861	0.574238
4.382354	0.607091
4.574103	0.596035
4.778171	0.589085
4.974342	0.613093
5.177463	0.611198
5.371422	0.617832
5.573279	0.637101
5.783665	0.653528
5.967516	0.613725
6.191486	0.629836
6.375337	0.652264
6.582880	0.637733
6.780314	0.696174
6.973958	0.650685
7.187187	0.657319
7.372618	0.660478
7.588690	0.670586
7.773489	0.710073
7.979768	0.706914
8.173728	0.700280
8.374321	0.668059
8.576494	0.703755
8.770454	0.682274
8.984315	0.725552
9.170693	0.732502
9.371286	0.691751
9.577566	0.696490
9.793007	0.682274
9.972119	0.721445
9.778159	0.743558
9.575355	0.762828
9.368443	0.693331
9.178274	0.680695
8.985579	0.693647
8.771401	0.700280
8.582180	0.730922
8.377481	0.702492
8.170885	0.672482
7.973135	0.639944
7.783282	0.669639
7.567525	0.683538
7.381147	0.691751
7.185608	0.689224
6.969851	0.623834
6.779683	0.636470
6.584144	0.622254
6.381339	0.686065
6.172848	0.693962
5.982995	0.650053
5.771977	0.626045
5.580861	0.571711
5.376792	0.636154
5.170513	0.632363
4.977817	0.653844
4.769958	0.595719
4.591161	0.556864
4.369087	0.542965
4.173863	0.563814
3.979904	0.615936
3.776467	0.566657
3.582824	0.557812
3.373385	0.493685
3.180373	0.504741
2.968092	0.504109
2.783609	0.524643
2.572907	0.507268
2.375472	0.465886
2.176142	0.439983
1.974285	0.399232
1.784748	0.429242
1.567412	0.392914
1.389564	0.386912
1.165594	0.324681
0.978268	0.228649
0.777991	0.188530
0.565077	0.034373
0.379015	-0.112503
0.177474	-0.295699
-0.019326	-0.510796
-0.232528	-0.732842
-0.409723	-0.924565
-0.635559	-1.150717
-0.831388	-1.326333
-1.009530	-1.396452
-1.227470	-1.510476
-1.413824	-1.577437
-1.627974	-1.668719
-1.813380	-1.757790
-2.029425	-1.828225
-2.223675	-1.909084
-2.422980	-1.970044
-2.627653	-2.061958
-2.813060	-2.119759
-3.033842	-2.195880
-3.223987	-2.264736
-3.421080	-2.339278
-3.616594	-2.399922
-3.823795	-2.453617
-4.021835	-2.527212
-4.222719	-2.585645
-4.430867	-2.682612
-4.618484	-2.722094
-4.829475	-2.801689
-5.017093	-2.858543
-5.228400	-2.912870
-5.421387	-3.017734
-5.623218	-3.078378
-5.829471	-3.149761
-6.016457	-3.194612
-6.223341	-3.272312
-6.421382	-3.320322
-6.637111	-3.386652
-6.818411	-3.460246
-7.031298	-3.498464
-7.232497	-3.585956
-7.413797	-3.605539
-7.627947	-3.694926
-7.819355	-3.779575
-8.026239	-3.839271
-8.223648	-3.910970
-8.430218	-3.954242
-8.618466	-4.023730
-8.815560	-4.079005
-9.027814	-4.184816
-9.155735	-4.214191
-9.206903	-4.211980
-9.234383	-4.207874
-9.243227	-4.212296
-9.243227	-4.222403
-9.226171	-4.227457
-9.219222	-4.218297
-9.212589	-4.200925
-9.189216	-4.182290
-9.015180	-4.147545
-8.829142	-4.087849
-8.622573	-4.027521
-8.425796	-3.961507
-8.230282	-3.905285
-8.024660	-3.808318
-7.825356	-3.789682
-7.618155	-3.695873
-7.429590	-3.660182
-7.226180	-3.603960
-7.022769	-3.503202
-6.825676	-3.472564
-6.618475	-3.374018
-6.428331	-3.353171
-6.215129	-3.252414
-6.026880	-3.190190
-5.823470	-3.112174
-5.624797	-3.045529
-5.428020	-3.002573
-5.220819	-2.927083
-5.025305	-2.883180
-4.817157	-2.780527
-4.633646	-2.734728
-4.412231	-2.657344
-4.222403	-2.593857
-4.021835	-2.549006
-3.822531	-2.460566
-3.618805	-2.396764
-3.433398	-2.308956
-3.227461	-2.260314
-3.008574	-2.173455
-2.837065	-2.127971
-2.620073	-2.046481
-2.419821	-1.943828
-2.227150	-1.897713
-2.023108	-1.801694
-1.825067	-1.730626
-1.623868	-1.655769
-1.424247	-1.603337
-1.212625	-1.484576
-1.030377	-1.408455
-0.823176	-1.304539
-0.621661	-1.109340
-0.433096	-0.948255
-0.213893	-0.691781
-0.023748	-0.508269
0.183476	-0.268851
0.373013	-0.091341
0.579924	0.064699
0.774832	0.186319
0.979532	0.242232
1.185179	0.346794
1.369030	0.361325
1.580048	0.396705
1.775903	0.415659
1.981551	0.428295
2.182145	0.441878
2.380527	0.479470
2.580804	0.481997
2.782345	0.466834
2.980727	0.515482
3.177530	0.494001
3.381598	0.552126
3.570820	0.561918
3.781838	0.553389
3.979588	0.562866
4.174495	0.567288
4.371298	0.602669
4.569996	0.599194
4.784805	0.634574
4.966444	0.583083
5.187887	0.620359
5.366683	0.602353
5.575490	0.597299
5.782718	0.674061
5.968780	0.640576
6.180746	0.638997
6.372810	0.626045
6.586671	0.647526
6.769574	0.649421
6.981224	0.701860
7.176131	0.699649
7.371670	0.634890
7.586479	0.668691
7.771909	0.684801
7.971871	0.694594
8.178782	0.724288
8.374005	0.703123
8.581549	0.672482
8.776772	0.668375
8.978945	0.704387
9.167850	0.719550
9.376025	0.748612
9.568089	0.722393
9.781634	0.686065
9.973383	0.695542
9.776896	0.722393
9.573460	0.753982
9.378236	0.743874
9.171640	0.717339
8.968520	0.665216
8.783090	0.671534
8.572703	0.699017
8.380008	0.720814
8.171833	0.715759
7.972187	0.671850
7.785177	0.664268
7.572579	0.632363
7.378936	0.682590
7.174551	0.711021
6.980276	0.677852
6.769574	0.658582
6.581932	0.596351
6.389552	0.627940
6.167794	0.636470
5.986470	0.680063
5.773241	0.669639
5.577070	0.626045
5.373317	0.584031
5.180937	0.590665
4.977501	0.637733
4.779435	0.621307
4.573787	0.620675
4.367191	0.561602
4.186499	0.515798
3.978640	0.551178
3.774888	0.573606
3.578717	0.573606
3.381598	0.547071
3.177530	0.513270
2.974410	0.464938
2.784873	0.517377
2.570380	0.497160
2.384949	0.483260
2.175827	0.481681
1.972390	0.418502
1.778746	0.394178
1.572151	0.375856
1.381350	0.403655
1.172228	0.318995
0.983638	0.274454
0.770725	0.163574
0.574554	0.016051
0.377751	-0.094500
0.173999	-0.314019
-0.009535	-0.494056
-0.234107	-0.747371
-0.421409	-0.902772
-0.630505	-1.113762
-0.823808	-1.307381
-1.020269	-1.410666
-1.225891	-1.516793
-1.419194	-1.583754
-1.626710	-1.684827
-1.818750	-1.733469
-2.027530	-1.828857
-2.224307	-1.899608
-2.420137	-1.951409
-2.623863	-2.050903
-2.826010	-2.109652
-3.024683	-2.191774
-3.228724	-2.248628
-3.423291	-2.351912
-3.617226	-2.383814
-3.831691	-2.446037
-4.018992	-2.524053
-4.225562	-2.574274
-4.429604	-2.683560
-4.621643	-2.716408
-4.822843	-2.821904
-5.020883	-2.851594
-5.229347	-2.930558
-5.415386	-2.967197
-5.634273	-3.060374
-5.825049	-3.167449
-6.013299	-3.182610
-6.232502	-3.245465
-6.417592	-3.303582
-6.630478	-3.372123
-6.819991	-3.453613
-7.029402	-3.524996
-7.222705	-3.595116
-7.421378	-3.633334
-7.627315	-3.715141
-7.814933	-3.767572
-8.035399	-3.842746
-8.221122	-3.910970
-8.433376	-3.964666
-8.621625	-4.014571
-8.819350	-4.073319
-9.015180	-4.163970
-9.162684	-4.214507
-9.199007	-4.223666
-9.216063	-4.218297
-9.257441	-4.203768
-9.251439	-4.202504
-9.247649	-4.205978
-9.228698	-4.208189
-9.207220	-4.207558
-9.183531	-4.187659
-9.018970	-4.116908
-8.830405	-4.085954
-8.615308	-4.020256
-8.432428	-3.963086
-8.218279	-3.900231
-8.030346	-3.818425
-7.828198	-3.783681
-7.613101	-3.686082
-7.432749	-3.653233
-7.225548	-3.600169
-7.029718	-3.520890
-6.813674	-3.461194
-6.627004	-3.379071
-6.412539	-3.338010
-6.220815	-3.255572
-6.027512	-3.233146
-5.809256	-3.134916
-5.627956	-3.044897
-5.425809	-3.003204
-5.219556	-2.917924
-5.022779	-2.881284
-4.816209	-2.816218
-4.626381	-2.744204
-4.422339	-2.642498
-4.234089	-2.612176
-4.013307	-2.541425
-3.820636	-2.464988
-3.621016	-2.413188
-3.428344	-2.321590
-3.226829	-2.248312
-3.024051	-2.161136
-2.818745	-2.115653
-2.617862	-2.034478
-2.421716	-1.982362
-2.217674	-1.892976
-2.031952	-1.804536
-1.820013	-1.745471
-1.623552	-1.652926
-1.422984	-1.616919
-1.215152	-1.491524
-1.025955	-1.390451
-0.824440	-1.291589
-0.628926	-1.102076
-0.424568	-0.948255
-0.223684	-0.704099
-0.021537	-0.504795
0.183792	-0.257481
0.365431	-0.111872
0.583715	0.060593
0.768830	0.186951
0.973530	0.255184
1.180441	0.340476
1.375664	0.373645
1.579732	0.412500
1.770217	0.397969
1.978708	0.439667
2.168561	0.436508
2.383686	0.473783
2.579857	0.508848
2.777607	0.490526
2.974094	0.501898
3.181637	0.499055
3.376544	0.531908
3.577453	0.553389
3.782470	0.598878
3.977693	0.569500
4.178602	0.557812
4.381407	0.609618
4.565889	0.572975
4.784489	0.627309
4.971815	0.626045
5.194837	0.617200
5.369843	0.582451
5.577702	0.611830
5.772293	0.638049
5.975729	0.636785
6.183273	0.698069
6.370914	0.622886
6.593936	0.650685
6.764204	0.632679
6.979644	0.665532
7.174236	0.715759
7.377672	0.684486
7.578266	0.691435
7.785493	0.640576
7.977873	0.663005
8.171201	0.691751
8.385378	0.735661
8.572388	0.707546
8.778667	0.679431
8.987158	0.666480
9.166587	0.670902
9.381711	0.727447
9.572512	0.750508
9.781634	0.759037
9.972119	0.693647
9.782267	0.685749
9.565878	0.688592
9.379816	0.722077
9.173536	0.773884
8.971363	0.718286
8.778667	0.689856
8.572072	0.648789
8.380956	0.679115
8.169621	0.710705
7.982296	0.725552
7.769382	0.705019
7.575738	0.651948
7.387781	0.628256
7.166338	0.652580
6.991016	0.683538
6.771470	0.696805
6.579405	0.660478
6.375653	0.641840
6.179798	0.590665
5.978889	0.654160
5.770398	0.659214
5.585915	0.655739
5.367631	0.639628
5.182517	0.575818
4.977817	0.573290
4.782593	0.592876
4.572207	0.633942
4.373825	0.599510
4.176075	0.579292
3.975481	0.522431
3.788156	0.530013
3.577453	0.555916
3.389496	0.554969
3.169633	0.550230
2.970935	0.496528
2.782661	0.476627
2.573223	0.472204
2.382106	0.490842
2.166034	0.496844
1.978076	0.446932
1.770533	0.421345
1.575626	0.360061
1.379771	0.358798
1.174439	0.304780
0.985534	0.288037
0.769777	0.176842
0.579924	0.027424
0.376172	-0.101764
0.180633	-0.311808
-0.023748	-0.507322
-0.221789	-0.739791
-0.419198	-0.926776
-0.638085	-1.137452
-0.819070	-1.268215
-1.021533	-1.390135
-1.229049	-1.519951
-1.415088	-1.586597
-1.626394	-1.686407
-1.821592	-1.746103
-2.025319	-1.827910
-2.223675	-1.888554
-2.430560	-1.987416
-2.613756	-2.046797
-2.826326	-2.110284
-3.025946	-2.200302
-3.224303	-2.247049
-3.429292	-2.337383
-3.609013	-2.401186
-3.826005	-2.482044
-4.012676	-2.521210
-4.232510	-2.598911
-4.422971	-2.682928
-4.625749	-2.711987
-4.826317	-2.832011
-5.017093	-2.862017
-5.229663	-2.949825
-5.413806	-2.990254
-5.630798	-3.054373
-5.827576	-3.151024
-6.020247	-3.202509
-6.223973	-3.311794
-6.416960	-3.329798
-6.631110	-3.409393
-6.816201	-3.438452
-7.039825	-3.536999
-7.215125	-3.593852
-7.420430	-3.636177
-7.628894	-3.713561
-7.814933	-3.757465
-8.025608	-3.828848
-8.224912	-3.906233
-8.426743	-3.994356
-8.614992	-4.022467
-8.833564	-4.092903
-9.022760	-4.147230
-9.166159	-4.203136
-9.202166	-4.219244
-9.210062	-4.226193
-9.231856	-4.226825
-9.256809	-4.205978
-9.260283	-4.196503
-9.229961	-4.200925
-9.214169	-4.210401
-9.170581	-4.199977
-9.016443	-4.117223
-8.828194	-4.070161
-8.614992	-3.987723
-8.433692	-3.970667
-8.219543	-3.903706
-8.026555	-3.850010
-7.813985	-3.782733
-7.624473	-3.682607
-7.418851	-3.663972
-7.222390	-3.590062
-7.037615	-3.550896
-6.816516	-3.473828
-6.624161	-3.392337
-6.420435	-3.328535
-6.215129	-3.245149
-6.023406	-3.213248
-5.823786	-3.138390
-5.628587	-3.075219
-5.421703	-2.989307
-5.229663	-2.917924
-5.016461	-2.854753
-4.824738	-2.804216
-4.624802	-2.760312
-4.421075	-2.654501
-4.226509	-2.588487
-4.016782	-2.516788
-3.821268	-2.460566
-3.610593	-2.406871
-3.434662	-2.336751
-3.219249	-2.251786
-3.029420	-2.169980
-2.826957	-2.125129
-2.617546	-2.022160
-2.422032	-1.965938
-2.225255	-1.905926
-2.026266	-1.818118
-1.826330	-1.745471
-1.617235	-1.666824
-1.416667	-1.599547
-1.224943	-1.487734
-1.025955	-1.430565
-0.802646	-1.295695
-0.633032	-1.127660
-0.420462	-0.951413
-0.219262	-0.690517
-0.026275	-0.490581
0.178422	-0.257797
0.373329	-0.101764
0.573606	0.068174
0.769777	0.177158
0.980479	0.248550
1.173807	0.334158
1.377875	0.354059
1.578153	0.416291
1.773060	0.422608
1.977129	0.432401
2.178670	0.425136
2.380211	0.459252
2.583647	0.474099
2.780450	0.514218
2.976937	0.527170
3.176267	0.501582
3.377492	0.525590
3.574295	0.510111
3.783101	0.580556
3.972954	0.591612
4.179550	0.586242
4.376352	0.578661
4.574419	0.563182
4.776907	0.598246
4.979080	0.606144
5.176831	0.675956
5.368579	0.600142
5.585283	0.614989
5.772925	0.611514
5.967200	0.604248
6.184536	0.691119
6.377232	0.671534
6.583827	0.681327
6.771470	0.626993
6.979960	0.645315
7.168866	0.647526
7.381147	0.700280
7.582372	0.748612
7.770330	0.689856
7.987666	0.654476
8.171833	0.640892
8.374638	0.689540
8.574915	0.731554
8.782774	0.741979
8.975154	0.707230
9.176064	0.663952
9.375077	0.685433
9.569984	0.697121
9.785741	0.766618
9.968960	0.741663
9.779423	0.736608
9.569353	0.669323
9.375710	0.680379
9.170377	0.724288
8.984315	0.735977
8.781195	0.751455
8.568597	0.679431
8.381271	0.656055
8.164883	0.640576
7.982612	0.706282
7.778227	0.724288
7.576686	0.687013
7.384306	0.677852
7.168550	0.611830
6.981540	0.637417
6.767679	0.671534
6.589198	0.700596
6.372494	0.672797
6.182009	0.621622
5.985206	0.608355
5.765975	0.611514
5.579913	0.674693
5.367631	0.660478
5.177463	0.634890
4.974658	0.584347
4.789859	0.554653
4.572523	0.570447
4.375721	0.609934
4.180182	0.610882
3.974534	0.557180
3.782470	0.532856
3.577769	0.502530
3.375281	0.531276
3.170580	0.559707
2.976305	0.543280
2.773816	0.517377
2.582700	0.465570
2.381790	0.463675
2.166666	0.449144
1.980288	0.453566
1.768322	0.440615
1.579417	0.390387
1.385773	0.344898
1.176966	0.295303
0.985218	0.270347
0.768198	0.160731
0.584347	0.051748
0.370170	-0.101133
0.183476	-0.306122
-0.026907	-0.495003
-0.213261	-0.752425
-0.419198	-0.938463
-0.623240	-1.153560
-0.822229	-1.292852
-1.021533	-1.384450
-1.223996	-1.507949
-1.422984	-1.591650
-1.617866	-1.689249
-1.816855	-1.757474
-2.022476	-1.849072
-2.224939	-1.894555
-2.426770	-1.983942
-2.619125	-2.063853
-2.822851	-2.133341
-3.018365	-2.213884
-3.229040	-2.260314
-3.425186	-2.320643
-3.626070	-2.389815
-3.828848	-2.488677
-4.015203	-2.527843
-4.231879	-2.605859
-4.424866	-2.679453
-4.615958	-2.726832
-4.821579	-2.820325
-5.024042	-2.871177
-5.222398	-2.964038
-5.418228	-2.997835
-5.633641	-3.079641
-5.820627	-3.119755
-6.024037	-3.184505
-6.223658	-3.289053
-6.416013	-3.326955
-6.630478	-3.415395
-6.820307	-3.447296
-7.027823	-3.512994
-7.221758	-3.595116
-7.416956	-3.666183
-7.619735	-3.731881
-7.825988	-3.759676
-8.031293	-3.836745
-8.220490	-3.876858
-8.424532	-3.994040
-8.616256	-4.035417
-8.827878	-4.103010
-9.020865	-4.149441
-9.179109	-4.183869
-9.207220	-4.206610
-9.213536	-4.221456
-9.222381	-4.232194
-9.228066	-4.232826
-9.244491	-4.214822
-9.230593	-4.199661
-9.217011	-4.203136
-9.171212	-4.200293
-9.015180	-4.156389
-8.824404	-4.096693
-8.619730	-3.994672
-8.431480	-3.955506
-8.216700	-3.854432
-8.035399	-3.849694
-7.815565	-3.775785
-7.621314	-3.685134
-7.428958	-3.643441
-7.219231	-3.547422
-7.031613	-3.509835
-6.820307	-3.452350
-6.630478	-3.400865
-6.417592	-3.327903
-6.227448	-3.254309
-6.020879	-3.206299
-5.825049	-3.124808
-5.630483	-3.090696
-5.417281	-3.005100
-5.228715	-2.935296
-5.011724	-2.856964
-4.821895	-2.796320
-4.624802	-2.718935
-4.429604	-2.679453
-4.222403	-2.610913
-4.010465	-2.519631
-3.831691	-2.458355
-3.614699	-2.387604
-3.422343	-2.340542
-3.219565	-2.253366
-3.032579	-2.181983
-2.822851	-2.104598
-2.609650	-2.032268
-2.425822	-1.966254
-2.218622	-1.882868
-2.033847	-1.826014
-1.816223	-1.735048
-1.632080	-1.663033
-1.415719	-1.589755
-1.221469	-1.482049
-1.027218	-1.422668
-0.819386	-1.281165
-0.630505	-1.142189
-0.420146	-0.954572
-0.231896	-0.726841
-0.013325	-0.478895
0.172104	-0.263166
0.376172	-0.103975
0.581504	0.083969
0.767566	0.183476
0.979848	0.265293
1.176966	0.344582
1.379771	0.346162
1.572467	0.384701
1.776851	0.425767
1.976181	0.447248
2.173931	0.445669
2.387161	0.457357
2.572591	0.456093
2.779186	0.482629
2.974410	0.546124
3.169633	0.547071
3.372753	0.547703
3.580928	0.522431
3.775204	0.530961
3.975165	0.553073
4.183341	0.621622
4.368455	0.619095
4.577893	0.586558
4.775012	0.591296
4.977817	0.565393
5.182517	0.636785
5.376161	0.633626
5.582124	0.655739
5.774189	0.613725
5.982363	0.591928
6.178218	0.612777
6.371230	0.648789
6.582248	0.715759
6.778419	0.663005
6.984067	0.682906
7.166338	0.618464
7.384306	0.632363
7.578897	0.714496
7.777911	0.720182
7.974082	0.722709
8.169621	0.681327
8.380008	0.661425
8.573019	0.644683
8.785933	0.745453
8.976102	0.744506
9.179854	0.702807
9.376972	0.706914
9.575670	0.646578
9.778476	0.696805
9.978437	0.761248
9.777212	0.770409
9.570617	0.716391
9.385502	0.692067
9.168482	0.663321
8.983999	0.664268
8.784038	0.748612
8.580285	0.720182
8.374638	0.724920
8.170885	0.654476
7.980084	0.640576
7.772541	0.667743
7.593429	0.696805
7.379883	0.721445
7.169813	0.659530
6.988489	0.640576
6.770838	0.611514
6.584459	0.680379
6.372810	0.684801
6.181061	0.675956
5.970359	0.651948
5.775136	0.596983
5.587810	0.600142
5.366683	0.623834
5.187571	0.666164
4.968340	0.618464
4.782593	0.596351
4.572207	0.561602
4.378563	0.544228
4.173863	0.575502
3.979588	0.579924
3.781206	0.571711
3.572715	0.524327
3.389496	0.523063
3.168053	0.494948
2.979780	0.526854
2.776027	0.525590
2.573539	0.479470
2.383054	0.466202
2.172668	0.430506
1.980919	0.430506
1.768006	0.412500
1.579101	0.419450
1.376612	0.360377
1.184548	0.300041
0.981111	0.270663
0.763459	0.149359
0.582451	0.056802
0.370170	-0.101133
0.183160	-0.300437
-0.021853	-0.494056
-0.217999	-0.734105
-0.427726	-0.945096
-0.629242	-1.161772
-0.816227	-1.293800
-1.027534	-1.422036
-1.217994	-1.514266
-1.423616	-1.579332
-1.627026	-1.661770
