# Configuration automatically generated by WRITE_CONFIG()
connection eth
ip 192.168.0.10
samplehz 1000.000000
settleus 10.000000
nsample 128

# Analog Inputs
aichannel 0
ainegative 199
airange 10.000000
airesolution 0

aichannel 1
ainegative 199
airange 10.000000
airesolution 0

# Analog Outputs
aochannel 0
aosignal triangle
aofrequency 5.000000
aoamplitude 2.000000
aooffset 2.500000
aoduty 0.500000

# Meta Parameters
int:periods 10
flt:tip_T_C 404.432370
flt:plate_T_C 144.649719
flt:plate_Q_kW 0.375751
flt:cool_Thigh_C 49.200836
flt:cool_Tlow_C 17.595422
flt:air_psig 35.000000
flt:water_gph 2.100000
flt:standoff_in 0.233000
flt:oxygen_scfh 9.667969
flt:fuel_scfh 5.296531
flt:flow_scfh 14.964500
flt:ratio_fto 0.547843

## End Configuration ##
#: Wed Jun 14 15:45:13 2017
-7.230602	-3.398654
-9.495911	-3.956453
-9.530655	-3.902442
-9.434319	-3.966561
-9.348722	-4.035101
-9.223329	-3.998462
-9.026235	-3.854116
-8.823772	-3.719878
-8.614045	-3.667762
-8.435271	-3.756833
-8.215753	-3.739146
-8.034767	-3.639019
-7.820934	-3.483935
-7.615313	-3.381914
-7.422009	-3.417606
-7.217020	-3.430556
-7.028455	-3.385704
-6.819675	-3.240727
-6.629215	-3.105225
-6.417592	-3.046476
-6.226816	-3.100803
-6.017720	-3.086274
-5.825996	-2.957090
-5.628587	-2.849699
-5.419176	-2.733464
-5.227136	-2.754311
-5.016146	-2.749889
-4.830739	-2.699036
-4.617221	-2.574274
-4.428656	-2.446353
-4.226193	-2.426454
-4.017097	-2.406871
-3.830112	-2.398027
-3.617857	-2.317484
-3.424238	-2.168717
-3.227777	-2.092596
-3.025630	-2.055957
-2.821272	-2.060063
-2.619441	-1.963727
-2.428981	-1.891396
-2.216411	-1.761264
-2.026266	-1.683248
-1.822540	-1.711359
-1.615971	-1.620393
-1.428038	-1.543325
-1.217994	-1.392346
-1.023744	-1.253686
-0.814332	-1.152297
-0.633348	-1.030377
-0.421409	-0.845918
-0.221789	-0.621029
-0.029118	-0.454258
0.184108	-0.271062
0.368906	-0.165567
0.578029	-0.014589
0.772936	0.084917
0.979216	0.143989
1.175703	0.186319
1.376928	0.196428
1.579101	0.264345
1.768638	0.266556
1.981867	0.274770
2.171088	0.238758
2.386213	0.250446
2.575750	0.304780
2.776659	0.309518
2.980412	0.327840
3.177530	0.283299
3.386337	0.292460
3.565134	0.304464
3.785944	0.361325
3.971691	0.372697
4.181445	0.324681
4.380143	0.339212
4.572523	0.320574
4.782593	0.356586
4.975605	0.398285
5.181569	0.388492
5.368263	0.357850
5.577070	0.346162
5.779243	0.361325
5.972887	0.376804
6.187379	0.410604
6.376285	0.394178
6.583512	0.347425
6.778419	0.365116
6.978065	0.391967
7.178658	0.424188
7.379568	0.412500
7.582688	0.395126
7.771594	0.354059
7.981348	0.398600
8.175623	0.451987
8.374953	0.444721
8.577758	0.425136
8.772665	0.362588
8.983051	0.406814
9.171009	0.414711
9.378868	0.454830
9.568721	0.442826
9.776896	0.389124
9.976542	0.390703
9.772789	0.383122
9.583568	0.463043
9.368128	0.430506
9.180486	0.424188
8.975470	0.409973
8.778352	0.364484
8.579337	0.436824
8.372110	0.427663
8.174676	0.440299
7.971239	0.373961
7.788652	0.371118
7.566894	0.399864
7.379568	0.407446
7.175815	0.432085
6.972379	0.386596
6.780630	0.354059
6.580669	0.343951
6.380391	0.387544
6.174428	0.397337
5.987102	0.416606
5.770082	0.368906
5.575490	0.334158
5.379319	0.372697
5.174619	0.379015
4.980028	0.397653
4.782593	0.351216
4.579789	0.333526
4.368455	0.312361
4.180497	0.358798
3.982115	0.367011
3.772045	0.323733
3.592616	0.314572
3.366751	0.284246
3.188902	0.296882
2.970935	0.333210
2.780766	0.309834
2.579857	0.304464
2.371998	0.257711
2.184988	0.254236
1.969863	0.261186
1.775587	0.266556
1.571203	0.260554
1.381666	0.188214
1.175703	0.185687
0.971950	0.116190
0.783993	0.065015
0.571079	-0.041120
0.374277	-0.179780
0.175263	-0.303911
-0.020590	-0.489002
-0.222421	-0.675988
-0.417619	-0.896139
-0.624820	-1.030377
-0.830757	-1.171880
-1.017427	-1.267899
-1.222732	-1.407823
-1.420773	-1.576173
-1.621657	-1.638081
-1.823803	-1.694935
-2.021844	-1.705042
-2.229676	-1.803905
-2.413188	-1.884132
-2.638077	-2.014264
-2.821904	-2.060063
-3.018997	-2.042375
-3.230304	-2.091964
-3.423291	-2.197775
-3.623859	-2.328539
-3.811792	-2.404344
-4.033522	-2.415399
-4.210716	-2.393289
-4.425813	-2.458039
-4.636172	-2.640603
-4.803576	-2.704722
-5.030043	-2.759365
-5.213554	-2.744519
-5.430231	-2.745467
-5.622586	-2.889497
-5.818732	-3.031947
-6.019615	-3.090696
-6.211655	-3.087222
-6.431174	-3.053425
-6.615317	-3.103646
-6.833889	-3.292527
-7.022769	-3.392021
-7.225548	-3.417290
-7.419167	-3.380966
-7.623525	-3.361068
-7.825356	-3.525628
-8.019607	-3.670921
-8.233440	-3.747042
-8.420426	-3.709771
-8.631733	-3.655128
-8.816192	-3.743567
-9.027814	-3.902127
-9.226803	-4.057843
-9.343353	-4.039839
-9.461166	-3.964350
-9.526233	-3.900231
-9.464325	-3.982353
-9.369253	-4.067950
-9.368621	-4.060686
-9.383467	-3.987723
-9.223644	-3.792841
-9.033815	-3.798210
-8.815560	-3.871489
-8.622257	-3.832639
-8.431165	-3.772626
-8.224912	-3.589746
-8.025924	-3.483619
-7.824724	-3.523101
-7.623841	-3.570163
-7.406217	-3.494674
-7.233129	-3.362331
-7.025928	-3.214827
-6.820307	-3.167133
-6.622582	-3.238832
-6.419487	-3.203772
-6.223973	-3.110595
-6.015193	-2.964354
-5.830734	-2.864860
-5.616585	-2.881600
-5.427704	-2.884759
-5.225873	-2.840855
-5.014250	-2.686402
-4.824738	-2.588171
-4.613431	-2.538582
-4.428340	-2.574906
-4.213875	-2.531318
-4.027205	-2.429612
-3.822531	-2.315589
-3.621016	-2.200934
-3.433714	-2.226518
-3.208510	-2.176297
-3.033526	-2.140605
-2.813692	-2.008578
-2.627337	-1.858547
-2.425822	-1.862338
-2.217990	-1.808327
-2.028793	-1.788112
-1.820013	-1.690829
-1.626394	-1.554695
-1.417930	-1.450463
-1.229997	-1.427090
-1.014900	-1.354444
-0.824124	-1.185777
-0.631453	-1.014584
-0.410354	-0.796013
-0.225579	-0.637454
-0.012693	-0.488370
0.176526	-0.310860
0.374592	-0.154196
0.577397	-0.034172
0.779254	0.060277
0.980795	0.162627
1.169385	0.203377
1.387352	0.223595
1.570887	0.252657
1.774640	0.220436
1.979024	0.245075
2.176142	0.276981
2.378000	0.310782
2.574170	0.277929
2.788031	0.292460
2.969039	0.289933
3.175319	0.290564
3.380335	0.370802
3.576822	0.334790
3.783101	0.349637
3.979904	0.297514
4.178918	0.333842
4.371298	0.365431
4.588318	0.364168
4.777539	0.389124
4.974026	0.329419
5.177463	0.350584
5.367000	0.353743
5.584020	0.399548
5.772293	0.418502
5.980468	0.367643
6.180114	0.350584
6.387341	0.348689
6.582248	0.417554
6.772417	0.402391
6.977117	0.421977
7.172656	0.365116
7.386201	0.377751
7.576686	0.400180
7.780438	0.411236
7.977557	0.446617
8.171516	0.397653
8.383799	0.368275
8.576810	0.380594
8.784353	0.446617
8.968204	0.438403
9.180801	0.417238
9.379184	0.418186
9.566826	0.351532
9.784793	0.422293
9.972751	0.459252
9.788584	0.437771
9.571248	0.416922
9.377604	0.377435
9.172588	0.402707
8.974838	0.423240
8.784669	0.459252
8.568281	0.428926
8.379060	0.371118
8.175307	0.380594
7.975030	0.396705
7.781070	0.436192
7.579213	0.406814
7.378620	0.390387
7.168550	0.360377
6.981855	0.367643
6.770838	0.422608
6.581616	0.394810
6.379444	0.404918
6.179482	0.337633
5.983311	0.356902
5.781138	0.360061
5.578018	0.396073
5.370790	0.391335
5.181885	0.354375
4.974026	0.337633
4.778803	0.328156
4.574735	0.381858
4.373193	0.348373
4.183341	0.362588
3.970743	0.306043
3.779942	0.286774
3.578085	0.337317
3.380019	0.327208
3.176583	0.342371
2.980727	0.275085
2.786452	0.286458
2.563114	0.269715
2.389688	0.284562
2.176774	0.313941
1.968284	0.256764
1.785380	0.237494
1.567412	0.215697
1.389879	0.213170
1.177914	0.190110
0.980795	0.153466
0.771673	0.059645
0.577713	-0.063546
0.379647	-0.163672
0.173367	-0.340550
-0.010167	-0.512375
-0.227790	-0.678199
-0.422357	-0.814332
-0.615344	-0.998791
-0.823492	-1.196516
-1.023428	-1.352233
-1.220205	-1.469730
-1.415719	-1.496262
-1.630500	-1.573331
-1.811169	-1.682616
-2.033531	-1.787796
-2.221148	-1.867391
-2.423295	-1.898345
-2.622284	-1.919191
-2.819061	-1.974466
-3.033526	-2.130182
-3.219881	-2.209778
-3.433714	-2.244838
-3.610909	-2.252734
-3.823479	-2.265368
-4.026889	-2.415399
-4.218297	-2.501943
-4.431183	-2.587540
-4.624802	-2.597963
-4.824422	-2.578696
-5.019936	-2.646289
-5.225873	-2.803584
-5.424230	-2.912870
-5.623218	-2.927715
-5.830734	-2.938770
-6.009508	-2.929610
-6.226500	-3.061953
-6.426436	-3.217670
-6.623529	-3.254625
-6.824413	-3.258099
-7.027823	-3.199034
-7.222074	-3.317480
-7.423273	-3.454245
-7.629526	-3.583113
-7.816828	-3.595747
-8.024344	-3.527839
-8.231544	-3.564162
-8.416951	-3.706297
-8.626678	-3.861697
-8.806716	-3.913497
-9.029393	-3.895494
-9.212274	-3.827585
-9.414736	-3.921078
-9.376517	-4.041102
-9.352512	-4.081532
-9.415999	-4.056579
-9.482013	-3.949505
-9.512019	-3.893282
-9.375255	-3.975721
-9.227118	-4.020572
-9.021497	-3.964666
-8.819350	-3.804527
-8.626363	-3.656708
-8.419478	-3.636809
-8.234072	-3.711666
-8.010762	-3.676922
-7.830094	-3.573006
-7.611207	-3.433714
-7.415061	-3.321586
-7.229338	-3.385388
-7.021506	-3.370227
-6.822518	-3.321902
-6.618475	-3.184505
-6.432437	-3.050898
-6.214814	-3.024998
-6.024985	-3.037948
-5.825365	-3.042370
-5.617533	-2.911922
-5.428967	-2.772630
-5.217345	-2.701879
-5.025305	-2.722094
-4.813683	-2.704090
-4.631434	-2.638708
-4.417601	-2.530686
-4.220824	-2.382234
-4.030047	-2.387920
-3.812424	-2.380339
-3.622279	-2.307693
-3.432451	-2.244522
-3.223671	-2.092911
-3.023735	-2.043954
-2.823167	-2.020897
-2.624811	-2.002577
-2.408766	-1.915717
-2.233783	-1.806116
-2.023423	-1.713886
-1.821277	-1.626078
-1.629237	-1.633027
-1.415088	-1.543009
-1.224627	-1.426458
-1.019954	-1.269163
-0.831073	-1.123238
-0.622609	-1.016479
-0.425831	-0.862026
-0.222421	-0.681042
-0.013325	-0.462786
0.180317	-0.315914
0.379647	-0.155776
0.571079	-0.040173
0.782413	0.087444
0.974161	0.158204
1.178546	0.182212
1.376928	0.215697
1.575626	0.221383
1.780010	0.289933
1.963545	0.279508
2.187199	0.285510
2.369470	0.248866
2.577329	0.255500
2.786768	0.320890
2.971251	0.312045
3.178794	0.320890
3.374333	0.291512
3.587562	0.315520
3.768886	0.327208
3.984958	0.370170
4.175443	0.372381
4.367191	0.320574
4.594004	0.324681
4.767430	0.356586
4.978448	0.391019
5.178726	0.402391
5.373317	0.367011
5.581808	0.346794
5.779559	0.328472
5.981731	0.395442
6.171900	0.412184
6.386393	0.391967
6.584459	0.370802
6.775260	0.344582
6.978065	0.392598
7.183712	0.403655
7.375461	0.435244
7.578581	0.397653
7.782650	0.384701
7.965869	0.374908
8.177835	0.435244
8.372110	0.450723
8.577127	0.410604
8.778983	0.410604
8.975786	0.361957
9.177643	0.406814
9.370023	0.440299
9.578830	0.445037
9.775632	0.427663
9.976542	0.368275
9.780686	0.401444
9.570932	0.411236
9.382027	0.471572
9.163743	0.431454
8.983051	0.382490
8.781195	0.393862
8.582180	0.395757
8.380008	0.439667
8.171516	0.427979
7.977873	0.411868
7.774121	0.356586
7.590270	0.383753
7.373250	0.418818
7.170445	0.401128
6.980908	0.410604
6.772417	0.370802
6.576562	0.349005
6.376600	0.377435
6.181693	0.417238
5.968780	0.397337
5.782718	0.376488
5.572015	0.355007
5.375213	0.325945
5.188835	0.411868
4.967076	0.388492
4.782278	0.369538
4.568100	0.330683
4.381407	0.318047
4.167861	0.346162
3.979588	0.343951
3.780574	0.360377
3.566397	0.311413
3.386969	0.275401
3.169001	0.305727
2.979464	0.304464
2.777607	0.332578
2.574170	0.289933
2.381790	0.278244
2.174247	0.255816
1.976813	0.264029
1.769901	0.288669
1.574046	0.245075
1.375664	0.245075
1.178861	0.158520
0.987429	0.139566
0.768198	0.053011
0.581188	-0.043963
0.370802	-0.182623
0.179369	-0.328232
-0.021853	-0.483317
-0.217683	-0.698730
-0.428674	-0.890769
-0.623556	-1.067332
-0.819386	-1.154192
-1.029429	-1.279902
-1.218310	-1.445726
-1.416983	-1.538271
-1.624499	-1.655453
-1.826962	-1.691776
-2.024687	-1.725257
-2.222412	-1.788112
-2.427402	-1.932773
-2.607754	-2.001945
-2.832327	-2.025319
-3.029104	-2.092280
-3.209141	-2.087226
-3.437189	-2.230940
-3.614067	-2.317800
-3.831059	-2.399922
-4.018992	-2.405292
-4.233458	-2.413188
-4.423286	-2.500680
-4.621011	-2.591646
-4.827580	-2.720830
-5.012987	-2.735991
-5.229979	-2.740098
-5.416333	-2.772946
-5.619743	-2.898657
-5.828839	-3.032263
-6.016457	-3.076483
-6.223026	-3.088485
-6.422014	-3.067007
-6.628267	-3.157657
-6.816833	-3.297897
-7.031298	-3.389810
-7.224285	-3.402445
-7.420430	-3.341800
-7.625420	-3.397075
-7.819986	-3.531629
-8.021817	-3.680712
-8.220806	-3.711035
-8.432744	-3.702190
-8.614676	-3.674711
-8.828826	-3.771047
-9.017391	-3.958033
-9.208798	-4.021204
-9.375886	-4.016466
-9.469063	-3.944135
-9.498754	-3.929290
-9.434635	-4.010465
-9.381255	-4.062581
-9.374938	-4.050262
-9.396732	-3.967192
-9.229013	-3.853169
-9.010758	-3.839903
-8.826299	-3.879701
-8.622573	-3.879069
-8.422637	-3.719247
-8.222069	-3.604276
-8.024029	-3.522469
-7.827883	-3.573322
-7.620050	-3.557529
-7.415692	-3.482987
-7.225864	-3.344643
-7.020243	-3.232831
-6.828519	-3.246412
-6.616265	-3.236305
-6.429911	-3.213879
-6.219867	-3.069534
-6.016141	-2.955194
-5.824101	-2.896446
-5.628587	-2.914133
-5.420439	-2.895182
-5.223346	-2.768209
-5.028464	-2.694930
-4.815894	-2.575222
-4.635225	-2.600490
-4.416654	-2.569852
-4.234721	-2.511735
-4.022151	-2.414136
-3.816530	-2.284951
-3.618805	-2.264421
-3.421396	-2.222412
-3.230620	-2.198091
-3.015523	-2.091016
-2.828853	-1.992470
-2.616914	-1.932142
-2.415083	-1.865496
-2.232519	-1.857916
-2.013316	-1.774530
-1.826646	-1.667140
-1.619446	-1.581227
-1.429933	-1.490261
-1.215152	-1.448884
-1.025007	-1.339283
-0.826019	-1.195253
-0.612185	-0.969101
-0.432780	-0.804541
-0.219262	-0.656405
-0.024696	-0.479526
0.179053	-0.320652
0.378383	-0.152933
0.578345	-0.032276
0.771357	0.067858
0.971634	0.130405
1.187075	0.213486
1.369978	0.230544
1.580364	0.224226
1.771165	0.253920
1.979656	0.248234
2.177722	0.299093
2.376420	0.272874
2.583015	0.287089
2.771605	0.276665
2.980096	0.285194
3.177530	0.333210
3.369278	0.308570
3.581560	0.343951
3.770781	0.318679
3.992540	0.332262
4.164702	0.348373
4.382039	0.352796
4.577893	0.379963
4.770905	0.342687
4.983187	0.355323
5.180937	0.346478
5.378372	0.396389
5.578018	0.381226
5.777347	0.364800
5.977941	0.371118
6.175059	0.358482
6.381971	0.384701
6.574035	0.408709
6.774628	0.402391
6.975538	0.370170
7.183712	0.385017
7.370090	0.392914
7.587111	0.408393
7.778227	0.432401
7.966817	0.395442
8.178467	0.402075
8.372742	0.398916
8.576494	0.422608
8.780562	0.427031
8.982736	0.419134
9.170377	0.405550
9.371602	0.375856
9.593992	0.424504
9.766788	0.433033
9.988545	0.425136
9.771842	0.420081
9.577566	0.397337
9.378868	0.414395
9.172588	0.418818
8.984631	0.432717
8.770770	0.407761
8.582180	0.394810
8.371795	0.417238
8.176571	0.393230
7.975662	0.428926
7.773489	0.409341
7.586163	0.384385
7.373250	0.379647
7.178342	0.384069
6.970483	0.412184
6.777787	0.396389
6.584459	0.384701
6.376916	0.368275
6.178534	0.391019
5.974150	0.367959
5.778927	0.387228
5.571068	0.374277
5.375529	0.360377
5.178726	0.360377
4.974974	0.372381
4.775328	0.374277
4.575682	0.343635
4.376036	0.360693
4.164387	0.312361
3.989697	0.321838
3.777415	0.343003
3.570504	0.325629
3.384757	0.312677
3.168369	0.289301
2.979148	0.309834
2.775396	0.296250
2.585859	0.298146
2.370102	0.288669
2.176458	0.245707
1.984710	0.268768
1.761688	0.242864
1.578785	0.241916
1.375664	0.217908
1.177598	0.180949
0.972898	0.134512
0.783045	0.038480
0.574238	-0.039225
0.375224	-0.193678
0.186951	-0.325705
-0.026591	-0.505427
-0.213261	-0.679778
-0.422357	-0.859815
-0.624188	-1.033535
-0.827598	-1.184198
-1.024376	-1.309276
-1.222416	-1.423300
-1.417299	-1.557222
-1.616603	-1.607127
-1.836438	-1.686091
-2.018054	-1.751473
-2.231256	-1.802325
-2.420137	-1.919823
-2.610597	-1.969097
-2.830748	-2.045533
-3.019313	-2.101124
-3.230620	-2.145028
-3.423291	-2.231572
-3.621964	-2.291268
-3.818425	-2.368337
-4.021835	-2.375917
-4.229983	-2.480781
-4.417601	-2.520263
-4.629855	-2.588171
-4.824106	-2.682296
-5.016461	-2.707565
-5.225557	-2.784317
-5.415386	-2.815587
-5.629219	-2.911607
-5.822522	-2.954563
-6.028775	-3.039844
-6.219235	-3.091644
-6.415065	-3.122597
-6.630162	-3.208194
-6.819043	-3.272628
-7.029087	-3.338010
-7.227128	-3.374965
-7.423589	-3.418237
-7.615944	-3.458351
-7.824724	-3.552791
-8.023712	-3.633650
-8.219858	-3.649443
-8.436218	-3.721458
-8.610887	-3.729038
-8.828194	-3.834533
-9.020234	-3.898968
-9.228698	-3.957401
-9.385362	-3.975405
-9.430844	-3.983301
-9.456113	-3.987407
-9.423896	-4.018677
-9.422001	-4.025310
-9.409051	-3.999410
-9.401155	-3.969088
-9.221749	-3.904969
-9.021497	-3.870541
-8.828510	-3.864224
-8.615308	-3.772626
-8.432744	-3.695873
-8.215120	-3.597959
-8.032557	-3.587219
-7.822513	-3.571743
-7.624788	-3.504781
-7.415692	-3.442558
-7.223337	-3.337063
-7.024033	-3.277682
-6.828519	-3.272312
-6.624793	-3.233462
-6.417592	-3.146602
-6.228079	-3.056268
-6.008876	-2.993097
-5.827892	-2.941613
-5.631746	-2.939086
-5.414754	-2.868019
-5.225873	-2.753995
-5.022147	-2.694930
-4.820316	-2.627969
-4.624802	-2.624811
-4.426129	-2.564798
-4.223351	-2.490572
-4.013939	-2.377812
-3.831691	-2.321590
-3.617226	-2.293795
-3.420448	-2.210093
-3.230620	-2.192090
-3.023103	-2.060063
-2.830748	-2.000366
-2.609965	-1.928983
-2.422664	-1.907189
-2.224307	-1.842439
-2.020897	-1.739154
-1.828541	-1.674720
-1.620709	-1.568593
-1.427090	-1.543956
-1.211046	-1.448884
-1.026902	-1.341178
-0.822229	-1.175354
-0.623240	-0.979208
-0.422673	-0.845286
-0.224632	-0.659879
-0.021853	-0.492792
0.191057	-0.300121
0.365431	-0.169673
0.581820	-0.013957
0.770725	0.070069
0.983006	0.134512
1.180125	0.216013
1.382298	0.200850
1.570572	0.232124
1.775587	0.233387
1.991976	0.270663
2.166034	0.272874
2.387476	0.282351
2.573854	0.296566
2.773500	0.255184
2.985466	0.308570
3.171528	0.319627
3.378755	0.329735
3.571451	0.328156
3.783417	0.313309
3.986854	0.326892
4.175759	0.343319
4.382354	0.388176
4.570944	0.344582
4.783541	0.327840
4.978133	0.351216
5.176199	0.351216
5.374581	0.399864
5.570436	0.380279
5.773241	0.370170
5.972887	0.348373
6.183273	0.370170
6.370283	0.392283
6.585723	0.391651
6.779051	0.401128
6.973326	0.348689
7.177711	0.378699
7.372618	0.399232
7.582688	0.429558
7.775700	0.410604
7.977557	0.410289
8.174359	0.384069
8.378112	0.375224
8.578390	0.439351
8.772981	0.411868
8.983999	0.448196
9.165639	0.375540
9.378236	0.377435
9.581673	0.430822
9.769946	0.431769
9.979701	0.439667
9.771210	0.392914
9.582305	0.401759
9.363705	0.407761
9.181434	0.444089
8.976418	0.445037
8.780562	0.388492
8.585024	0.405550
8.372426	0.366063
8.177835	0.405234
7.971555	0.429242
7.784861	0.413763
7.575738	0.375540
7.376093	0.354375
7.188767	0.382490
6.969851	0.384069
6.778419	0.410604
6.577510	0.378699
6.383550	0.363220
6.174112	0.348689
5.978257	0.379015
5.783665	0.393230
5.575806	0.372381
5.378372	0.375224
5.170513	0.325629
4.983819	0.347110
4.769326	0.372065
4.578525	0.367011
4.370982	0.359429
4.174180	0.300357
3.981799	0.319311
3.772361	0.322470
3.580928	0.346794
3.370542	0.332894
3.186059	0.293091
2.970303	0.284246
2.781713	0.268452
2.581436	0.318995
2.369154	0.289617
2.190358	0.275401
1.975233	0.254552
1.781274	0.214118
1.573730	0.238126
1.379455	0.224858
1.175703	0.206536
0.973846	0.118717
0.790626	0.065015
0.567920	-0.054702
0.373329	-0.202838
0.184108	-0.326969
-0.019642	-0.490265
-0.220526	-0.651351
-0.424568	-0.828862
-0.622924	-1.034799
-0.827914	-1.240736
-1.014584	-1.341178
-1.223996	-1.418878
-1.425195	-1.506054
-1.618182	-1.587228
-1.827278	-1.726836
-2.025950	-1.794113
-2.229992	-1.857284
-2.415083	-1.860443
-2.631444	-1.932457
-2.820009	-2.054061
-3.011417	-2.135552
-3.235042	-2.224307
-3.415710	-2.202829
-3.633966	-2.226834
-3.812740	-2.322854
-4.030047	-2.455828
-4.223035	-2.525632
-4.420760	-2.548374
-4.630803	-2.551217
-4.814630	-2.580591
-5.029727	-2.736939
-5.212923	-2.853489
-5.430231	-2.900867
-5.622902	-2.900552
-5.825365	-2.865492
-6.025301	-3.010153
-6.218920	-3.133021
-6.424225	-3.218617
-6.621318	-3.232515
-6.819675	-3.193665
-7.018979	-3.221776
-7.229970	-3.395496
-7.420746	-3.514889
-7.618471	-3.536683
-7.829778	-3.536367
-8.021502	-3.493726
-8.227123	-3.596379
-8.423901	-3.785892
-8.621625	-3.876226
-8.812717	-3.876226
-9.027498	-3.806422
-9.229329	-3.855696
-9.366410	-3.990566
-9.351881	-4.078373
-9.374622	-4.077110
-9.455797	-4.002568
-9.527181	-3.908759
-9.455482	-3.944135
-9.348091	-4.035101
-9.218274	-4.032574
-9.036026	-3.925500
-8.818087	-3.745147
-8.613413	-3.657655
-8.434008	-3.735671
-8.219227	-3.733776
-8.032241	-3.684187
-7.821881	-3.517731
-7.626368	-3.392653
-7.411902	-3.400865
-7.226496	-3.433714
-7.016768	-3.418237
-6.825045	-3.289685
-6.624793	-3.146918
-6.416960	-3.051530
-6.228079	-3.099856
-6.011087	-3.082800
-5.830102	-3.000678
-5.624166	-2.899604
-5.427072	-2.739466
-5.224294	-2.731254
-5.017409	-2.757154
-4.825369	-2.739466
-4.619748	-2.606491
-4.430867	-2.502575
-4.217981	-2.408766
-4.020888	-2.402449
-3.832639	-2.427086
-3.611856	-2.324749
-3.432135	-2.213252
-3.216406	-2.076487
-3.029104	-2.065432
-2.815587	-2.049324
-2.627969	-1.992470
-2.416031	-1.911295
-2.216095	-1.766950
-2.027530	-1.706621
-1.819381	-1.695567
-1.621972	-1.642819
-1.423300	-1.569856
-1.218310	-1.427090
-1.021533	-1.277691
-0.825387	-1.158614
-0.628610	-1.060067
-0.415724	-0.874029
-0.227475	-0.675356
-0.022801	-0.488370
0.186635	-0.302964
0.374277	-0.184518
0.585610	-0.031645
0.775779	0.065963
0.990588	0.143357
1.168121	0.167997
1.387036	0.209063
1.570256	0.260870
1.777799	0.245391
1.973022	0.290564
2.169825	0.239073
2.383054	0.268768
2.572275	0.282351
2.783609	0.303832
2.975041	0.330999
3.178162	0.298146
3.375281	0.304780
3.577137	0.297514
3.786576	0.369222
3.971375	0.347741
4.183341	0.357534
4.376984	0.346162
4.568732	0.306675
4.786068	0.363852
4.972763	0.380594
5.183148	0.406182
5.365104	0.358798
5.588442	0.334474
5.773557	0.339844
5.980468	0.375224
6.181061	0.422608
6.370283	0.394810
6.583196	0.363852
6.772733	0.353112
6.977433	0.388492
7.175499	0.425136
7.389992	0.434297
7.571316	0.400496
7.778227	0.369854
7.983243	0.398600
8.168989	0.420713
8.381587	0.445037
8.574599	0.424188
8.785933	0.392914
8.977050	0.378067
9.169114	0.399864
9.375710	0.457357
9.569036	0.429874
9.784793	0.411552
9.967065	0.389439
9.781950	0.383122
9.572512	0.451671
9.369707	0.447564
9.181749	0.444089
8.977050	0.372381
8.782142	0.372065
8.576179	0.413132
8.369899	0.435876
8.175940	0.439351
7.981032	0.385017
7.779175	0.367327
7.571000	0.350900
7.384622	0.418186
7.181185	0.419450
6.974274	0.386281
6.776524	0.365116
6.578457	0.342371
6.379128	0.381542
6.180429	0.394494
5.988997	0.407130
5.770713	0.360061
5.579281	0.336685
5.374897	0.367643
5.171461	0.376172
4.980660	0.401759
4.774064	0.364168
4.575998	0.334158
4.376984	0.295619
4.181445	0.351216
3.972322	0.355323
3.776467	0.330367
3.587562	0.338264
3.370858	0.273822
3.187639	0.297198
2.965249	0.311729
2.793086	0.322470
2.573854	0.306043
2.376420	0.258975
2.182776	0.254868
1.967968	0.250762
1.784117	0.275717
1.566149	0.242548
1.384825	0.211275
1.170648	0.173683
0.982059	0.102607
0.778938	0.067542
0.571079	-0.060703
0.370802	-0.195889
0.178737	-0.338024
-0.017431	-0.481106
-0.230001	-0.710100
-0.416671	-0.895191
-0.630189	-1.070806
-0.827914	-1.210414
-1.015216	-1.278954
-1.225575	-1.441935
-1.420141	-1.558486
-1.623868	-1.655453
-1.818118	-1.697462
-2.027845	-1.727784
-2.220201	-1.798219
-2.422348	-1.896450
-2.628285	-2.037321
-2.814955	-2.070802
-3.029104	-2.080593
-3.227145	-2.109968
-3.422659	-2.185773
-3.616910	-2.338646
-3.820004	-2.395184
-4.026258	-2.442247
-4.217665	-2.416031
-4.434973	-2.476675
-4.623538	-2.627337
-4.819368	-2.707565
-5.027832	-2.797583
-5.215765	-2.734096
-5.431494	-2.767893
-5.614374	-2.868335
-5.825996	-3.035106
-6.016773	-3.108384
-6.222394	-3.108384
-6.425804	-3.085326
-6.620055	-3.107752
-6.830414	-3.298528
-7.023085	-3.385072
-7.231549	-3.444769
-7.416640	-3.404971
-7.625420	-3.370859
-7.823777	-3.514889
-8.022449	-3.678501
-8.226807	-3.764098
-8.423901	-3.735039
-8.621942	-3.712614
-8.813349	-3.720194
-9.027814	-3.933712
-9.219853	-4.056263
-9.333878	-4.058790
-9.444742	-3.982985
-9.521495	-3.900547
-9.475696	-3.964034
-9.371148	-4.057527
-9.356935	-4.074583
-9.363252	-4.015203
-9.226171	-3.829480
-9.033184	-3.802001
-8.811769	-3.840219
-8.625416	-3.859170
-8.421373	-3.800421
-8.224912	-3.615646
-8.022133	-3.496569
-7.824724	-3.506992
-7.614997	-3.580586
-7.419483	-3.504466
-7.233129	-3.385072
-7.018979	-3.241990
-6.828203	-3.172818
-6.631426	-3.232199
-6.419803	-3.211037
-6.222078	-3.125756
-6.017405	-2.984885
-5.827576	-2.865808
-5.618480	-2.872125
-5.425493	-2.900867
-5.212923	-2.856016
-5.020252	-2.717988
-4.821579	-2.609334
-4.621327	-2.500364
-4.429288	-2.570168
-4.217349	-2.540162
-4.026258	-2.453617
-3.818425	-2.321590
-3.618489	-2.216095
-3.424554	-2.216727
-3.225566	-2.191142
-3.029420	-2.159241
-2.813376	-2.021213
-2.632391	-1.914770
-2.419821	-1.856652
-2.223359	-1.821277
-2.031636	-1.786217
-1.818118	-1.703463
-1.627974	-1.597967
-1.409086	-1.476995
-1.225259	-1.444778
-1.013952	-1.355707
-0.829493	-1.213572
-0.625767	-1.052802
-0.416987	-0.787169
-0.225579	-0.654510
-0.021853	-0.498478
0.181896	-0.319704
0.379015	-0.170621
0.569816	-0.035435
0.780834	0.070701
0.977952	0.135460
1.171280	0.192637
1.387036	0.244128
1.569940	0.242548
1.782221	0.229281
1.973022	0.240021
2.185935	0.263397
2.375788	0.309518
2.585543	0.286774
2.781713	0.304148
2.964617	0.264661
3.181637	0.303200
3.370542	0.352480
3.591669	0.338264
3.775520	0.350900
3.975165	0.303832
4.180813	0.329104
4.376668	0.348689
4.574103	0.373961
4.781646	0.377435
4.978448	0.344267
5.179358	0.352480
5.372685	0.343635
5.581492	0.417870
5.768502	0.391335
5.983627	0.367959
6.177270	0.361641
6.384182	0.346794
6.581301	0.401759
6.773681	0.409973
6.974906	0.412816
7.178974	0.365431
7.385570	0.361009
7.570052	0.392914
7.781386	0.431454
7.974398	0.445669
8.169306	0.400496
8.379692	0.373961
8.580601	0.372697
8.778983	0.438719
8.969784	0.444721
9.184277	0.454198
9.367496	0.398600
9.569353	0.351532
9.786373	0.427663
9.967381	0.439035
9.787637	0.444721
9.566194	0.427347
9.375393	0.388492
9.171325	0.394810
8.978629	0.424188
8.781826	0.458621
8.566702	0.416606
8.383799	0.396389
8.165831	0.369538
7.982927	0.399864
7.772541	0.441878
7.580793	0.399232
7.382411	0.402707
7.170761	0.346162
6.976485	0.366379
6.776840	0.402391
6.587618	0.414395
6.381971	0.400496
6.182641	0.355639
5.978889	0.351532
5.768502	0.364484
5.580229	0.402391
5.377740	0.394494
5.175883	0.362588
4.976553	0.325945
4.780698	0.354691
4.569364	0.360693
4.379511	0.382174
4.177654	0.370802
3.971059	0.291196
3.789419	0.294987
3.576506	0.332578
3.375912	0.325313
3.176267	0.332262
2.972514	0.290880
2.781398	0.277297
2.576066	0.260238
2.387476	0.302252
2.169825	0.294355
1.974601	0.252025
1.784433	0.250762
1.562042	0.198323
1.383246	0.225490
1.170016	0.193585
0.977952	0.146200
0.777991	0.046377
0.579924	-0.069547
0.374277	-0.189572
0.176210	-0.368661
-0.010482	-0.530695
-0.227790	-0.724314
-0.414776	-0.848129
-0.625135	-1.033219
-0.824124	-1.225259
-1.019322	-1.387292
-1.226522	-1.481733
-1.422352	-1.516793
-1.626710	-1.574594
-1.818750	-1.672193
-2.029425	-1.811801
-2.218937	-1.866444
-2.429612	-1.912243
-2.619757	-1.939090
-2.820956	-1.976993
-3.028473	-2.127971
-3.210089	-2.222412
-3.434662	-2.266948
-3.614067	-2.248628
-3.834218	-2.290637
-4.016150	-2.404660
-4.223982	-2.500364
-4.428972	-2.626074
-4.617537	-2.601437
-4.825054	-2.582802
-5.022779	-2.675979
-5.224294	-2.803268
-5.420439	-2.902131
-5.628587	-2.947930
-5.821259	-2.938454
-6.013930	-2.931821
-6.233133	-3.080904
-6.421382	-3.223671
-6.624477	-3.256204
-6.825992	-3.275787
-7.023717	-3.227461
-7.230917	-3.316848
-7.421062	-3.465931
-7.623525	-3.569847
-7.821250	-3.584693
-8.027187	-3.552791
-8.223648	-3.568900
-8.425163	-3.692715
-8.621625	-3.872752
-8.819350	-3.905917
-9.030657	-3.903706
-9.210694	-3.851274
-9.411262	-3.926763
-9.373359	-4.039523
-9.356935	-4.087217
-9.409682	-4.051210
-9.476012	-3.961191
-9.498754	-3.909391
-9.379045	-3.970035
-9.233120	-4.030679
-9.018655	-3.971614
-8.820930	-3.803896
-8.625731	-3.684819
-8.420742	-3.657339
-8.231861	-3.720194
-8.019607	-3.661761
-7.831041	-3.590062
-7.613418	-3.434346
-7.422957	-3.332325
-7.231234	-3.394548
-7.016137	-3.367701
-6.830730	-3.315269
-6.619739	-3.190822
-6.426436	-3.062585
-6.219235	-3.041739
-6.013930	-3.070797
-5.824733	-3.028473
-5.624166	-2.910975
-5.424230	-2.787160
-5.220188	-2.698089
-5.025937	-2.711355
-4.807682	-2.728411
-4.633646	-2.633023
-4.423918	-2.520579
-4.228088	-2.402765
-4.022783	-2.399922
-3.806107	-2.383814
-3.630491	-2.323485
-3.420764	-2.238520
-3.232199	-2.104914
-3.017734	-2.043006
-2.822851	-2.026898
-2.627022	-2.008262
-2.409082	-1.907189
-2.232519	-1.807063
-2.013948	-1.712939
-1.828541	-1.667455
-1.619130	-1.656401
-1.417299	-1.548378
-1.223364	-1.457412
-1.013952	-1.265373
-0.833284	-1.169037
-0.621029	-1.047749
-0.425515	-0.880662
-0.223368	-0.704731
-0.021221	-0.482685
0.186951	-0.320020
0.371749	-0.168094
0.573922	-0.052491
0.783045	0.084285
0.971002	0.146200
1.180441	0.183476
1.383246	0.216961
1.570572	0.237494
1.770849	0.272242
1.973654	0.272242
2.179302	0.276033
2.369786	0.246339
2.587754	0.282351
2.777607	0.326576
2.971566	0.298146
3.186059	0.327840
3.369278	0.284878
3.583456	0.312677
3.771729	0.337317
3.985274	0.365116
4.176391	0.360693
4.377616	0.327208
4.581684	0.344267
4.767115	0.348057
4.988241	0.391019
5.165143	0.385017
5.378372	0.362273
5.572963	0.348689
5.773241	0.346794
5.983311	0.401128
6.176639	0.401759
6.383234	0.399232
6.585091	0.361325
6.786633	0.362588
6.966692	0.395126
7.179606	0.409341
7.380515	0.425767
7.573527	0.384701
7.783597	0.382490
7.974082	0.387228
8.178150	0.420397
8.371162	0.449460
8.581864	0.411236
8.781195	0.384701
8.980208	0.374592
9.177011	0.430822
9.364653	0.427347
9.583252	0.424188
9.775632	0.417554
9.983808	0.375224
9.775949	0.407446
9.574408	0.424504
9.374446	0.456725
9.169745	0.399864
8.992845	0.407761
8.770138	0.403971
8.575231	0.391651
8.379060	0.452934
8.169306	0.401128
7.982612	0.393546
7.771594	0.373645
7.584268	0.390071
7.369459	0.408709
7.182449	0.394494
6.979644	0.397337
6.767994	0.346162
6.588250	0.394178
6.374389	0.381542
6.191170	0.411236
5.970675	0.385333
5.775452	0.359745
5.579597	0.355323
5.375529	0.354691
5.180621	0.389755
4.973078	0.363220
4.781330	0.366063
4.565889	0.324049
4.380143	0.356271
4.170389	0.350900
3.976429	0.336369
3.782154	0.361325
3.574610	0.298462
3.382230	0.299409
3.172160	0.299725
2.981991	0.328472
2.770657	0.302884
2.587438	0.268136
2.379579	0.293091
2.168245	0.264661
1.979340	0.271611
1.770533	0.270663
1.578153	0.218224
1.386721	0.207168
1.179809	0.178737
0.973846	0.158836
0.773884	0.051116
0.580556	-0.041436
0.368275	-0.186413
0.182528	-0.345288
-0.019010	-0.496898
-0.228738	-0.710416
-0.422041	-0.882873
-0.626083	-1.047433
-0.825071	-1.185777
-1.023428	-1.328228
-1.213257	-1.442883
-1.427090	-1.558486
-1.621657	-1.618498
-1.825383	-1.665876
-2.030688	-1.756211
-2.224939	-1.823172
-2.424559	-1.914138
-2.618178	-1.994365
-2.829484	-2.014580
-3.019629	-2.091648
-3.219249	-2.157662
-3.428344	-2.257788
-3.620384	-2.298849
-3.826953	-2.386024
-4.012991	-2.376549
-4.238196	-2.466883
-4.424866	-2.559113
-4.621643	-2.616598
-4.827264	-2.690192
-5.016777	-2.700616
-5.225241	-2.782422
-5.415386	-2.812112
-5.638379	-2.934980
-5.816205	-2.998151
-6.020879	-3.009206
-6.231238	-3.080273
-6.416329	-3.131125
-6.628583	-3.215143
-6.821254	-3.286842
-7.031613	-3.326008
-7.217968	-3.353487
-7.425168	-3.415710
-7.615629	-3.511730
-7.821250	-3.555634
-8.031293	-3.642494
-8.219543	-3.654496
-8.430218	-3.700927
-8.616887	-3.783997
-8.828826	-3.847484
-9.021497	-3.924236
-9.227118	-3.948873
-9.393889	-3.970035
-9.413157	-3.995935
-9.429582	-4.016466
-9.417579	-4.029732
-9.422948	-4.022467
-9.429582	-3.982353
-9.381255	-3.976352
-9.228066	-3.971299
-9.018023	-3.879069
-8.830405	-3.841798
-8.616256	-3.765046
-8.423901	-3.691136
-8.220490	-3.681976
-8.025924	-3.601117
-7.827567	-3.586272
-7.614049	-3.481724
-7.431485	-3.410341
-7.224285	-3.373386
-7.028455	-3.318743
-6.828835	-3.282420
-6.621318	-3.209141
-6.424541	-3.128599
-6.223658	-3.058479
-6.019300	-3.035422
-5.821259	-2.962143
-5.622902	-2.914765
-5.423282	-2.853489
-5.218292	-2.730306
-5.023094	-2.723989
-4.818105	-2.666188
-4.627960	-2.601753
-4.420760	-2.539530
-4.229352	-2.475411
-4.012991	-2.409082
-3.821268	-2.342437
-3.628912	-2.312746
-3.417606	-2.218306
-3.236621	-2.174086
-3.019313	-2.074908
-2.828853	-2.041111
-2.617546	-1.973834
-2.425506	-1.895818
-2.222412	-1.838964
-2.017107	-1.733785
-1.832963	-1.683248
-1.612181	-1.612813
-1.433407	-1.542061
-1.213257	-1.436250
-1.016163	-1.315909
-0.829493	-1.188620
-0.617555	-1.019322
-0.432148	-0.857288
-0.219262	-0.655773
-0.024064	-0.480474
0.186319	-0.311808
0.366379	-0.168094
0.575502	-0.037014
0.780834	0.095025
0.969739	0.123772
1.176966	0.184424
1.377560	0.226122
1.584155	0.237494
1.772429	0.248550
1.976813	0.259291
2.166666	0.269399
2.378631	0.258343
2.584595	0.308886
2.768762	0.293723
2.979464	0.297198
3.175319	0.320890
3.378439	0.304148
3.571136	0.331631
3.779626	0.336053
3.980852	0.359114
4.170073	0.324681
4.384565	0.358482
4.575366	0.344898
4.773748	0.343003
4.984450	0.390071
5.168302	0.347425
5.380267	0.372381
5.572647	0.349637
5.789351	0.363220
5.974150	0.391967
6.181377	0.373013
6.382602	0.386596
6.574035	0.362588
6.782210	0.387228
6.967324	0.391019
7.184344	0.417554
7.376093	0.395126
7.579213	0.384069
7.787072	0.389755
7.973451	0.397653
8.176571	0.427031
8.372426	0.401128
8.583128	0.408393
8.770454	0.382806
8.996634	0.404918
9.171009	0.423872
9.376972	0.420081
9.579778	0.421029
9.771525	0.403655
9.977805	0.408393
9.770578	0.409657
9.585148	0.440930
9.362758	0.431138
9.179538	0.392283
8.981472	0.417238
8.771717	0.384069
8.583444	0.443142
8.370531	0.432085
8.174044	0.393546
7.970923	0.413132
7.782650	0.393546
7.577950	0.404287
7.376093	0.394178
7.183397	0.401759
6.971747	0.367011
6.776840	0.350584
6.580353	0.411236
6.373757	0.383753
6.179482	0.403655
5.974150	0.368906
5.774504	0.370170
5.572331	0.348057
5.379004	0.374908
5.172724	0.389124
4.977817	0.355639
4.777223	0.350269
4.574419	0.315204
4.379195	0.340160
4.177654	0.337949
3.982747	0.352480
3.783101	0.319943
3.579349	0.296882
3.379071	0.319627
3.186691	0.292776
2.977569	0.336053
2.776343	0.282035
2.589965	0.309518
2.366627	0.268452
2.176458	0.265293
1.980603	0.287405
1.770533	0.244444
1.578469	0.240337
1.375348	0.184424
1.182336	0.185055
0.977320	0.125667
0.783993	0.059329
0.575818	-0.011746
0.369854	-0.211682
0.188846	-0.328232
-0.029434	-0.505111
-0.220526	-0.694939
-0.428042	-0.880346
-0.621977	-1.029113
-0.833284	-1.145664
-1.014900	-1.328544
-1.216731	-1.452990
-1.427406	-1.588808
-1.617235	-1.632080
-1.823172	-1.669035
-2.018370	-1.735048
-2.229992	-1.837385
-2.421400	-1.938143
-2.622284	-1.976045
-2.823167	-2.036058
-3.017734	-2.042059
-3.232831	-2.153872
-3.421712	-2.266948
-3.625754	-2.338646
-3.816214	-2.380971
-4.027836	-2.352544
-4.229352	-2.438772
-4.417601	-2.534476
-4.623538	-2.657660
-4.818420	-2.713250
-5.024042	-2.697457
-5.222083	-2.731885
-5.427072	-2.771999
-5.626377	-2.970987
-5.821575	-3.019313
-6.026880	-3.057215
-6.220815	-3.044581
-6.418856	-3.054373
-6.622898	-3.217038
-6.824413	-3.327587
-7.021506	-3.399602
-7.224600	-3.347486
-7.426116	-3.355066
-7.614681	-3.439399
-7.826935	-3.579955
-8.022765	-3.706928
-8.219543	-3.688293
-8.430533	-3.661445
-8.616571	-3.687345
-8.826931	-3.839587
-9.021497	-3.970351
-9.228698	-4.033522
-9.374938	-3.994672
-9.481066	-3.927079
-9.473801	-3.953611
-9.397996	-4.042366
-9.364515	-4.084691
-9.380939	-4.036365
-9.412210	-3.939397
-9.220486	-3.839271
-9.025603	-3.880964
-8.822509	-3.924552
-8.615940	-3.817793
-8.435903	-3.723984
-8.211015	-3.573954
-8.036663	-3.548685
-7.809563	-3.601117
-7.626999	-3.569532
-7.418220	-3.487725
-7.219863	-3.308952
-7.029402	-3.231251
-6.818411	-3.253993
-6.628583	-3.266627
-6.413170	-3.209457
-6.218920	-3.067955
-6.018352	-2.946035
-5.821259	-2.887918
-5.635536	-2.948246
-5.419176	-2.895814
-5.225241	-2.794740
-5.012039	-2.684507
-4.821579	-2.572379
-4.618484	-2.596068
-4.424234	-2.590383
-4.222087	-2.551217
-4.011412	-2.394553
-3.827269	-2.294427
-3.619437	-2.255261
-3.425818	-2.246417
-3.227145	-2.219253
-3.026893	-2.090701
-2.821904	-2.006683
-2.621652	-1.893923
-2.420137	-1.902767
-2.217674	-1.857600
-2.032899	-1.764423
-1.826330	-1.701884
-1.620709	-1.550589
-1.423932	-1.520267
-1.214836	-1.432775
-1.028482	-1.372447
-0.818438	-1.193674
-0.626715	-0.989000
-0.422357	-0.821281
-0.222737	-0.657353
-0.029434	-0.503216
0.191373	-0.311808
0.369854	-0.187045
0.582451	-0.035751
0.772620	0.062172
0.983006	0.122192
1.178230	0.215065
1.378823	0.239073
1.576258	0.236862
1.779062	0.217593
1.978392	0.273506
2.168877	0.273506
2.385265	0.312993
2.581436	0.292776
2.774764	0.250130
2.979148	0.287405
3.172792	0.312677
3.378124	0.340792
3.575242	0.336369
3.783733	0.321522
3.968532	0.308254
4.174811	0.323102
4.381722	0.392914
4.560835	0.365747
4.788596	0.364168
4.972131	0.356902
5.178410	0.332894
5.373002	0.384385
5.574227	0.388492
5.777663	0.404287
5.968780	0.347425
6.185800	0.343319
6.375337	0.377120
6.584775	0.381226
6.775892	0.433033
6.974274	0.380279
7.187187	0.391019
7.369775	0.358798
7.582688	0.413448
7.777911	0.439983
7.982927	0.414395
8.172780	0.400812
8.376217	0.356271
8.577127	0.412184
8.774561	0.421661
8.981788	0.454514
9.169745	0.411236
9.378552	0.375224
9.576934	0.387860
9.778476	0.425136
9.980332	0.457673
9.771210	0.433981
9.577882	0.428295
9.367812	0.355639
9.191543	0.412184
8.973259	0.448828
8.774244	0.419450
8.584076	0.425767
8.371795	0.367327
8.178467	0.399548
7.967448	0.407130
7.783282	0.441562
7.575423	0.410289
7.377357	0.367011
7.178974	0.383437
6.965113	0.363536
6.784105	0.407761
6.576246	0.415027
6.388288	0.377435
6.176323	0.351848
5.981416	0.346794
5.776400	0.391651
5.575806	0.407446
5.378372	0.396389
5.172724	0.354059
4.979712	0.327208
4.770589	0.351216
4.584527	0.367643
4.371614	0.378383
4.181129	0.323102
3.982747	0.311413
3.775836	0.291512
3.580928	0.329735
3.370226	0.340160
3.185743	0.317731
2.967460	0.296882
2.783293	0.258975
2.580488	0.300357
2.369470	0.282667
2.183092	0.294355
1.967336	0.282667
1.781274	0.212854
1.571203	0.235599
1.381034	0.214434
1.173491	0.225490
0.978584	0.119349
0.785888	0.066279
0.565709	-0.067652
0.377120	-0.192415
0.181896	-0.340235
-0.020274	-0.551225
-0.217051	-0.701256
-0.426779	-0.867396
-0.622924	-1.025007
-0.828230	-1.248316
-1.019006	-1.387608
-1.224627	-1.463098
-1.427090	-1.549010
-1.619130	-1.563539
-1.819381	-1.707569
-2.020265	-1.799798
-2.231888	-1.878130
-2.417610	-1.910348
-2.622284	-1.929299
-2.820009	-2.000366
-3.020892	-2.129235
-3.229988	-2.242627
-3.420764	-2.243258
-3.628912	-2.273264
-3.816530	-2.274212
-4.030364	-2.413504
-4.220192	-2.522474
-4.425813	-2.586592
-4.626381	-2.615967
-4.816209	-2.570484
-5.031622	-2.681349
-5.216082	-2.817482
-5.425493	-2.928663
-5.615005	-2.941297
-5.832630	-2.915397
-6.026564	-2.966881
-6.214182	-3.067639
-6.430226	-3.211353
-6.619423	-3.284315
-6.826940	-3.278314
-7.016768	-3.229988
-7.232181	-3.311794
-7.417903	-3.491831
-7.619103	-3.564794
-7.832621	-3.607118
-8.012026	-3.564794
-8.229965	-3.541736
-8.423268	-3.725248
-8.620678	-3.872120
-8.824719	-3.928658
-9.025919	-3.892651
-9.227118	-3.850010
-9.407156	-3.914445
-9.377781	-4.039523
-9.349038	-4.091955
-9.398943	-4.058475
-9.485171	-3.958980
-9.499701	-3.898652
-9.380939	-3.976036
-9.221117	-4.034153
-9.031605	-3.973510
-8.815244	-3.824110
-8.625731	-3.656392
-8.424848	-3.659550
-8.221753	-3.691136
-8.032241	-3.718299
-7.818407	-3.573006
-7.632053	-3.442874
-7.416956	-3.327587
-7.226811	-3.356961
-7.021506	-3.421396
-6.825045	-3.319375
-6.624793	-3.214511
-6.415065	-3.037948
-6.226816	-3.039844
-6.005086	-3.064796
-5.835788	-3.034790
-5.628272	-2.933716
-5.418860	-2.787160
-5.218924	-2.707249
-5.018988	-2.716093
-4.823158	-2.727779
-4.623222	-2.650711
-4.428972	-2.542057
-4.216086	-2.389183
-4.029100	-2.370548
-3.826953	-2.405923
-3.614383	-2.336751
-3.431187	-2.259683
-3.225566	-2.092911
-3.028473	-2.042375
-2.817482	-2.022792
-2.629548	-2.006683
-2.421084	-1.936879
-2.222728	-1.798851
-2.033847	-1.721467
-1.815591	-1.660191
-1.632080	-1.617866
-1.416667	-1.581227
-1.220205	-1.446989
-1.023428	-1.317173
-0.820649	-1.142189
-0.626083	-1.061331
-0.417935	-0.887611
-0.226527	-0.700309
-0.019958	-0.506374
0.179685	-0.309597
0.375856	-0.193994
0.579924	-0.015852
0.768830	0.062804
0.982375	0.166733
1.173175	0.185055
1.379139	0.211591
1.572151	0.243812
1.774640	0.260554
1.974285	0.287405
2.184356	0.246971
2.380527	0.261502
2.571012	0.267820
2.783925	0.302568
2.971566	0.344582
3.178162	0.321206
3.379071	0.300673
3.578085	0.287405
3.779310	0.343635
3.973270	0.373329
4.185236	0.375856
4.368771	0.354375
4.575366	0.300673
4.783225	0.361641
4.971183	0.363852
5.183780	0.412500
5.367000	0.380279
5.581492	0.353427
5.777663	0.327840
5.982679	0.375224
6.180429	0.421029
6.372810	0.379015
6.594884	0.382490
6.767994	0.348057
6.982487	0.371118
7.170761	0.414711
7.380515	0.444089
7.576370	0.417870
7.777911	0.384385
7.974398	0.377435
8.168358	0.413763
8.386009	0.456725
8.567649	0.435244
8.785933	0.404918
8.974838	0.385965
9.171009	0.384385
9.385502	0.435876
9.574408	0.443458
9.781003	0.433033
9.974014	0.380279
9.781319	0.384701
9.566194	0.421977
9.386450	0.442194
9.175431	0.453882
8.972627	0.382490
8.784038	0.381858
8.575863	0.392598
8.378428	0.421661
8.170253	0.438719
7.982296	0.403655
7.776964	0.381858
7.578581	0.347741
7.380831	0.414079
7.173604	0.410604
6.978381	0.388176
6.779051	0.387860
6.580353	0.326576
6.384498	0.378383
6.185800	0.390387
5.977309	0.414711
5.781770	0.368906
5.582756	0.336369
5.373633	0.342055
5.176199	0.356902
4.982871	0.394178
4.769010	0.369538
4.579789	0.348373
4.373825	0.302884
4.177022	0.326576
3.976745	0.354375
3.784681	0.335737
3.573979	0.336053
3.376860	0.276665
3.185743	0.296566
2.974410	0.286142
2.785820	0.339212
2.571643	0.301621
2.381474	0.265924
2.172352	0.264029
1.973338	0.244760
1.775903	0.270979
1.567097	0.237494
1.387984	0.231492
1.164646	0.159152
0.987429	0.127878
0.769777	0.068490
0.570763	-0.075233
0.383753	-0.196205
0.173683	-0.337708
-0.017747	-0.518377
-0.228106	-0.704099
-0.419830	-0.894559
-0.631137	-1.088810
-0.816227	-1.227154
-1.019006	-1.292536
-1.229681	-1.432460
-1.417299	-1.577121
-1.624183	-1.652610
-1.824119	-1.728415
-2.025319	-1.739786
-2.228413	-1.790323
-2.422664	-1.903083
-2.625758	-2.024055
-2.818745	-2.070170
-3.030052	-2.114390
-3.223355	-2.125445
-3.430240	-2.178508
-3.620384	-2.339278
-3.823795	-2.402133
-4.024046	-2.461198
-4.217033	-2.416347
-4.428656	-2.474464
-4.624802	-2.607754
-4.829475	-2.710407
-5.019620	-2.793793
-5.220819	-2.763155
-5.419176	-2.794740
-5.619743	-2.844330
-5.836736	-3.018049
-6.016457	-3.112490
-6.218604	-3.112806
-6.430858	-3.106489
-6.619739	-3.117228
-6.826624	-3.285578
-7.020558	-3.395812
-7.232497	-3.455508
-7.411902	-3.402445
-7.627631	-3.399602
-7.818091	-3.527523
-8.018027	-3.657971
-8.229965	-3.763466
-8.423268	-3.732828
-8.622573	-3.708823
-8.808295	-3.749253
-9.028446	-3.927711
-9.216379	-4.042997
-9.332930	-4.061317
-9.431477	-3.992777
-9.503807	-3.924868
-9.477592	-3.972562
-9.371148	-4.058158
-9.358198	-4.074267
-9.365147	-4.008885
-9.229646	-3.862961
-9.018655	-3.800421
-8.817455	-3.843378
-8.626678	-3.878753
-8.416320	-3.773574
-8.236282	-3.623543
-8.016764	-3.515205
-7.831357	-3.511414
-7.620998	-3.576164
-7.412534	-3.486462
-7.231865	-3.397707
-7.019295	-3.221776
-6.829151	-3.197455
-6.614686	-3.237253
-6.424225	-3.214827
-6.221762	-3.139653
-6.018984	-2.975409
-5.833261	-2.903394
-5.618164	-2.886654
-5.417597	-2.892971
-5.228715	-2.839592
-5.022462	-2.718303
-4.818105	-2.603017
-4.630487	-2.545215
-4.418549	-2.578064
-4.221771	-2.521526
-4.031627	-2.450459
-3.816214	-2.337067
-3.621016	-2.227466
-3.430556	-2.228097
-3.218933	-2.199039
-3.021840	-2.143132
-2.825063	-2.018370
-2.627969	-1.923298
-2.413188	-1.854125
-2.233151	-1.847177
-2.025003	-1.816855
-1.818750	-1.686407
-1.629553	-1.608391
-1.421089	-1.497210
-1.219258	-1.463413
-1.013952	-1.352548
-0.832020	-1.229997
-0.620082	-1.022165
-0.422673	-0.818123
-0.225579	-0.684516
-0.010798	-0.500689
0.173683	-0.344025
0.388176	-0.174095
0.569184	-0.052807
0.787783	0.039428
0.979216	0.152202
1.187707	0.194216
1.381666	0.241285
1.566149	0.231808
1.781590	0.233387
1.967336	0.251709
2.180565	0.290248
2.370418	0.297198
2.576698	0.284878
2.786768	0.276665
2.972514	0.281087
3.178794	0.315204
3.373385	0.338896
3.582192	0.345846
3.771413	0.320258
3.985590	0.317415
4.171021	0.348689
4.365928	0.358166
4.583895	0.384701
4.776591	0.366695
4.981923	0.328472
5.177146	0.351848
5.375213	0.377751
5.571068	0.408709
5.776084	0.369538
5.987102	0.394494
6.166846	0.347425
6.382918	0.357534
6.583196	0.424504
6.771785	0.395757
6.977749	0.415343
7.169497	0.364800
7.378936	0.383437
7.574159	0.405550
7.784229	0.427979
7.972503	0.428926
8.172149	0.377435
8.380008	0.403023
8.573019	0.381542
8.783090	0.443458
8.975786	0.435876
9.172273	0.412184
9.374762	0.399232
9.577882	0.389124
9.775949	0.435876
9.974647	0.436508
9.774053	0.442194
9.570932	0.375224
9.381080	0.404918
9.164691	0.427979
8.982420	0.415027
8.789723	0.442826
8.573019	0.393546
8.380956	0.396073
8.170569	0.385649
7.979768	0.429558
7.773173	0.409973
7.584268	0.409341
7.375145	0.389124
7.171392	0.349321
6.982487	0.421345
6.769890	0.408709
6.582564	0.397021
6.374389	0.374277
6.182641	0.358166
5.971307	0.371118
5.777663	0.381542
5.586231	0.414395
5.362577	0.357534
5.184096	0.344898
4.970867	0.356271
4.777855	0.354375
4.574735	0.379015
4.374141	0.339528
4.179550	0.327840
3.978956	0.312361
3.782470	0.323417
3.570820	0.330683
3.379071	0.339844
3.175951	0.312045
2.976621	0.280456
2.786136	0.298146
2.574486	0.276981
2.381474	0.320258
2.172984	0.270979
1.976813	0.252657
1.769901	0.247918
1.576258	0.241916
1.375980	0.233703
1.176334	0.191373
0.981427	0.144621
0.765671	0.029319
0.583715	-0.067336
0.370802	-0.186729
0.176842	-0.356027
-0.020274	-0.517113
-0.229370	-0.705047
-0.422041	-0.867396
-0.631137	-1.080282
-0.816227	-1.227470
-1.029113	-1.358234
-1.223680	-1.463729
-1.419825	-1.525005
-1.630500	-1.621341
-1.817802	-1.713886
-2.029741	-1.797588
-2.227466	-1.833911
-2.418558	-1.901819
-2.617862	-1.960884
-2.826326	-2.050271
-3.025314	-2.137763
-3.217038	-2.171875
-3.432767	-2.230624
-3.609013	-2.286846
-3.826637	-2.363599
-4.021835	-2.434034
-4.226193	-2.506049
-4.423286	-2.538266
-4.617853	-2.560692
-4.831055	-2.674084
-5.014250	-2.733780
-5.233138	-2.825694
-5.419807	-2.850015
-5.628903	-2.884759
-5.826944	-2.979199
-6.017405	-3.030368
-6.228711	-3.127335
-6.415381	-3.168080
-6.624161	-3.191454
-6.814621	-3.247992
-7.032561	-3.322217
-7.225864	-3.410973
-7.417903	-3.440031
-7.627947	-3.507308
-7.819355	-3.539526
-8.026871	-3.598906
-8.227123	-3.678817
-8.429901	-3.735987
-8.621309	-3.795999
-8.820614	-3.806107
-9.020234	-3.880964
-9.224908	-3.939081
-9.367042	-4.017097
-9.390100	-4.031311
-9.445374	-3.994356
-9.462430	-3.987407
-9.425791	-4.012360
-9.407156	-4.013939
-9.369569	-4.006990
-9.226803	-3.955190
-9.014864	-3.846220
-8.827562	-3.829480
-8.621942	-3.803896
-8.423268	-3.717983
-8.233124	-3.694610
-8.019922	-3.551528
-7.831357	-3.561003
-7.608995	-3.512678
-7.426116	-3.452665
-7.225548	-3.410341
-7.024033	-3.296949
-6.830414	-3.259678
-6.611211	-3.202824
-6.428647	-3.171239
-6.214182	-3.087853
-6.029091	-3.032895
-5.826313	-2.952668
-5.621954	-2.891392
-5.426441	-2.851594
-5.223978	-2.784317
-5.027200	-2.724936
-4.817157	-2.633023
-4.628592	-2.605228
-4.419812	-2.544584
-4.229983	-2.475096
-4.025310	-2.436245
-3.808634	-2.351280
-3.624806	-2.285267
-3.426450	-2.231572
-3.223355	-2.181667
-3.015523	-2.086910
-2.829484	-2.043638
-2.609018	-1.956462
-2.421716	-1.874024
-2.235362	-1.850967
-2.018370	-1.761580
-1.825067	-1.698725
-1.621025	-1.617235
-1.421721	-1.520899
-1.220521	-1.455833
-1.022480	-1.337387
-0.826019	-1.215468
-0.616607	-1.024376
-0.431832	-0.852867
-0.218946	-0.685148
-0.017747	-0.462786
0.183160	-0.334233
0.375856	-0.157355
0.573922	-0.051859
0.783045	0.067226
0.973214	0.134828
1.181073	0.197691
1.379139	0.229281
1.568360	0.223595
1.778115	0.256132
1.975549	0.242864
2.179302	0.290248
2.374525	0.271611
2.578909	0.279508
2.781398	0.293091
2.982939	0.283615
3.177846	0.319311
3.382230	0.312045
3.576190	0.333526
3.777099	0.307307
3.985906	0.338264
4.164702	0.335421
4.377616	0.351848
4.577261	0.371118
4.772485	0.343951
4.982239	0.355955
5.174935	0.340476
5.377740	0.395442
5.574543	0.362588
5.787772	0.367959
5.970991	0.399548
6.172848	0.343319
6.389552	0.410604
6.572140	0.403023
6.790107	0.377435
6.967009	0.384701
7.179922	0.375540
7.373881	0.400496
7.579845	0.403023
7.784545	0.432717
7.975662	0.382806
8.181941	0.395757
8.371478	0.397969
8.580285	0.398600
8.780878	0.440299
8.978629	0.407446
9.171325	0.409973
9.377604	0.401759
9.577250	0.416606
9.780055	0.421029
9.983491	0.430822
9.773106	0.427031
9.577250	0.385649
9.370655	0.415027
9.170061	0.412500
8.985579	0.439667
8.770770	0.416291
8.577442	0.539490
8.367056	0.515798
8.179730	0.397021
7.975346	0.423240
7.781386	0.391335
7.592481	0.397969
7.366300	0.359429
7.181817	0.370170
6.974906	0.423556
6.767679	0.392283
6.586671	0.394810
6.376916	0.349005
6.178850	0.366695
5.976993	0.356902
5.780190	0.405234
5.568541	0.388808
5.372685	0.342371
5.184412	0.360061
4.973078	0.342687
4.778803	0.372065
4.569996	0.358798
4.376668	0.348689
4.173232	0.317100
3.990960	0.308254
3.776783	0.331631
3.578401	0.321522
3.381914	0.340792
3.175635	0.301305
2.977885	0.285510
2.775712	0.278876
2.582700	0.300673
2.383054	0.287089
2.177722	0.267504
1.991028	0.248234
1.765163	0.222963
1.581628	0.250446
1.369030	0.223910
1.183600	0.198007
0.971002	0.131353
0.777359	0.026160
0.581820	-0.033224
0.369538	-0.191783
0.185371	-0.344657
-0.025328	-0.512691
-0.209155	-0.681042
-0.431832	-0.851919
-0.622293	-1.069543
-0.824755	-1.226207
-1.031956	-1.380344
-1.215468	-1.433723
-1.424563	-1.493420
-1.624183	-1.622604
