# Configuration automatically generated by WRITE_CONFIG()
connection eth
ip 192.168.0.10
samplehz 1000.000000
settleus 10.000000
nsample 128

# Analog Inputs
aichannel 0
ainegative 199
airange 10.000000
airesolution 0

aichannel 1
ainegative 199
airange 10.000000
airesolution 0

# Analog Outputs
aochannel 0
aosignal triangle
aofrequency 5.000000
aoamplitude 2.000000
aooffset 2.500000
aoduty 0.500000

# Meta Parameters
int:periods 10
flt:tip_T_C 350.265864
flt:plate_T_C 230.516977
flt:plate_Q_kW 1.086277
flt:cool_Thigh_C 53.231274
flt:cool_Tlow_C 11.531879
flt:air_psig 20.000000
flt:water_gph 5.500000
flt:standoff_in 0.228000
flt:oxygen_scfh 14.550781
flt:fuel_scfh 7.991844
flt:flow_scfh 22.542625
flt:ratio_fto 0.549238

## End Configuration ##
#: Wed Apr  5 18:02:06 2017
-7.404953	-3.542052
-9.321559	-4.136490
-9.321875	-4.127015
-9.322190	-4.106168
-9.312715	-4.082479
-9.211957	-4.070161
-9.006021	-4.043629
-8.806716	-3.997830
-8.609623	-3.938134
-8.410318	-3.872120
-8.215753	-3.762519
-8.010762	-3.709455
-7.812406	-3.666815
-7.610891	-3.618489
-7.406533	-3.571427
-7.213546	-3.487409
-7.012662	-3.397391
-6.814937	-3.357593
-6.610895	-3.322217
-6.407485	-3.274839
-6.206601	-3.204720
-6.008561	-3.111227
-5.819048	-3.041107
-5.614058	-2.970040
-5.410964	-2.917924
-5.213239	-2.856016
-5.009197	-2.786528
-4.812419	-2.700300
-4.614694	-2.615019
-4.411284	-2.573958
-4.213559	-2.537635
-4.013307	-2.472885
-3.812108	-2.398027
-3.613435	-2.317168
-3.415710	-2.239468
-3.215775	-2.178192
-3.014891	-2.110599
-2.811165	-2.044902
-2.609965	-1.973203
-2.413820	-1.890765
-2.215463	-1.811485
-2.016159	-1.758422
-1.812433	-1.687986
-1.611865	-1.620393
-1.413193	-1.532270
-1.207887	-1.450148
-1.011741	-1.363603
-0.814016	-1.269795
-0.613449	-1.136188
-0.412249	-0.959625
-0.209155	-0.726209
-0.010798	-0.475736
0.190741	-0.240425
0.385333	-0.032276
0.587822	0.161047
0.791890	0.293091
0.987113	0.368590
1.187707	0.381542
1.390827	0.404918
1.586366	0.462095
1.786644	0.505057
1.985974	0.518957
2.187831	0.522431
2.388108	0.503162
2.589649	0.527802
2.787084	0.571711
2.985466	0.608987
3.186691	0.615936
3.384442	0.610250
3.587878	0.583083
3.786892	0.602353
3.992224	0.673113
4.191554	0.693015
4.381722	0.709441
4.586107	0.686065
4.786068	0.652896
4.990452	0.663952
5.191046	0.726184
5.381531	0.750824
5.585283	0.755562
5.788720	0.722709
5.988365	0.705651
6.182957	0.729975
6.393975	0.782097
6.585723	0.811791
6.785369	0.807369
6.992596	0.767882
7.184660	0.748612
7.388097	0.759353
7.585847	0.810528
7.787072	0.840538
7.987666	0.817793
8.183205	0.791890
8.390432	0.776727
8.586919	0.794101
8.788144	0.832325
8.984947	0.846224
9.181749	0.840222
9.382975	0.815582
9.579778	0.814318
9.786689	0.810844
9.984755	0.849067
9.785110	0.871180
9.589886	0.843697
9.386765	0.821268
9.182065	0.832956
8.988421	0.792522
8.784038	0.833272
8.586919	0.849699
8.389484	0.818109
8.182889	0.804526
7.983243	0.786836
7.790863	0.762196
7.587111	0.801999
7.386201	0.797892
7.186240	0.772936
6.982172	0.775463
6.785369	0.776095
6.590777	0.745137
6.387341	0.760300
6.191170	0.763459
5.987418	0.762828
5.783350	0.749560
5.585283	0.738188
5.381215	0.696805
5.187571	0.701228
4.991084	0.694278
4.784805	0.686697
4.586422	0.695226
4.381407	0.685433
4.185552	0.633942
3.986222	0.636470
3.784997	0.636470
3.588510	0.624150
3.387285	0.626361
3.189218	0.616884
2.985782	0.573290
2.785820	0.549598
2.588386	0.549282
2.386529	0.549914
2.187199	0.547703
1.986605	0.512639
1.780958	0.468097
1.588262	0.439667
1.388300	0.412184
1.185811	0.404918
0.988061	0.367011
0.787152	0.277613
0.586874	0.133564
0.385017	-0.049964
0.184108	-0.250848
-0.009535	-0.490581
-0.213261	-0.735369
-0.412881	-0.948570
-0.619134	-1.116605
-0.814332	-1.251791
-1.014900	-1.370236
-1.209782	-1.464993
-1.404349	-1.540798
-1.612497	-1.599547
-1.808642	-1.663665
-2.012369	-1.751157
-2.215463	-1.817486
-2.409082	-1.889817
-2.610913	-1.959937
-2.814008	-2.028477
-3.006679	-2.110915
-3.214827	-2.189563
-3.413499	-2.262841
-3.614699	-2.326644
-3.811160	-2.376865
-4.010780	-2.447616
-4.212296	-2.521842
-4.416022	-2.591330
-4.613431	-2.649131
-4.808629	-2.711987
-5.010776	-2.767893
-5.210712	-2.832643
-5.411595	-2.917608
-5.612163	-2.988675
-5.814310	-3.056900
-6.008876	-3.113754
-6.216077	-3.169344
-6.403695	-3.245465
-6.609632	-3.303266
-6.811463	-3.362647
-7.014241	-3.407182
-7.215441	-3.454561
-7.408428	-3.523101
-7.608680	-3.624806
-7.808616	-3.708192
-8.006972	-3.774521
-8.209751	-3.817793
-8.413477	-3.859486
-8.607096	-3.921078
-8.811138	-3.990250
-9.012338	-4.046156
-9.208483	-4.101747
-9.290606	-4.104273
-9.334193	-4.095114
-9.330087	-4.106484
-9.315873	-4.139018
-9.297870	-4.150388
-9.285551	-4.146598
-9.277971	-4.128278
-9.211326	-4.086270
-9.008547	-4.025626
-8.807664	-3.990250
-8.610887	-3.919498
-8.412213	-3.873068
-8.211646	-3.803264
-8.012658	-3.718615
-7.812722	-3.682923
-7.607416	-3.640915
-7.402111	-3.582482
-7.206597	-3.528786
-7.017084	-3.424554
-6.811779	-3.349697
-6.609632	-3.291579
-6.414118	-3.247676
-6.209128	-3.177240
-6.013614	-3.117544
-5.814310	-3.032895
-5.613111	-2.959932
-5.417912	-2.910027
-5.213239	-2.852226
-5.002248	-2.800110
-4.810524	-2.717040
-4.614378	-2.626706
-4.412548	-2.548690
-4.213243	-2.500680
-4.011728	-2.456144
-3.809897	-2.400238
-3.611540	-2.323485
-3.414447	-2.246733
-3.212616	-2.181667
-3.012680	-2.115653
-2.808322	-2.063221
-2.611545	-1.982678
-2.408450	-1.903399
-2.216727	-1.814012
-2.014264	-1.734733
-1.812433	-1.660191
-1.610286	-1.593230
-1.409402	-1.521847
-1.206939	-1.444778
-1.007004	-1.355075
-0.814648	-1.257160
-0.615660	-1.131450
-0.414145	-0.951729
-0.210418	-0.732210
-0.010167	-0.477947
0.194532	-0.240740
0.383753	-0.032276
0.585294	0.154729
0.787467	0.291512
0.988061	0.373645
1.192445	0.399548
1.394618	0.407761
1.584787	0.453566
1.786644	0.498107
1.983762	0.514218
2.186251	0.532540
2.387161	0.517377
2.587122	0.511059
2.794034	0.542333
2.982307	0.604248
3.183532	0.633311
3.386969	0.637417
3.586614	0.629204
3.788156	0.600457
3.990644	0.626045
4.185236	0.684170
4.384250	0.715443
4.586739	0.711021
4.788911	0.671850
4.985082	0.647210
5.190730	0.681011
5.385322	0.743242
5.582440	0.767566
5.786192	0.758721
5.987418	0.730606
6.188011	0.693331
6.392711	0.731238
6.590777	0.785888
6.785053	0.809896
6.985014	0.801051
7.188135	0.758721
7.386833	0.742294
7.588374	0.778622
7.788336	0.833272
7.984191	0.847172
8.186680	0.841170
8.387273	0.798208
8.585340	0.761564
8.785617	0.794101
8.991581	0.838327
9.183013	0.862019
9.384870	0.841170
9.586411	0.801683
9.787320	0.793154
9.983491	0.831693
9.784477	0.868337
9.581988	0.885079
9.383607	0.865178
9.183329	0.816846
8.986526	0.799156
8.786565	0.796312
8.584076	0.832325
8.385694	0.835168
8.182573	0.801051
7.988929	0.776727
7.793706	0.778938
7.582372	0.783045
7.385885	0.799787
7.186872	0.812739
6.978065	0.785572
6.786001	0.763143
6.588250	0.744190
6.387657	0.735661
6.192118	0.765671
5.987102	0.763459
5.786508	0.727131
5.585915	0.731554
5.382163	0.724288
5.188835	0.692383
4.986030	0.708178
4.786068	0.698069
4.585159	0.686065
4.382670	0.671534
4.184288	0.654160
3.995699	0.622254
3.785628	0.623518
3.587878	0.618464
3.386021	0.605196
3.185743	0.609618
2.985150	0.591612
2.789927	0.551178
2.588070	0.549282
2.387476	0.543280
2.185303	0.519904
1.986290	0.506953
1.782221	0.473783
1.582891	0.440615
1.390511	0.420713
1.186443	0.395757
0.992167	0.349953
0.790942	0.282351
0.586558	0.140514
0.387228	-0.043015
0.192005	-0.250532
-0.009219	-0.486475
-0.213893	-0.728104
-0.413197	-0.946991
-0.617239	-1.121975
-0.814964	-1.240736
-1.010162	-1.335808
-1.211361	-1.433723
-1.409086	-1.525005
-1.609022	-1.617235
-1.807695	-1.697778
-2.008578	-1.773267
-2.216727	-1.844018
-2.410029	-1.914770
-2.611229	-2.002893
-2.812428	-2.066696
-3.012048	-2.124497
-3.208510	-2.196512
-3.408446	-2.253366
-3.609961	-2.300112
-3.808949	-2.384761
-4.012676	-2.437825
-4.212296	-2.506681
-4.416969	-2.585960
-4.613115	-2.662397
-4.808313	-2.731254
-5.011724	-2.796004
-5.212291	-2.857911
-5.410016	-2.926768
-5.615322	-2.985517
-5.812099	-3.053109
-6.011403	-3.116912
-6.210392	-3.162079
-6.409696	-3.211353
-6.610895	-3.299476
-6.815253	-3.377492
-7.013294	-3.444453
-7.212282	-3.508572
-7.411586	-3.535104
-7.609943	-3.590378
-7.814933	-3.662077
-8.012658	-3.735039
-8.210382	-3.798210
-8.420110	-3.853169
-8.607411	-3.903074
-8.803557	-3.968456
-9.011390	-4.033206
-9.204377	-4.104273
-9.277339	-4.126699
-9.311452	-4.118803
-9.337036	-4.109643
-9.342405	-4.117223
-9.320295	-4.122909
-9.301344	-4.126383
-9.287130	-4.118487
-9.210694	-4.075215
-9.010126	-4.000673
-8.811454	-3.940977
-8.602674	-3.908759
-8.410951	-3.850010
-8.218595	-3.786208
-8.011710	-3.707876
-7.813037	-3.651022
-7.609627	-3.607750
-7.408428	-3.568900
-7.212914	-3.516784
-7.012978	-3.438452
-6.811147	-3.343696
-6.612159	-3.266627
-6.410644	-3.229356
-6.210392	-3.184189
-6.008876	-3.138390
-5.816837	-3.054373
-5.614058	-2.962459
-5.410016	-2.892655
-5.215134	-2.834538
-5.006038	-2.780527
-4.809577	-2.732201
-4.613747	-2.660186
-4.411916	-2.575853
-4.213875	-2.532581
-4.012360	-2.474464
-3.814003	-2.422348
-3.611540	-2.350017
-3.416658	-2.262525
-3.217670	-2.176929
-3.009521	-2.099229
-2.808322	-2.049955
-2.609965	-1.977625
-2.408134	-1.896766
-2.218306	-1.823803
-2.015843	-1.746103
-1.812117	-1.675984
-1.612813	-1.617550
-1.411297	-1.545220
-1.209466	-1.460571
-1.009846	-1.370236
-0.817175	-1.254949
-0.613765	-1.119764
-0.418882	-0.942569
-0.207576	-0.731894
-0.010798	-0.490897
0.189794	-0.240740
0.384701	-0.033224
0.588453	0.143989
0.785888	0.285826
0.987113	0.378383
1.187075	0.406814
1.395566	0.422924
1.586050	0.437771
1.785380	0.460516
1.981867	0.523695
2.187515	0.540753
2.390003	0.542965
2.589649	0.540753
2.788031	0.532856
2.983255	0.561602
3.185743	0.614041
3.389496	0.630783
3.586930	0.652264
3.788787	0.622254
3.991908	0.598246
4.179550	0.645946
4.384250	0.702807
4.586422	0.723972
4.784805	0.715127
4.985082	0.689224
5.189782	0.652896
5.388480	0.693015
5.585599	0.751455
5.788088	0.761880
5.989313	0.755562
6.193697	0.716075
6.391763	0.692067
6.590461	0.751139
6.790107	0.800103
6.983435	0.824111
7.187503	0.814634
7.383674	0.766302
7.590270	0.737240
7.793074	0.781465
7.985138	0.833588
8.187628	0.848435
8.383482	0.823164
8.585655	0.779570
8.787828	0.758089
8.990949	0.813371
9.180170	0.861071
9.385502	0.883184
9.587358	0.857280
9.781634	0.819057
9.985703	0.789363
9.782898	0.819689
9.583568	0.865493
9.385818	0.867389
9.179222	0.832009
8.989054	0.797260
8.784669	0.793469
8.586287	0.804842
8.387273	0.841486
8.180994	0.837695
7.984191	0.803894
7.788968	0.775463
7.588058	0.756194
7.388097	0.758089
7.187187	0.802946
6.987226	0.796944
6.784105	0.759353
6.590146	0.754930
6.390816	0.743242
6.191486	0.744506
5.987733	0.784940
5.786824	0.762512
5.584335	0.723657
5.384374	0.721129
5.186307	0.696805
4.990452	0.683854
4.789543	0.714812
4.585475	0.681011
4.385197	0.661109
4.184920	0.656055
3.990012	0.634574
3.788787	0.625097
3.588826	0.626993
3.392023	0.609303
3.188586	0.595087
2.980727	0.598878
2.791190	0.560339
2.587438	0.542333
2.384949	0.534119
2.190674	0.515166
1.986921	0.514534
1.781905	0.496844
1.584787	0.453250
1.393354	0.407446
1.184864	0.403023
0.986165	0.351216
0.781781	0.267504
0.586874	0.145884
0.387544	-0.039857
0.198955	-0.244847
-0.011114	-0.482053
-0.216735	-0.724630
-0.413513	-0.949834
-0.614080	-1.128292
-0.813701	-1.261266
-1.004793	-1.365183
-1.208203	-1.445726
-1.412877	-1.525005
-1.610286	-1.607759
-1.813064	-1.691776
-2.013948	-1.759053
-2.219885	-1.825699
-2.411293	-1.876235
-2.605228	-1.951725
-2.808954	-2.033531
-3.012996	-2.099229
-3.214827	-2.174086
-3.415710	-2.238520
-3.610593	-2.303271
-3.812424	-2.379392
-4.010780	-2.447300
-4.213559	-2.516473
-4.414127	-2.568904
-4.612799	-2.641235
-4.813683	-2.717356
-5.011724	-2.779895
-5.210396	-2.852226
-5.411280	-2.920450
-5.613742	-2.980147
-5.813363	-3.046792
-6.011719	-3.113438
-6.210076	-3.175661
-6.409064	-3.244201
-6.607737	-3.306425
-6.813042	-3.361068
-7.017400	-3.424238
-7.214493	-3.482356
-7.411271	-3.531313
-7.611522	-3.588483
-7.812406	-3.656392
-8.012974	-3.726511
-8.210067	-3.800737
-8.412213	-3.871173
-8.611202	-3.912865
-8.813033	-3.964666
-9.010758	-4.014886
-9.206272	-4.085006
-9.284288	-4.116276
-9.305135	-4.119750
-9.336720	-4.113433
-9.344300	-4.111538
-9.325665	-4.117539
-9.293764	-4.134595
-9.264073	-4.140281
-9.205956	-4.113117
-9.006336	-4.027205
-8.810506	-3.940661
-8.608359	-3.887281
-8.416951	-3.850958
-8.215120	-3.820004
-8.012026	-3.753991
-7.813037	-3.679449
-7.610891	-3.616910
-7.405901	-3.571111
-7.219231	-3.532261
-7.017400	-3.457719
-6.811463	-3.390442
-6.614369	-3.308952
-6.410644	-3.242622
-6.208497	-3.185768
-6.009824	-3.121650
-5.814310	-3.049951
-5.617533	-2.971619
-5.411911	-2.892024
-5.208817	-2.834538
-5.010460	-2.789687
-4.808313	-2.748941
-4.617853	-2.689245
-4.412231	-2.615335
-4.204083	-2.541425
-4.011412	-2.455513
-3.811476	-2.401817
-3.613435	-2.335488
-3.415079	-2.257788
-3.213879	-2.193353
-3.014575	-2.102703
-2.813060	-2.039532
-2.609018	-1.977309
-2.413188	-1.921718
-2.213568	-1.853178
-2.007947	-1.769476
-1.808011	-1.677247
-1.604916	-1.599547
-1.410350	-1.532901
-1.211046	-1.457096
-1.008899	-1.374027
-0.814016	-1.263162
-0.610290	-1.122290
-0.409407	-0.953940
-0.210734	-0.725577
-0.007008	-0.487423
0.192953	-0.242951
0.386596	-0.031645
0.587506	0.141778
0.786204	0.274770
0.986165	0.370486
1.187707	0.425136
1.387352	0.445669
1.584155	0.443458
1.785696	0.462095
1.980603	0.491474
2.186251	0.528117
2.388740	0.556232
2.590281	0.553389
2.792454	0.543280
2.989573	0.549914
3.180373	0.595403
3.387285	0.635522
3.585351	0.657634
3.788787	0.656371
3.987485	0.635522
4.183972	0.625097
4.386145	0.669323
4.586739	0.702176
4.786700	0.727763
4.989189	0.730290
5.182833	0.682274
5.385322	0.659214
5.581808	0.725868
5.785876	0.770093
5.985838	0.775779
6.187379	0.772620
6.390500	0.729343
6.586039	0.703755
6.782210	0.767566
6.985962	0.815898
7.193190	0.814634
7.388412	0.808001
7.588690	0.773884
7.791179	0.725552
7.980084	0.812423
8.185101	0.856648
8.388853	0.844644
8.588182	0.828850
8.786565	0.787467
8.985894	0.755246
9.181749	0.822848
9.388345	0.874023
9.581041	0.870548
9.786057	0.851594
9.983808	0.802314
9.791427	0.784940
9.586411	0.849383
9.382659	0.876234
9.183645	0.875602
8.985579	0.833904
8.786249	0.799471
8.586919	0.768514
8.381903	0.814950
8.188575	0.834536
7.985455	0.831693
7.784229	0.781465
7.589322	0.764723
7.387465	0.744506
7.186872	0.784624
6.987226	0.808632
6.789475	0.788731
6.595832	0.759669
6.392711	0.746401
6.186431	0.735977
5.987418	0.738504
5.788088	0.756826
5.584967	0.738504
5.384058	0.709441
5.188519	0.703439
4.988557	0.681643
4.791439	0.675956
4.586422	0.711968
4.383618	0.684486
4.187447	0.636785
3.987801	0.640576
3.792894	0.608987
3.587562	0.612462
3.386653	0.623834
3.183532	0.596035
2.982939	0.582767
2.799088	0.571395
2.588386	0.550230
2.386845	0.529381
2.187831	0.530645
1.983131	0.505689
1.784117	0.477574
1.586050	0.453250
1.389248	0.411868
1.194340	0.384385
0.981427	0.358482
0.785572	0.267820
0.588769	0.146516
0.387228	-0.037330
0.192005	-0.248321
-0.012378	-0.487107
-0.212945	-0.722103
-0.412249	-0.940042
-0.614712	-1.132398
-0.816227	-1.276112
-1.011425	-1.363919
-1.209466	-1.445094
-1.412877	-1.516161
-1.610917	-1.601442
-1.819066	-1.693356
-2.013948	-1.764107
-2.214515	-1.829805
-2.412241	-1.904662
-2.610597	-1.982994
-2.808006	-2.061326
-3.016470	-2.140290
-3.213563	-2.204092
-3.415079	-2.266000
-3.610277	-2.313062
-3.810529	-2.368968
-4.017097	-2.440351
-4.208821	-2.512051
-4.408757	-2.588171
-4.615642	-2.652606
-4.802944	-2.720515
-5.004459	-2.778948
-5.212923	-2.851594
-5.412859	-2.930242
-5.613742	-2.996887
-5.819679	-3.054689
-6.010771	-3.108700
-6.201232	-3.177872
-6.411275	-3.225250
-6.610579	-3.289685
-6.811779	-3.349697
-7.012662	-3.420448
-7.216388	-3.491200
-7.408744	-3.544895
-7.609943	-3.599538
-7.816196	-3.661129
-8.010762	-3.717983
-8.217963	-3.784944
-8.413161	-3.856959
-8.606149	-3.922657
-8.812085	-3.976352
-9.010126	-4.014571
-9.209746	-4.075215
-9.289658	-4.109327
-9.304502	-4.123225
-9.318716	-4.125436
-9.340826	-4.114697
-9.344933	-4.099535
-9.327245	-4.098272
-9.294080	-4.102378
-9.207220	-4.089428
-9.015180	-4.016466
-8.810190	-3.928658
-8.608359	-3.874963
-8.415056	-3.834849
-8.211015	-3.807370
-8.008236	-3.776732
-7.814301	-3.697453
-7.610259	-3.611224
-7.411902	-3.537314
-7.212282	-3.488357
-7.014241	-3.442558
-6.813042	-3.375913
-6.609948	-3.309268
-6.411275	-3.225882
-6.209760	-3.164922
-6.008245	-3.116280
-5.814626	-3.071745
-5.614058	-2.994045
-5.410648	-2.919819
-5.211975	-2.828853
-5.012987	-2.765682
-4.807682	-2.714197
-4.615010	-2.662713
-4.411916	-2.593225
-4.216402	-2.516157
-4.012676	-2.436245
-3.810213	-2.375285
-3.610277	-2.334540
-3.410657	-2.276739
-3.210405	-2.203461
-3.008890	-2.113126
-2.814323	-2.021528
-2.610597	-1.950461
-2.409398	-1.894555
-2.214831	-1.836122
-2.013000	-1.762212
-1.815907	-1.686407
-1.614708	-1.606811
-1.416035	-1.544588
-1.211046	-1.474468
-1.003213	-1.388556
-0.808963	-1.283060
-0.610922	-1.110604
-0.411934	-0.933409
-0.216420	-0.723998
-0.008271	-0.481106
0.191689	-0.236950
0.383437	-0.028802
0.587822	0.144937
0.788415	0.272874
0.989956	0.363220
1.187075	0.421977
1.388300	0.457989
1.584787	0.460516
1.788223	0.454514
1.985974	0.482629
2.187515	0.513586
2.386845	0.538858
2.588701	0.576449
2.791822	0.565709
2.987993	0.558128
3.185743	0.582451
3.385705	0.616568
3.587562	0.645315
3.789735	0.662057
3.988117	0.657003
4.184288	0.627309
4.387409	0.638681
4.587686	0.681958
4.787332	0.732186
4.989820	0.735029
5.186307	0.718918
5.385005	0.681327
5.585283	0.684170
5.784297	0.735029
5.986154	0.772936
6.194645	0.789679
6.391763	0.776095
6.589829	0.716075
6.784421	0.720182
6.986910	0.783045
7.187503	0.830113
7.387149	0.830113
7.588690	0.816846
7.791811	0.763775
7.984823	0.751771
8.183837	0.819689
8.387589	0.859491
8.585340	0.848751
8.788460	0.820636
8.990949	0.767250
9.180486	0.772620
9.387081	0.855069
9.581041	0.892976
9.789532	0.892660
9.985387	0.850331
9.782898	0.793154
9.584831	0.783993
9.382027	0.839590
9.183013	0.862335
8.985579	0.860755
8.788460	0.805473
8.586287	0.763143
8.386642	0.770093
8.181310	0.817162
7.985455	0.837379
7.788336	0.828534
7.583320	0.791574
7.393783	0.742294
7.194137	0.742294
6.987226	0.789047
6.783157	0.803894
6.591725	0.776411
6.390184	0.740399
6.188327	0.733133
5.987418	0.710073
5.785245	0.744190
5.586546	0.754614
5.383110	0.741347
5.186624	0.708809
4.983187	0.686065
4.786700	0.662057
4.586107	0.681643
4.382354	0.690803
4.183341	0.662689
3.988433	0.633942
3.785944	0.626677
3.586298	0.608355
3.386653	0.614673
3.188586	0.609934
2.987993	0.593824
2.791190	0.571711
2.583331	0.554021
2.387792	0.524011
2.183724	0.509164
1.985342	0.509796
1.785380	0.476942
1.580048	0.457989
1.389248	0.432085
1.187707	0.390387
0.987745	0.352480
0.786204	0.278244
0.583715	0.155045
0.386281	-0.023748
0.192637	-0.236950
-0.014589	-0.479842
-0.212629	-0.716417
-0.412565	-0.936884
-0.612817	-1.131450
-0.815280	-1.276743
-1.007635	-1.374658
-1.210098	-1.458360
-1.415403	-1.527532
-1.613444	-1.603969
-1.812433	-1.691460
-2.016791	-1.775162
-2.212936	-1.848124
-2.412556	-1.906873
-2.611545	-1.951409
-2.810533	-2.027214
-3.010469	-2.109336
-3.215459	-2.187036
-3.411604	-2.259367
-3.616278	-2.333593
-3.806107	-2.397079
-4.011096	-2.465620
-4.211664	-2.544899
-4.413811	-2.607754
-4.613747	-2.675663
-4.811156	-2.714829
-5.010776	-2.766945
-5.216397	-2.837381
-5.406226	-2.910659
-5.606478	-2.970356
-5.815573	-3.022156
-6.006981	-3.081536
-6.209760	-3.163658
-6.410959	-3.229356
-6.610579	-3.296633
-6.814621	-3.364858
-7.015189	-3.424554
-7.214177	-3.470353
-7.407796	-3.523101
-7.609943	-3.583745
-7.811142	-3.650706
-8.015184	-3.702506
-8.216068	-3.764414
-8.410634	-3.843062
-8.610254	-3.903706
-8.810190	-3.965613
-9.012969	-4.036681
-9.206272	-4.102694
-9.275444	-4.125120
-9.300081	-4.131437
-9.311452	-4.133964
-9.330719	-4.127015
-9.331983	-4.114065
-9.319032	-4.108696
-9.289342	-4.108696
-9.211957	-4.103010
-9.011705	-4.047420
-8.808611	-3.987407
-8.611834	-3.897073
-8.411266	-3.834533
-8.212594	-3.793473
-8.012341	-3.742304
-7.809879	-3.688293
-7.613418	-3.606802
-7.410007	-3.519311
-7.213861	-3.463089
-7.017400	-3.422343
-6.812095	-3.374018
-6.609948	-3.314321
-6.412854	-3.233146
-6.209444	-3.149761
-6.015509	-3.078062
-5.815258	-3.023735
-5.611847	-2.984885
-5.412543	-2.919503
-5.208185	-2.853173
-5.009829	-2.780843
-4.809893	-2.723989
-4.613431	-2.672505
-4.413811	-2.618178
-4.211348	-2.541425
-4.012044	-2.457724
-3.814635	-2.372443
-3.610593	-2.309588
-3.408762	-2.260314
-3.216722	-2.203777
-3.012364	-2.130498
-2.811165	-2.046165
-2.612492	-1.965306
-2.410661	-1.894871
-2.216095	-1.837701
-2.014895	-1.770108
-1.812117	-1.704726
-1.610286	-1.617550
-1.409086	-1.530690
-1.205044	-1.448252
-1.010794	-1.356970
-0.813069	-1.275164
-0.614712	-1.127028
-0.411618	-0.931514
-0.210418	-0.726525
-0.005429	-0.489318
0.190426	-0.240740
0.385965	-0.030381
0.584663	0.149675
0.785888	0.274770
0.988377	0.358798
1.190234	0.399548
1.394618	0.445669
1.588893	0.536963
1.786960	0.472204
1.986290	0.485156
2.185935	0.514218
2.387161	0.536647
2.590597	0.560339
2.788979	0.575818
2.985150	0.573606
3.186375	0.575502
3.386653	0.600142
3.585983	0.627309
3.790367	0.667111
3.991592	0.664584
4.189342	0.662689
4.386461	0.657634
4.581052	0.669007
4.784489	0.700596
4.988873	0.727763
5.186307	0.730606
5.382163	0.713864
5.581492	0.677220
5.788088	0.699649
5.987733	0.745137
6.188959	0.786836
6.391763	0.794101
6.590146	0.767882
6.784105	0.725868
6.990069	0.736924
7.193505	0.800419
7.382411	0.838327
7.588058	0.819373
7.788020	0.790626
7.982927	0.744822
8.186996	0.760932
8.381271	0.841170
8.585655	0.867073
8.783405	0.861071
8.986526	0.835483
9.184592	0.765039
9.380763	0.783361
9.583252	0.861071
9.781634	0.871495
9.986335	0.876234
9.785741	0.833588
9.583568	0.764091
9.380447	0.800419
9.183961	0.856648
8.985579	0.875918
8.787828	0.868652
8.586919	0.817477
8.381903	0.753667
8.186364	0.769461
7.983243	0.819689
7.788968	0.832325
7.589006	0.813055
7.385254	0.764723
7.185924	0.728079
6.985331	0.747665
6.781578	0.801999
6.592357	0.805473
6.387025	0.783045
6.189275	0.734713
5.993420	0.703755
5.782086	0.715127
5.586231	0.742926
5.378688	0.747980
5.188835	0.725552
4.987294	0.684170
4.786068	0.663952
4.586422	0.663637
4.388988	0.674061
4.183656	0.687013
3.997278	0.645315
3.783417	0.631731
3.587246	0.612146
3.388864	0.588138
3.183848	0.609618
2.984834	0.603616
2.787084	0.569184
2.588386	0.548335
2.389372	0.533804
2.187831	0.509164
1.986605	0.503478
1.786012	0.486735
1.584471	0.456093
1.389564	0.424504
1.188338	0.397969
0.988061	0.333842
0.786204	0.272874
0.588769	0.138935
0.386281	-0.043015
0.191689	-0.250532
-0.008903	-0.490581
-0.213577	-0.710732
-0.413197	-0.938463
-0.612185	-1.124501
-0.816227	-1.268215
-1.008267	-1.378448
-1.210098	-1.472573
-1.409402	-1.540798
-1.609022	-1.607127
-1.806431	-1.680721
-2.012053	-1.756842
-2.214515	-1.825699
-2.411293	-1.900872
-2.612176	-1.961200
-2.816218	-2.035110
-3.014259	-2.110599
-3.214195	-2.194617
-3.418553	-2.271369
-3.609013	-2.331382
-3.809265	-2.388867
-4.013623	-2.440351
-4.209453	-2.512051
-4.413179	-2.599226
-4.614694	-2.666188
-4.804207	-2.722726
-5.012671	-2.774842
-5.212291	-2.840223
-5.413175	-2.915713
-5.613742	-2.984569
-5.813046	-3.054689
-6.012351	-3.118807
-6.209760	-3.170291
-6.413802	-3.222723
-6.616265	-3.286842
-6.813674	-3.357593
-7.011083	-3.431187
-7.215756	-3.487093
-7.404322	-3.544579
-7.601415	-3.601117
-7.804193	-3.652286
-8.005709	-3.717983
-8.212910	-3.772310
-8.415056	-3.836429
-8.614992	-3.902127
-8.811138	-3.966245
-9.010126	-4.032574
-9.208483	-4.097324
-9.278603	-4.123225
-9.297554	-4.131437
-9.306082	-4.140281
-9.315873	-4.145966
-9.310188	-4.136490
-9.300397	-4.128910
-9.287447	-4.115644
-9.208798	-4.082163
-9.005073	-4.029732
-8.810506	-3.964034
-8.610887	-3.904653
-8.420426	-3.847168
-8.213541	-3.795052
-8.013921	-3.747358
-7.811142	-3.696505
-7.609312	-3.641231
-7.404322	-3.563530
-7.216073	-3.486462
-7.014557	-3.406867
-6.814305	-3.343696
-6.610895	-3.275155
-6.413170	-3.213248
-6.210707	-3.124492
-6.009824	-3.045529
-5.814942	-2.995624
-5.611531	-2.956774
-5.414438	-2.920450
-5.209448	-2.862333
-5.008881	-2.790003
-4.807997	-2.718935
-4.613115	-2.646289
-4.414443	-2.583750
-4.213559	-2.521526
-4.011096	-2.460566
-3.814319	-2.382234
-3.609645	-2.310220
-3.416026	-2.254945
-3.214195	-2.195248
-3.014575	-2.132393
-2.812744	-2.060063
-2.608386	-1.989943
-2.411925	-1.880341
-2.214831	-1.818750
-2.018686	-1.763475
-1.814960	-1.689881
-1.608706	-1.610286
-1.411929	-1.531638
-1.208519	-1.442567
-1.011425	-1.370868
-0.813069	-1.277375
-0.609974	-1.130818
-0.413513	-0.938147
-0.212313	-0.721471
-0.009219	-0.484896
0.189478	-0.242320
0.385649	-0.032592
0.587190	0.160100
0.781781	0.272558
0.989324	0.354691
1.188022	0.411868
1.389564	0.436192
1.583839	0.451039
1.783801	0.484524
1.985342	0.485472
2.187199	0.504425
2.388108	0.530645
2.587754	0.540437
2.790559	0.581504
2.981991	0.593192
3.184480	0.585294
3.391391	0.594771
3.587878	0.636470
3.789103	0.648789
3.987170	0.669323
4.183972	0.676904
4.388041	0.656055
4.583580	0.656371
4.782593	0.685433
4.990452	0.701860
5.184096	0.730290
5.384058	0.736924
5.586546	0.699964
5.791563	0.700596
5.989945	0.725868
6.188011	0.748612
6.391763	0.788731
6.591093	0.783045
6.783473	0.764091
6.991964	0.725552
7.187187	0.758405
7.387149	0.820636
7.589006	0.842433
7.787388	0.830745
7.982612	0.792838
8.186048	0.758405
8.381903	0.780202
8.587867	0.831377
8.785933	0.861703
8.990001	0.862966
9.183013	0.804210
9.380447	0.760616
9.578830	0.808001
9.790164	0.869284
9.987282	0.896135
9.784477	0.873391
9.584831	0.833588
9.380132	0.776095
9.189331	0.803578
8.988737	0.875286
8.785933	0.858228
8.586287	0.843697
8.386957	0.786836
8.183205	0.730922
7.984823	0.778622
7.782334	0.838327
7.588058	0.839274
7.385254	0.816846
7.183397	0.769145
6.991333	0.724604
6.781578	0.745769
6.589829	0.797260
6.390184	0.788099
6.186748	0.764407
5.988997	0.719550
5.786508	0.686065
5.583072	0.720182
5.383110	0.744506
5.188519	0.743558
4.987609	0.708809
4.784489	0.672482
4.585475	0.637101
4.393726	0.640892
4.186183	0.681011
3.988433	0.675641
3.790051	0.633311
3.584403	0.604880
3.387916	0.584347
3.184480	0.603616
2.983886	0.605828
2.786136	0.588769
2.587438	0.562550
2.389688	0.529381
2.183408	0.505373
1.985342	0.489262
1.781274	0.479786
1.585419	0.465570
1.390827	0.422608
1.188022	0.394178
0.989640	0.343951
0.786836	0.264029
0.585294	0.152202
0.383122	-0.033540
0.189162	-0.250532
-0.013009	-0.475736
-0.210418	-0.715786
-0.418567	-0.933409
-0.614712	-1.118184
-0.813069	-1.258740
-1.013321	-1.359181
-1.210414	-1.458676
-1.412561	-1.542377
-1.613128	-1.608391
-1.812433	-1.677879
-2.011421	-1.772003
-2.215779	-1.849072
-2.409398	-1.923929
-2.612492	-1.992154
-2.814008	-2.048376
-3.014259	-2.106177
-3.212300	-2.181983
-3.414763	-2.245785
-3.609013	-2.319063
-3.811476	-2.394868
-4.010780	-2.443510
-4.216718	-2.498469
-4.415074	-2.574590
-4.613431	-2.662081
-4.812419	-2.735360
-5.009197	-2.791898
-5.209133	-2.842119
-5.415386	-2.897709
-5.609320	-2.969092
-5.817469	-3.030368
-6.014246	-3.088169
-6.211971	-3.149445
-6.410644	-3.215459
-6.614686	-3.284947
-6.812726	-3.374649
-7.013926	-3.444453
-7.219231	-3.506045
-7.408428	-3.561003
-7.612154	-3.598590
-7.811458	-3.650706
-8.012658	-3.706613
-8.213857	-3.777680
-8.416320	-3.858539
-8.607728	-3.918235
-8.813981	-3.987407
-9.012021	-4.053105
-9.203114	-4.124488
-9.264705	-4.141544
-9.295343	-4.139018
-9.318085	-4.131437
-9.329455	-4.131437
-9.314610	-4.128278
-9.300081	-4.128278
-9.277656	-4.122277
-9.207851	-4.093850
-9.014864	-4.028152
-8.808295	-3.982038
-8.606464	-3.915708
-8.419163	-3.858223
-8.214173	-3.795368
-8.012658	-3.734092
-7.811774	-3.675975
-7.608995	-3.607750
-7.409060	-3.555634
-7.217968	-3.481724
-7.011399	-3.417921
-6.814937	-3.355066
-6.613738	-3.300108
-6.410644	-3.244833
-6.210392	-3.186400
-6.009824	-3.100487
-5.807045	-3.030368
-5.614374	-2.963407
-5.410332	-2.902131
-5.213871	-2.845909
-5.007933	-2.777684
-4.808945	-2.702195
-4.611536	-2.635865
-4.416969	-2.586908
-4.208821	-2.541425
-4.013623	-2.479517
-3.814635	-2.403713
-3.608066	-2.329803
-3.420448	-2.248944
-3.213563	-2.177876
-3.012048	-2.111863
-2.808322	-2.053746
-2.609650	-1.978572
-2.414451	-1.906242
-2.217674	-1.823488
-2.012685	-1.762843
-1.816855	-1.703779
-1.609022	-1.630185
-1.412561	-1.545220
-1.210730	-1.456465
-1.009530	-1.362340
-0.813385	-1.272321
-0.615660	-1.127028
-0.413197	-0.940042
-0.216104	-0.717997
-0.014273	-0.483948
0.191373	-0.236318
0.384069	-0.030697
0.586874	0.151255
0.788415	0.272558
0.985218	0.345846
1.187707	0.404918
1.387668	0.439667
1.583523	0.452303
1.789487	0.472520
1.988817	0.495264
2.187515	0.516113
2.389688	0.525274
2.585859	0.565709
2.791190	0.563498
2.985150	0.589085
3.185743	0.599510
3.385389	0.590033
3.581560	0.619095
3.787840	0.633626
3.990960	0.649105
4.180497	0.687645
4.384250	0.691751
4.586107	0.670902
4.785437	0.686697
4.987294	0.711653
5.189150	0.719550
5.381531	0.737240
5.587178	0.734081
5.782086	0.714812
5.988997	0.715127
6.188011	0.729975
6.389868	0.760616
6.595832	0.801683
6.786001	0.795997
6.984699	0.755878
7.186556	0.763143
7.384306	0.778622
7.584899	0.813055
7.789916	0.839590
7.980400	0.820005
8.188891	0.777043
8.386326	0.759984
8.585340	0.807053
8.789408	0.845908
8.985579	0.858544
9.183329	0.849383
9.384238	0.806737
9.580409	0.781781
9.789847	0.821584
9.986650	0.880972
9.786689	0.880025
9.583252	0.862650
9.383923	0.801051
9.181118	0.759984
8.993792	0.809896
8.788460	0.868968
8.585655	0.858860
8.387273	0.838011
8.183520	0.778306
7.984191	0.739767
7.786757	0.783993
7.587111	0.831061
7.392519	0.814318
7.184029	0.801367
6.984067	0.740083
6.785369	0.709125
6.586987	0.761880
6.390500	0.801999
6.188011	0.795365
5.987102	0.769777
5.786824	0.719234
5.583072	0.673429
5.382478	0.716391
5.190414	0.744190
4.991084	0.740399
4.787332	0.696174
4.581684	0.653212
4.384881	0.629836
4.184920	0.654476
3.990644	0.669954
3.787524	0.662373
3.590405	0.622570
3.388232	0.593824
3.186059	0.560971
2.981991	0.580556
2.790559	0.593508
2.587754	0.565077
2.386213	0.545808
2.187831	0.512639
1.982183	0.475995
1.784117	0.472204
1.582260	0.457673
1.387984	0.441562
1.186127	0.403971
0.986165	0.338264
0.787783	0.265924
0.588769	0.144621
0.381226	-0.031013
0.189478	-0.249584
-0.011114	-0.478895
-0.213577	-0.718313
-0.408775	-0.939411
-0.613449	-1.122606
-0.815280	-1.259687
-1.009530	-1.365814
-1.210730	-1.469415
-1.411929	-1.547747
-1.611865	-1.623552
-1.815907	-1.683564
-2.018370	-1.756526
-2.211041	-1.824751
-2.408766	-1.897398
-2.611545	-1.978256
-2.810849	-2.065432
-3.012996	-2.113758
-3.210405	-2.172507
-3.415395	-2.247680
-3.608698	-2.322854
-3.810529	-2.395816
-4.013939	-2.456144
-4.211980	-2.503522
-4.417917	-2.565430
-4.610272	-2.652290
-4.803891	-2.735676
-5.003827	-2.798531
-5.208501	-2.859175
-5.410964	-2.899604
-5.615322	-2.958985
-5.816837	-3.031315
-6.006981	-3.114701
-6.215129	-3.186716
-6.405590	-3.245781
-6.614686	-3.287473
-6.815569	-3.339274
-7.012978	-3.411288
-7.213861	-3.479829
-7.413166	-3.542052
-7.609627	-3.592589
-7.809563	-3.656392
-8.012026	-3.717036
-8.215436	-3.783681
-8.419163	-3.853801
-8.609939	-3.900863
-8.810506	-3.939081
-9.013285	-3.987407
-9.212274	-4.045525
-9.303871	-4.085322
-9.320928	-4.105537
-9.331666	-4.113749
-9.333562	-4.121329
-9.323454	-4.122593
-9.298185	-4.128278
-9.275760	-4.127646
-9.201534	-4.112802
-9.009495	-4.048999
-8.808295	-3.976668
-8.609939	-3.914129
-8.416320	-3.854748
-8.216700	-3.798210
-8.012026	-3.737566
-7.809879	-3.675975
-7.612470	-3.612172
-7.405585	-3.555318
-7.216704	-3.477618
-7.014873	-3.415079
-6.814305	-3.355066
-6.612474	-3.290632
-6.413170	-3.234410
-6.212286	-3.170291
-6.008561	-3.096381
-5.818416	-3.036369
-5.614690	-2.961512
-5.410016	-2.905289
-5.210080	-2.851594
-5.008881	-2.797583
-4.812103	-2.737255
-4.614063	-2.660818
-4.411284	-2.585645
-4.212296	-2.510471
-4.009201	-2.438772
-3.806738	-2.375917
-3.610277	-2.301060
-3.413499	-2.223991
-3.217354	-2.155451
-3.007626	-2.106809
-2.806743	-2.052482
-2.608386	-1.987100
-2.410029	-1.910979
-2.215147	-1.836438
-2.014895	-1.761580
-1.811801	-1.700620
-1.613128	-1.619446
-1.406875	-1.540166
-1.210098	-1.448568
-1.010162	-1.356970
-0.814648	-1.266320
-0.618502	-1.126397
-0.411934	-0.932778
-0.214524	-0.714206
-0.013325	-0.473209
0.192005	-0.242951
0.383753	-0.036698
0.585294	0.151570
0.787783	0.280456
0.984270	0.354691
1.187707	0.397337
1.399672	0.427031
1.584787	0.462095
1.785696	0.475363
1.982183	0.495896
2.188778	0.502530
2.390003	0.514534
2.588386	0.546755
2.788663	0.571079
2.987677	0.571395
3.182269	0.602037
3.387600	0.618779
3.586614	0.610250
3.790683	0.643103
3.997910	0.658582
4.183024	0.677220
4.385513	0.685749
4.581052	0.678168
4.788280	0.667743
4.988873	0.696805
5.187255	0.711337
5.384374	0.716707
5.588442	0.734081
5.785876	0.749244
5.988365	0.712916
6.184852	0.746085
6.392395	0.751139
6.588250	0.779570
6.785369	0.794101
6.985331	0.780202
7.184660	0.757457
7.388097	0.768514
7.584268	0.785888
7.787388	0.821268
7.986718	0.835799
8.183837	0.818109
8.384114	0.794733
8.585340	0.786520
8.786249	0.820636
8.988106	0.853489
9.180801	0.870548
9.383923	0.845276
9.587675	0.788099
9.781950	0.796628
9.986966	0.847172
9.784793	0.882552
9.583884	0.884131
9.392767	0.844960
9.177958	0.799471
8.986210	0.779570
8.789408	0.814318
8.581233	0.850962
8.385378	0.845592
8.183520	0.805473
7.981032	0.753667
7.788020	0.735977
7.591218	0.777675
7.387465	0.834536
7.186556	0.819057
6.986594	0.791574
6.783157	0.735661
6.590777	0.710389
6.390184	0.763143
6.187379	0.797576
5.986154	0.782729
5.782402	0.746085
5.584335	0.691751
5.384058	0.668691
5.185676	0.722709
4.987609	0.736924
4.786384	0.717655
4.585791	0.688908
4.382039	0.639944
4.183341	0.601721
3.992224	0.651317
3.791630	0.662057
3.585667	0.641208
3.388232	0.607723
3.182585	0.568552
2.983886	0.554021
2.790243	0.573922
2.589333	0.578977
2.384317	0.552126
2.186567	0.518325
1.990396	0.480101
1.783485	0.463359
1.584155	0.460832
1.387352	0.446301
1.187391	0.409025
0.987113	0.344267
0.786520	0.261502
0.586874	0.131669
0.385333	-0.036067
0.191373	-0.250216
-0.014273	-0.487423
-0.212313	-0.718313
-0.412881	-0.934673
-0.614712	-1.125133
-0.816859	-1.265688
-1.010162	-1.360129
-1.206308	-1.459939
-1.406875	-1.545536
-1.612181	-1.615024
-1.806116	-1.692724
-2.016791	-1.736312
-2.214200	-1.809590
-2.410345	-1.907821
-2.612492	-1.989311
-2.810533	-2.065432
-3.015839	-2.133657
-3.217670	-2.178508
-3.414447	-2.241363
-3.608382	-2.326328
-3.809897	-2.404976
-4.010465	-2.475096
-4.213875	-2.536371
-4.415074	-2.590067
-4.609325	-2.660818
-4.801364	-2.745467
-5.012671	-2.820325
-5.209764	-2.887286
-5.412543	-2.921398
-5.611531	-2.967513
-5.814626	-3.026578
-6.008245	-3.106173
-6.215761	-3.188927
-6.406853	-3.255888
-6.611211	-3.291579
-6.813358	-3.320006
-7.014241	-3.380335
-7.216388	-3.464352
-7.408744	-3.546158
-7.609943	-3.618489
-7.813669	-3.677870
-8.012658	-3.726511
-8.210698	-3.783681
-8.416004	-3.856643
-8.606464	-3.914445
-8.804189	-3.972246
-9.013600	-4.021520
-9.210062	-4.078057
-9.285235	-4.112485
-9.295659	-4.132700
-9.297870	-4.145334
-9.311452	-4.147545
-9.314610	-4.132069
-9.318400	-4.108379
-9.305766	-4.089112
-9.209431	-4.066055
-9.012653	-4.021835
-8.805452	-3.960560
-8.605832	-3.901811
-8.415689	-3.838956
-8.210382	-3.797263
-8.012974	-3.732512
-7.811458	-3.683871
-7.612470	-3.611224
-7.406217	-3.537314
-7.218599	-3.474775
-7.010767	-3.410973
-6.811463	-3.347802
-6.612790	-3.277998
-6.410644	-3.213248
-6.210392	-3.158289
-6.010140	-3.088801
-5.819364	-3.013943
-5.610899	-2.948877
-5.409700	-2.892655
-5.214502	-2.839908
-5.009512	-2.787160
-4.807050	-2.737571
-4.619116	-2.662081
-4.415074	-2.580591
-4.216402	-2.524369
-4.010465	-2.457724
-3.811160	-2.393289
-3.614383	-2.325696
-3.416026	-2.258419
-3.217985	-2.181667
-3.013628	-2.105862
-2.812112	-2.033531
-2.615967	-1.972887
-2.410029	-1.898977
-2.214200	-1.820645
-2.016791	-1.742313
-1.812433	-1.671562
-1.612181	-1.610286
-1.411929	-1.540166
-1.210098	-1.459623
-1.007635	-1.373711
-0.815596	-1.262214
-0.612817	-1.127344
-0.418882	-0.943833
-0.212945	-0.709153
-0.012693	-0.471946
0.190741	-0.240425
0.385965	-0.029750
0.583715	0.161363
0.785888	0.286142
0.988061	0.355007
1.188022	0.389439
1.393986	0.421345
1.584471	0.470309
1.785064	0.489578
1.986605	0.494317
2.186567	0.506637
2.388424	0.524011
2.587122	0.534119
2.788663	0.584031
2.984518	0.599510
3.184480	0.593824
3.386969	0.611830
3.588510	0.615936
3.787524	0.622886
3.988749	0.666795
4.185552	0.668375
4.379511	0.671850
4.585791	0.688908
4.793334	0.687329
4.985398	0.685433
5.190098	0.726500
5.386901	0.715759
5.581808	0.730606
5.786508	0.748296
5.987418	0.725868
6.188959	0.728711
6.393343	0.756194
6.592357	0.755246
6.784737	0.780518
6.985646	0.801683
7.186556	0.774516
7.387149	0.767882
7.591533	0.789995
7.785493	0.804842
7.988297	0.814003
8.191418	0.825059
8.390432	0.799156
8.589130	0.790310
8.787196	0.798208
8.986210	0.823164
9.184909	0.849699
9.381080	0.862650
9.588306	0.831377
9.785425	0.808632
9.985071	0.814950
9.785110	0.839274
9.584831	0.871495
9.383607	0.858544
9.181118	0.824427
8.987790	0.779886
8.792251	0.780834
8.584076	0.827270
8.385694	0.852226
8.180994	0.850646
7.983875	0.799156
7.787072	0.742610
7.586163	0.755562
7.390308	0.795681
7.183397	0.804526
6.984383	0.802630
6.786316	0.778938
6.587618	0.714180
6.388288	0.721761
6.188959	0.762512
5.988365	0.780518
5.786192	0.778306
5.584651	0.734713
5.383426	0.673745
5.191046	0.676904
4.984450	0.718286
4.787648	0.717023
4.586422	0.699333
4.381722	0.666164
4.184288	0.609618
3.985590	0.619411
3.787208	0.661425
3.590405	0.664268
3.388548	0.647842
3.185428	0.602353
2.986414	0.540121
2.788663	0.546439
2.588386	0.571711
2.391267	0.553389
2.187515	0.534119
1.985342	0.493369
1.785064	0.447248
1.590157	0.431138
1.395566	0.440299
1.188654	0.427347
0.986797	0.361641
0.787783	0.272874
0.587822	0.129458
0.390071	-0.033540
0.191057	-0.251795
-0.011114	-0.487739
-0.211050	-0.723366
-0.415724	-0.937516
-0.614712	-1.115973
-0.808331	-1.260319
-1.012689	-1.358550
-1.208835	-1.444778
-1.416983	-1.530690
-1.610286	-1.626078
-1.811169	-1.713570
-2.015211	-1.779268
-2.210725	-1.852546
-2.405923	-1.914770
-2.605228	-1.993417
-2.811481	-2.071749
-3.018365	-2.140605
-3.213563	-2.191458
-3.418553	-2.246417
-3.609329	-2.311799
-3.811160	-2.396764
-4.007938	-2.474148
-4.211032	-2.538898
-4.415074	-2.605228
-4.615326	-2.643130
-4.811156	-2.704090
-5.010776	-2.775789
-5.210080	-2.861070
-5.411911	-2.931190
-5.614690	-2.979515
-5.812099	-3.032895
-6.011403	-3.109647
-6.207865	-3.197139
-6.409696	-3.270733
-6.609948	-3.330114
-6.809252	-3.355698
-7.012662	-3.405287
-7.216388	-3.463404
-7.408112	-3.552160
-7.608048	-3.631123
-7.811458	-3.692399
-8.013289	-3.738198
-8.214805	-3.782102
-8.412846	-3.854116
-8.607411	-3.938766
-8.808927	-4.004463
-9.013917	-4.048051
-9.206903	-4.086586
-9.301661	-4.089428
-9.321559	-4.103010
-9.320295	-4.121961
-9.324402	-4.138701
-9.310504	-4.134595
-9.300713	-4.124172
-9.284920	-4.111854
-9.203114	-4.099535
-9.012338	-4.047420
-8.809875	-3.987091
-8.607411	-3.922025
-8.413161	-3.850326
-8.213541	-3.777048
-8.012026	-3.720510
-7.808931	-3.672184
-7.609627	-3.618173
-7.405585	-3.559108
-7.210387	-3.489620
-7.006345	-3.434030
-6.815885	-3.367701
-6.611211	-3.303266
-6.412222	-3.250834
-6.211339	-3.173766
-6.008561	-3.095750
-5.815889	-3.023735
-5.613426	-2.961828
-5.410016	-2.908132
-5.212607	-2.841487
-5.012039	-2.773894
-4.808313	-2.719883
-4.612799	-2.655133
-4.409073	-2.590067
-4.210716	-2.519947
-4.007306	-2.440667
-3.811160	-2.378128
-3.609961	-2.309904
-3.414447	-2.240731
-3.216406	-2.171875
-3.012680	-2.106177
-2.812428	-2.037321
-2.612176	-1.967201
-2.405923	-1.911611
-2.215463	-1.847177
-2.009526	-1.767581
-1.814012	-1.686723
-1.611549	-1.612813
-1.410982	-1.531006
-1.210414	-1.456465
-1.009530	-1.363919
-0.814964	-1.272321
-0.609343	-1.137136
-0.411302	-0.943833
-0.214524	-0.719576
-0.013009	-0.469103
0.186319	-0.244215
0.384701	-0.033856
0.591296	0.159152
0.784308	0.302884
0.985850	0.360693
1.190234	0.390703
1.388616	0.414711
1.586998	0.455462
1.782221	0.493685
1.984394	0.516113
2.188778	0.500003
2.387161	0.521168
2.589017	0.539490
2.795297	0.581820
2.982307	0.598878
3.187323	0.607091
3.386653	0.608355
3.586298	0.618779
3.788787	0.625729
3.988749	0.648158
4.186183	0.680695
4.384881	0.682274
4.585159	0.686065
4.787332	0.687329
4.988873	0.680063
5.193573	0.693331
5.383742	0.743874
5.585599	0.727447
5.783350	0.733765
5.983311	0.753667
6.187063	0.745137
6.389868	0.748612
6.591093	0.786520
6.782526	0.770093
6.984699	0.779570
7.187187	0.800735
7.387465	0.770409
7.587111	0.778306
7.789916	0.796944
7.986086	0.792206
8.189523	0.816846
8.384114	0.836431
8.586287	0.798208
8.786880	0.797260
8.987473	0.824111
9.183645	0.826638
9.381080	0.847488
9.587991	0.869916
9.781003	0.814950
9.985703	0.810528
9.786373	0.829166
9.584516	0.835168
9.382975	0.861703
9.186488	0.852226
8.986526	0.822848
8.789408	0.781465
8.582812	0.802946
8.388536	0.822532
8.180046	0.829481
7.983875	0.822848
7.791179	0.777675
7.586163	0.736924
7.389992	0.748612
7.185608	0.790626
6.984383	0.816214
6.787264	0.791574
6.594252	0.754930
6.388605	0.727763
6.188959	0.727763
5.985522	0.768198
5.787140	0.775147
5.586231	0.756826
5.382794	0.705019
5.190098	0.652264
4.986662	0.676588
4.787016	0.704071
4.584211	0.718286
4.386461	0.675325
4.189342	0.649737
3.990328	0.607091
3.787840	0.615305
3.582508	0.643419
3.393918	0.637101
3.186059	0.609618
2.982939	0.574238
2.791190	0.528433
2.585543	0.531908
2.386213	0.556548
2.191937	0.535699
1.991344	0.508532
1.781590	0.474731
1.586050	0.413763
1.387352	0.413448
1.187075	0.410604
0.988693	0.364800
0.782097	0.285194
0.590981	0.136723
0.383122	-0.053754
0.190110	-0.249268
-0.011114	-0.488370
-0.217367	-0.735369
-0.412565	-0.945728
-0.615028	-1.112499
-0.820018	-1.254949
-1.005740	-1.370552
-1.205044	-1.444778
-1.413193	-1.518056
-1.612181	-1.594493
-1.813064	-1.689881
-2.014580	-1.764423
-2.212936	-1.842755
-2.410661	-1.895818
-2.611545	-1.962779
-2.812428	-2.044586
-3.011732	-2.133973
-3.215775	-2.208830
-3.415710	-2.268211
-3.610593	-2.317800
-3.810844	-2.380655
-4.011728	-2.468147
-4.213243	-2.538266
-4.418233	-2.610597
-4.615326	-2.655133
-4.808313	-2.697141
-5.005722	-2.776421
-5.212607	-2.869914
-5.410648	-2.956142
-5.614690	-3.015207
-5.817153	-3.066059
-6.004138	-3.093855
-6.214814	-3.161763
-6.412854	-3.237253
-6.609948	-3.299476
-6.813042	-3.362331
-7.012662	-3.400865
-7.214809	-3.441611
-7.410639	-3.506045
-7.609312	-3.591326
-7.816196	-3.674711
-8.014553	-3.735671
-8.211015	-3.792525
-8.415689	-3.847168
-8.609623	-3.925816
-8.809559	-4.000357
-9.015180	-4.068898
-9.202166	-4.111854
-9.294395	-4.101115
-9.343037	-4.078373
-9.358514	-4.084059
-9.338931	-4.115960
-9.313347	-4.130805
-9.292816	-4.136490
-9.290606	-4.114381
-9.207220	-4.073004
-9.012338	-4.006359
-8.808611	-3.964350
-8.612149	-3.910655
-8.412213	-3.848431
-8.216700	-3.784944
-8.012658	-3.715456
-7.811774	-3.665236
-7.608995	-3.620700
-7.411271	-3.565425
-7.214809	-3.492779
-7.016137	-3.424554
-6.811147	-3.351908
-6.611211	-3.286526
-6.416329	-3.235989
-6.210392	-3.169344
-6.008876	-3.106489
-5.815573	-3.037317
-5.612479	-2.974146
-5.410016	-2.916976
-5.205974	-2.870229
-5.012039	-2.794109
-4.804523	-2.722094
-4.614694	-2.647868
-4.412231	-2.576485
-4.211032	-2.515841
-4.013939	-2.446985
-3.806738	-2.384130
-3.611856	-2.307061
-3.413815	-2.243890
-3.219881	-2.178508
-3.012364	-2.108704
-2.812744	-2.046165
-2.613440	-1.969097
-2.407819	-1.897398
-2.212936	-1.825067
-2.012685	-1.746103
-1.814012	-1.677879
-1.611865	-1.601126
-1.410350	-1.538271
-1.212625	-1.459939
-1.009846	-1.370236
-0.814332	-1.265373
-0.617239	-1.131450
-0.411302	-0.949202
-0.212313	-0.736316
-0.007008	-0.481422
0.194532	-0.237898
0.382806	-0.040804
0.585294	0.156625
0.789995	0.293723
0.990588	0.370802
1.193393	0.411236
1.390511	0.422293
1.582891	0.445985
1.786012	0.485788
1.983446	0.520220
2.188147	0.524327
2.385265	0.520536
2.591229	0.526854
2.790559	0.550546
2.981359	0.596667
3.185112	0.626361
3.386337	0.630152
3.586298	0.626045
3.789103	0.620675
3.994435	0.626045
4.186499	0.674061
4.382986	0.709441
4.586107	0.690803
4.785437	0.672797
4.986978	0.687645
5.195468	0.687329
5.384374	0.729027
5.585283	0.769145
5.785876	0.741663
5.983943	0.746085
6.185484	0.754298
6.385761	0.730290
6.588882	0.758089
6.784737	0.789047
6.980592	0.775147
7.191610	0.784624
7.388729	0.792838
7.585531	0.778938
7.787704	0.803262
7.985770	0.814003
8.183205	0.808948
8.384430	0.822216
8.594501	0.804210
8.780878	0.801683
8.987158	0.814634
9.184277	0.817477
9.382659	0.830113
9.591465	0.857280
9.789532	0.849699
9.987598	0.818109
9.787004	0.827586
9.579145	0.842433
9.387713	0.835799
9.183013	0.845592
8.986210	0.835483
8.787196	0.791258
8.590077	0.777043
8.384430	0.795049
8.179730	0.817793
7.989561	0.827902
7.783913	0.816530
7.587742	0.765671
7.389360	0.755562
7.182449	0.773252
6.983119	0.791574
6.783473	0.809264
6.587303	0.789047
6.388920	0.728711
6.188643	0.709757
5.985206	0.726816
5.786508	0.757457
5.582124	0.774516
5.382478	0.741663
5.187571	0.696174
4.983819	0.659846
4.787016	0.674693
4.581684	0.693647
4.383302	0.700280
4.183024	0.669007
3.987801	0.618464
3.786260	0.583399
3.586298	0.616252
3.385073	0.638365
3.187323	0.616884
2.985150	0.607723
2.790559	0.565709
2.585227	0.512639
2.388740	0.529697
2.181829	0.529697
1.985974	0.521168
1.787591	0.480417
1.582891	0.432085
1.389248	0.399864
1.188338	0.389124
0.986165	0.367959
0.785256	0.289301
0.583715	0.147780
0.383753	-0.038909
0.192005	-0.250216
-0.013957	-0.487423
-0.206628	-0.731263
-0.413829	-0.946991
-0.614712	-1.108709
-0.817807	-1.256529
-1.010478	-1.358865
-1.208835	-1.449516
-1.415719	-1.532586
-1.613444	-1.615971
-1.809274	-1.711675
-2.016159	-1.779900
-2.214515	-1.855073
-2.410029	-1.925193
-2.610281	-1.975414
-2.808638	-2.029109
-3.010153	-2.113126
-3.211668	-2.191458
-3.418237	-2.248628
-3.609961	-2.304218
-3.809897	-2.350649
-4.014886	-2.422032
-4.212927	-2.514577
-4.407494	-2.602701
-4.612799	-2.675663
-4.808313	-2.717988
-5.012039	-2.769472
-5.212291	-2.836117
-5.412543	-2.915397
-5.615005	-2.994676
-5.814310	-3.061006
-6.012351	-3.116280
-6.212286	-3.167449
-6.410012	-3.235673
-6.612159	-3.313689
-6.812726	-3.389179
-7.014241	-3.463089
-7.214809	-3.497517
-7.413166	-3.537314
-7.609627	-3.610909
-7.810827	-3.690504
-8.016448	-3.754307
-8.212910	-3.802948
-8.411582	-3.849694
-8.606464	-3.883491
-8.806716	-3.961507
-9.011390	-4.055000
-9.199955	-4.126067
-9.266916	-4.135543
-9.308293	-4.120382
-9.354092	-4.088165
-9.370517	-4.083427
-9.350933	-4.089744
-9.330403	-4.093850
-9.304187	-4.091323
-9.211010	-4.049314
-9.014864	-4.001621
-8.810190	-3.965297
-8.609623	-3.929606
-8.416320	-3.866751
-8.211330	-3.809265
-8.010447	-3.722089
-7.809879	-3.659866
-7.609312	-3.626385
-7.409376	-3.564794
-7.213230	-3.503202
-7.017084	-3.425186
-6.812095	-3.347802
-6.610895	-3.280841
-6.413486	-3.234726
-6.211023	-3.173450
-6.009192	-3.112174
-5.814942	-3.038264
-5.613426	-2.964670
-5.415701	-2.901499
-5.213239	-2.840223
-5.008249	-2.785265
-4.809893	-2.718303
-4.614063	-2.649131
-4.412231	-2.590698
-4.213243	-2.527527
-4.011728	-2.463093
-3.812424	-2.393289
-3.609329	-2.322854
-3.412552	-2.259999
-3.213879	-2.180087
-3.013943	-2.113126
-2.812428	-2.042691
-2.608386	-1.974150
-2.410977	-1.884132
-2.215779	-1.828857
-2.012053	-1.764107
-1.813064	-1.687354
-1.610602	-1.613128
-1.406560	-1.531638
-1.204413	-1.457412
-1.004161	-1.370236
-0.815596	-1.245790
-0.614396	-1.111867
-0.414460	-0.952045
-0.212313	-0.730947
-0.010167	-0.493424
0.196743	-0.245162
0.385017	-0.033224
0.586874	0.140198
0.782413	0.295303
0.990588	0.372697
1.188970	0.406814
1.389248	0.424820
1.581944	0.428926
1.785696	0.456725
1.986605	0.515798
2.186567	0.547071
2.387161	0.549914
2.585859	0.547071
2.786452	0.538226
2.984202	0.565393
3.185743	0.606775
3.387600	0.640892
3.587878	0.638681
3.783417	0.621622
3.988117	0.634890
4.184604	0.649421
4.381091	0.690488
4.585475	0.712916
4.787016	0.710705
4.980660	0.688276
5.193573	0.687329
5.385322	0.694278
5.584335	0.744822
5.785245	0.754930
5.980152	0.738188
6.190538	0.739451
6.391448	0.744822
6.587934	0.743558
6.784105	0.788415
6.986278	0.804842
7.187503	0.783361
7.393783	0.782729
7.587111	0.803894
7.788336	0.774516
7.985770	0.802314
8.187311	0.815582
8.392327	0.801999
8.584392	0.815582
8.786565	0.826322
8.987473	0.795997
9.182382	0.831377
9.383923	0.845908
9.587358	0.844644
9.785741	0.863914
9.987914	0.852542
9.782582	0.808001
9.583884	0.823164
9.384870	0.829481
9.181118	0.831061
8.986210	0.855069
8.788460	0.830745
8.585971	0.791258
8.386326	0.804842
8.184153	0.807053
7.981348	0.812107
7.788968	0.824111
7.587742	0.799787
7.384938	0.752087
7.188767	0.759353
6.984067	0.760300
6.783473	0.781465
6.590777	0.800419
6.388920	0.774516
6.191170	0.716391
5.985838	0.715127
5.791879	0.728079
5.592549	0.731554
5.383426	0.753351
5.190414	0.715759
4.979712	0.660162
4.786384	0.644999
4.586107	0.666795
4.383302	0.691435
4.181129	0.688592
3.983379	0.651001
3.786260	0.612462
3.589142	0.592560
3.385389	0.602037
3.184480	0.624150
2.989888	0.605828
2.790874	0.584031
2.588386	0.532856
2.388740	0.493053
2.185303	0.519904
1.988817	0.521800
1.784117	0.496844
1.582576	0.463043
1.393354	0.410289
1.188970	0.375856
0.989640	0.362588
0.781150	0.280772
0.584031	0.148727
0.386281	-0.031329
0.191057	-0.250532
-0.012062	-0.468156
-0.211682	-0.722103
-0.416356	-0.958678
-0.614080	-1.126712
-0.815280	-1.265057
-1.012689	-1.370552
-1.209782	-1.462150
-1.409086	-1.545851
-1.613760	-1.622288
