# Configuration automatically generated by WRITE_CONFIG()
connection eth
ip 192.168.0.10
samplehz 1000.000000
settleus 10.000000
nsample 128

# Analog Inputs
aichannel 0
ainegative 199
airange 10.000000
airesolution 0

aichannel 1
ainegative 199
airange 10.000000
airesolution 0

# Analog Outputs
aochannel 0
aosignal triangle
aofrequency 5.000000
aoamplitude 2.000000
aooffset 2.500000
aoduty 0.500000

# Meta Parameters
int:periods 10
flt:tip_T_C 333.023982
flt:plate_T_C 256.824593
flt:plate_Q_kW 1.190056
flt:cool_Thigh_C 57.152060
flt:cool_Tlow_C 11.925555
flt:air_psig 20.000000
flt:water_gph 5.500000
flt:standoff_in 0.228000
flt:oxygen_scfh 17.773438
flt:fuel_scfh 9.808250
flt:flow_scfh 27.581687
flt:ratio_fto 0.551849

## End Configuration ##
#: Wed Apr  5 18:06:57 2017
-7.610259	-3.437189
-9.467168	-3.981406
-9.422317	-4.009517
-9.362304	-4.049946
-9.304502	-4.087217
-9.215748	-4.041102
-9.011390	-3.921078
-8.809875	-3.790946
-8.610570	-3.686714
-8.414425	-3.644705
-8.214173	-3.635545
-8.014553	-3.590694
-7.811458	-3.504466
-7.612154	-3.432135
-7.408744	-3.389179
-7.212914	-3.393601
-7.016768	-3.364542
-6.813990	-3.318427
-6.613106	-3.239779
-6.414433	-3.095750
-6.212918	-3.000362
-6.009824	-2.945719
-5.814626	-2.921714
-5.616585	-2.897077
-5.413175	-2.850015
-5.209448	-2.774210
-5.012671	-2.717040
-4.808629	-2.661766
-4.613431	-2.627969
-4.412863	-2.563219
-4.211980	-2.481097
-4.013623	-2.381287
-3.814319	-2.285583
-3.606171	-2.200934
-3.414447	-2.139026
-3.216090	-2.054377
-3.011101	-2.019317
-2.812112	-1.991838
-2.610913	-1.956462
-2.410029	-1.902767
-2.217042	-1.821592
-2.014895	-1.735048
-1.810222	-1.644714
-1.613444	-1.562276
-1.414140	-1.507633
-1.208203	-1.438461
-1.011110	-1.377501
-0.814648	-1.280849
-0.613449	-1.175038
-0.418251	-1.058804
-0.211366	-0.862026
-0.011114	-0.615344
0.190110	-0.327600
0.386281	-0.055018
0.586558	0.190426
0.785572	0.348689
0.987745	0.442826
1.185811	0.472204
1.389879	0.517377
1.581944	0.590033
1.786328	0.628572
1.986921	0.676904
2.181829	0.686065
2.386845	0.693647
2.589965	0.685117
2.787084	0.718286
2.988625	0.765039
3.187323	0.787152
3.386021	0.791574
3.584719	0.786520
3.786892	0.799156
3.988117	0.813055
4.182709	0.866125
4.386777	0.898663
4.581052	0.926145
4.788280	0.919827
4.993927	0.924882
5.189150	0.917932
5.384374	0.922986
5.588126	0.944783
5.786824	0.965000
5.988365	0.983638
6.184536	1.006699
6.387341	1.028811
6.590146	1.000065
6.788528	1.034181
6.980592	1.055662
7.186240	1.060401
7.384938	1.071457
7.586795	1.076827
7.786757	1.055346
7.986086	1.003540
8.185101	1.018387
8.389484	1.070825
8.587551	1.130845
8.784986	1.160224
8.987158	1.151695
9.181434	1.115051
9.384238	1.089147
9.591465	1.120737
9.781950	1.176334
9.985387	1.179809
9.784477	1.155801
9.585779	1.093570
9.383923	1.037025
9.184277	1.053451
8.992212	1.146640
8.786565	1.153590
8.584076	1.147904
8.384746	1.119789
8.183837	1.072721
7.980084	1.032286
7.790547	1.052188
7.595956	1.065455
7.384938	1.075248
7.186556	1.029127
6.981855	1.019650
6.785685	1.012385
6.592357	0.997538
6.385446	1.017755
6.189590	1.026600
5.983943	1.001328
5.784929	0.983322
5.586863	0.957103
5.382478	0.943204
5.189150	0.894556
4.987294	0.899926
4.785752	0.890765
4.586422	0.905928
4.381407	0.906876
4.182709	0.875918
3.989697	0.834852
3.782470	0.822216
3.586614	0.805789
3.386021	0.802314
3.184796	0.789679
2.983255	0.759669
2.791506	0.700912
2.589017	0.652896
2.388740	0.650369
2.188147	0.657003
1.983446	0.662057
1.780642	0.624150
1.582260	0.592244
1.390827	0.538858
1.186443	0.483576
0.986797	0.440930
0.788731	0.336685
0.585610	0.179685
0.384701	-0.054386
0.188530	-0.314335
-0.011114	-0.582811
-0.208523	-0.851603
-0.413829	-1.067332
-0.615976	-1.211361
-0.814332	-1.313698
-1.013636	-1.387924
-1.209466	-1.448884
-1.406244	-1.526900
-1.613128	-1.564487
-1.813696	-1.629553
-2.013632	-1.696830
-2.215147	-1.764423
-2.410029	-1.845597
-2.608386	-1.961832
-2.814639	-2.045849
-3.011732	-2.110284
-3.216722	-2.163663
-3.415395	-2.205356
-3.609329	-2.245153
-3.813371	-2.286215
-4.012044	-2.368968
-4.212612	-2.446985
-4.407810	-2.510471
-4.610588	-2.556586
-4.811156	-2.612808
-5.005406	-2.697141
-5.211975	-2.802321
-5.416649	-2.882232
-5.615005	-2.931505
-5.814310	-2.942876
-6.016457	-2.946982
-6.211339	-2.985201
-6.411907	-3.056584
-6.612474	-3.158605
-6.815253	-3.232199
-7.010767	-3.273892
-7.213546	-3.330114
-7.403059	-3.420764
-7.614997	-3.519311
-7.813037	-3.605855
-8.015500	-3.676291
-8.212910	-3.701243
-8.413161	-3.692715
-8.608359	-3.687345
-8.809243	-3.728406
-9.012653	-3.817793
-9.212274	-3.910339
-9.373359	-3.987723
-9.391994	-4.027836
-9.384730	-4.055000
-9.404944	-4.053105
-9.426423	-4.017413
-9.428002	-3.989934
-9.382519	-3.974141
-9.211010	-3.936555
-9.003809	-3.865803
-8.807980	-3.792209
-8.609939	-3.723984
-8.413477	-3.655760
-8.217015	-3.635229
-8.011395	-3.631123
-7.814617	-3.608382
-7.610891	-3.539210
-7.407796	-3.447296
-7.217336	-3.343064
-7.011714	-3.254309
-6.814937	-3.205983
-6.614054	-3.194928
-6.413486	-3.163343
-6.209760	-3.094171
-6.010140	-3.000678
-5.808625	-2.960564
-5.613111	-2.926768
-5.403383	-2.895814
-5.214186	-2.830432
-5.005091	-2.730938
-4.809893	-2.614388
-4.612167	-2.510471
-4.412231	-2.445089
-4.213243	-2.415399
-4.011412	-2.379392
-3.809897	-2.334224
-3.611856	-2.264105
-3.416658	-2.201566
-3.217038	-2.162715
-3.014575	-2.097018
-2.812744	-2.026898
-2.613124	-1.953936
-2.408766	-1.866760
-2.214515	-1.780216
-2.013948	-1.710096
-1.815591	-1.631132
-1.614392	-1.577437
-1.411613	-1.512687
-1.212309	-1.460571
-1.009530	-1.395505
-0.813069	-1.327912
-0.614712	-1.210414
-0.410354	-1.056277
-0.209787	-0.851603
-0.008271	-0.585654
0.192321	-0.325389
0.381542	-0.067652
0.586558	0.160731
0.785888	0.329735
0.986797	0.452934
1.188022	0.516113
1.387352	0.536331
1.583523	0.573606
1.790119	0.605828
1.988501	0.640892
2.186883	0.681643
2.388424	0.706282
2.589965	0.708178
2.789295	0.695542
2.984518	0.720182
3.181321	0.781465
3.386653	0.823164
3.590721	0.846224
3.787208	0.847172
3.989381	0.840222
4.183656	0.822532
4.379195	0.857280
4.582316	0.912246
4.787648	0.921091
4.991716	0.913194
5.190098	0.901821
5.385322	0.894240
5.584651	0.931831
5.785876	0.989324
5.983627	1.015860
6.188959	1.029759
6.383234	1.022493
6.592357	0.998169
6.789159	0.987745
6.984699	1.023441
7.187819	1.036077
7.387149	1.041763
7.589322	1.036709
7.789284	1.062612
7.980084	1.080302
8.181941	1.059769
8.386957	1.086620
8.585655	1.130530
8.786565	1.120105
8.988421	1.139059
9.179538	1.134952
9.384870	1.096097
9.583568	1.078407
9.784162	1.096729
9.986018	1.130845
9.786373	1.164962
9.578514	1.188338
9.382343	1.155169
9.184277	1.110944
8.985579	1.084725
8.786880	1.106206
8.592921	1.116946
8.384114	1.122948
8.183205	1.097360
7.984507	1.039236
7.786440	0.988693
7.589954	1.018387
7.388729	1.078407
7.186240	1.088516
6.985331	1.082198
6.780946	1.048081
6.590146	0.992483
6.389552	0.953312
6.183589	0.981111
5.991209	0.991536
5.781454	0.990904
5.584651	0.945415
5.385637	0.910035
5.187255	0.906876
4.987294	0.909087
4.784489	0.926777
4.585791	0.921723
4.387724	0.912246
4.185236	0.868652
3.988117	0.849699
3.789103	0.808948
3.585351	0.796628
3.385705	0.786204
3.184796	0.753667
2.982939	0.751455
2.791506	0.742926
2.590281	0.711653
2.387476	0.669323
2.189094	0.662057
1.986605	0.642156
1.786328	0.617516
1.582891	0.590033
1.391775	0.538226
1.186759	0.487367
0.988061	0.420713
0.781781	0.319311
0.585294	0.176842
0.385649	-0.048385
0.192637	-0.323494
-0.008271	-0.598604
-0.213577	-0.857288
-0.411302	-1.061015
-0.618818	-1.195253
-0.814016	-1.272953
-1.008267	-1.349074
-1.211361	-1.446041
-1.410034	-1.542061
-1.609654	-1.617550
-1.809906	-1.684827
-2.015843	-1.753052
-2.216095	-1.825067
-2.408766	-1.900556
-2.610913	-1.974466
-2.808638	-2.035426
-3.010469	-2.079646
-3.218617	-2.111231
-3.416026	-2.160188
-3.611224	-2.219253
-3.811160	-2.294743
-4.011728	-2.372759
-4.212927	-2.465304
-4.416337	-2.551532
-4.612167	-2.628601
-4.809577	-2.681349
-5.010776	-2.717988
-5.208501	-2.764734
-5.412227	-2.818429
-5.612479	-2.885391
-5.813678	-2.942245
-6.007613	-2.990570
-6.207233	-3.015523
-6.411907	-3.067639
-6.609948	-3.159236
-6.813990	-3.280525
-7.015821	-3.373070
-7.214177	-3.419501
-7.411271	-3.422028
-7.610259	-3.412552
-7.816196	-3.447927
-8.003814	-3.544263
-8.212277	-3.644073
-8.416320	-3.718931
-8.609939	-3.741356
-8.808295	-3.783049
-9.012338	-3.865803
-9.211010	-3.974141
-9.331983	-4.053105
-9.341774	-4.086270
-9.391363	-4.053421
-9.457376	-3.998462
-9.473801	-3.960875
-9.449796	-3.959612
-9.390415	-3.961507
-9.216063	-3.915392
-9.015812	-3.867383
-8.808611	-3.821584
-8.608359	-3.784944
-8.410951	-3.729354
-8.214489	-3.666499
-8.008552	-3.599854
-7.814617	-3.518047
-7.609312	-3.457403
-7.409376	-3.381282
-7.216073	-3.330745
-7.014557	-3.274208
-6.813358	-3.226829
-6.607421	-3.182926
-6.412539	-3.163343
-6.210076	-3.113122
-6.008561	-3.059111
-5.817469	-2.976673
-5.612479	-2.877810
-5.409384	-2.796951
-5.211028	-2.746415
-5.005722	-2.695246
-4.808313	-2.630180
-4.614694	-2.546163
-4.412548	-2.463725
-4.213559	-2.428665
-4.007306	-2.413188
-3.813687	-2.386024
-3.610277	-2.323801
-3.414447	-2.222412
-3.215775	-2.118812
-3.012996	-2.010473
-2.811796	-1.950145
-2.609334	-1.927088
-2.404344	-1.876551
-2.208830	-1.808642
-2.018054	-1.730942
-1.808327	-1.680405
-1.605548	-1.621657
-1.416035	-1.549642
-1.208519	-1.482681
-1.008583	-1.401190
-0.814964	-1.296010
-0.613449	-1.180724
-0.416671	-1.044906
-0.212945	-0.838337
-0.011114	-0.582179
0.187582	-0.322231
0.382490	-0.054702
0.587506	0.167365
0.784624	0.349005
0.987113	0.455146
1.188970	0.513902
1.388616	0.548967
1.594580	0.562234
1.793278	0.594771
1.984078	0.630783
2.187831	0.656371
2.388740	0.685433
2.587754	0.727763
2.789295	0.748928
2.982307	0.741347
3.184164	0.773884
3.390128	0.791574
3.589142	0.820005
3.788471	0.845908
3.988117	0.851910
4.184288	0.837695
4.386145	0.818741
4.588318	0.846856
4.786700	0.905928
4.989189	0.941940
5.189150	0.967212
5.384690	0.971318
5.584967	0.945099
5.786824	0.934359
5.984574	0.988693
6.194013	1.013964
6.388605	1.048713
6.589829	1.016176
6.785685	0.986165
6.982803	0.966896
7.187187	1.009858
7.385885	1.078091
7.592481	1.099256
7.788652	1.112839
7.986718	1.089147
8.185101	1.069562
8.385378	1.049976
8.584392	1.092622
8.794147	1.117578
8.987790	1.113155
9.182065	1.106837
9.384238	1.116314
9.584200	1.120737
9.783529	1.129266
9.985387	1.166542
9.778476	1.176334
9.588939	1.151063
9.385502	1.132741
9.176695	1.128318
8.987158	1.071457
8.790039	1.050924
8.586287	1.055662
8.385694	1.076827
8.186364	1.101151
7.984823	1.114419
7.788652	1.078407
7.586479	1.042079
7.386833	1.041763
7.182133	1.041131
6.988805	1.063244
6.786001	1.066719
6.587934	1.013332
6.388605	0.961526
6.184852	0.916669
5.985206	0.948890
5.787772	0.997538
5.586231	0.996274
5.384690	0.977636
5.185044	0.948574
4.989820	0.884763
4.790807	0.864862
4.590845	0.891713
4.383934	0.893292
4.183024	0.873075
3.987801	0.827902
3.786576	0.798208
3.586930	0.776411
3.384442	0.788731
3.182585	0.799787
2.988941	0.785888
2.788347	0.750824
2.586806	0.710073
2.387792	0.670586
2.185303	0.636154
1.983446	0.628572
1.786012	0.604880
1.580996	0.570447
1.390511	0.555916
1.182968	0.510111
0.987113	0.440930
0.786836	0.331631
0.583083	0.165470
0.382806	-0.063546
0.190110	-0.318756
-0.014589	-0.596708
-0.211682	-0.842443
-0.413829	-1.047117
-0.615344	-1.191778
-0.814332	-1.288114
-1.011741	-1.357286
-1.207571	-1.439093
-1.407191	-1.537639
-1.608075	-1.626394
-1.809274	-1.712623
-2.009842	-1.751473
-2.213884	-1.774846
-2.409082	-1.811485
-2.611861	-1.866444
-2.811796	-1.955199
-3.014891	-2.051850
-3.215775	-2.115337
-3.411920	-2.181351
-3.612488	-2.233783
-3.800737	-2.325381
-4.008254	-2.415715
-4.212296	-2.478886
-4.412548	-2.545215
-4.611852	-2.566377
-4.814314	-2.584381
-5.008249	-2.633339
-5.213239	-2.708512
-5.412543	-2.796320
-5.614374	-2.872125
-5.817153	-2.967197
-6.012035	-3.035106
-6.208497	-3.107436
-6.411907	-3.160816
-6.613422	-3.186400
-6.815253	-3.217670
-7.013294	-3.266943
-7.215441	-3.328851
-7.409060	-3.376229
-7.610259	-3.435609
-7.811774	-3.467195
-8.013605	-3.542368
-8.215120	-3.645653
-8.415056	-3.767572
-8.610254	-3.842114
-8.809559	-3.889492
-9.012338	-3.894546
-9.212905	-3.867698
-9.408735	-3.888229
-9.468747	-3.934975
-9.458008	-3.973825
-9.472854	-3.984880
-9.475064	-3.960244
-9.458956	-3.949505
-9.382203	-3.970351
-9.213221	-3.988039
-9.011390	-3.962139
-8.806716	-3.910655
-8.609623	-3.805475
-8.409371	-3.674079
-8.209751	-3.579955
-8.012974	-3.537630
-7.810511	-3.528786
-7.610259	-3.496885
-7.408744	-3.438136
-7.213230	-3.367701
-7.016452	-3.327903
-6.806725	-3.283683
-6.612790	-3.225566
-6.409380	-3.159868
-6.212918	-3.086274
-6.008245	-2.982358
-5.817469	-2.903394
-5.615005	-2.836433
-5.413175	-2.782106
-5.208501	-2.728411
-5.010776	-2.687982
-4.807365	-2.662713
-4.619116	-2.612808
-4.410336	-2.548374
-4.210084	-2.483939
-4.013623	-2.374338
-3.810844	-2.298849
-3.609013	-2.249891
-3.418869	-2.179771
-3.214827	-2.106809
-3.012364	-2.032268
-2.814639	-1.957410
-2.612176	-1.904978
-2.407819	-1.874340
-2.214515	-1.853178
-2.016475	-1.773583
-1.807379	-1.688302
-1.615024	-1.582806
-1.411613	-1.470678
-1.209150	-1.411297
-1.010162	-1.355707
-0.814016	-1.285271
-0.618818	-1.182303
-0.410670	-1.039221
-0.208839	-0.837074
-0.010798	-0.595761
0.189478	-0.326969
0.382490	-0.067652
0.585294	0.151570
0.785572	0.337001
0.987429	0.452303
1.190866	0.505057
1.387984	0.539174
1.585419	0.559391
1.782537	0.589085
1.986921	0.630783
2.183092	0.681011
2.388740	0.711968
2.588701	0.739451
2.793402	0.730922
2.981675	0.752403
3.183848	0.759037
3.387916	0.769145
3.594196	0.802314
3.787208	0.815266
3.985906	0.828850
4.183656	0.862650
4.390252	0.876234
4.586107	0.872759
4.786384	0.914141
4.987609	0.933095
5.188519	0.939729
5.382794	0.965316
5.582440	0.967212
5.785245	0.937202
5.987733	0.938465
6.184220	0.953944
6.390816	1.010489
6.594884	1.053767
6.785053	1.059769
6.986594	1.044922
7.186556	1.008278
7.385885	1.023441
7.587427	1.058821
7.791495	1.089463
7.982927	1.100204
8.186996	1.075564
8.385062	1.035129
8.586603	1.025652
8.786565	1.098308
8.987473	1.155801
9.182697	1.178230
9.381395	1.165594
9.588622	1.140954
9.786057	1.107469
9.983491	1.106837
9.781003	1.145692
9.587358	1.147588
9.378552	1.119473
9.181749	1.080934
8.987473	1.073984
8.789408	1.073984
8.593868	1.090727
8.386009	1.132741
8.180994	1.125791
7.981980	1.104626
7.784861	1.075880
7.587427	1.043974
7.389044	1.025337
7.182765	1.014280
6.984067	1.015228
6.784421	1.008910
6.589829	1.027864
6.393975	1.031023
6.188011	0.990272
5.987733	0.971318
5.786508	0.971318
5.580544	0.967528
5.385637	0.957419
5.188835	0.950153
4.985082	0.916669
4.790491	0.849699
4.582632	0.836431
4.384565	0.866125
4.183024	0.883184
3.991592	0.877182
3.787524	0.853174
3.584403	0.821900
3.388864	0.761564
3.179741	0.767566
2.985782	0.773884
2.790559	0.760616
2.585859	0.713548
2.388108	0.667743
2.187199	0.624150
1.980603	0.606775
1.782853	0.618464
1.585734	0.589717
1.388300	0.575502
1.189918	0.527486
0.983638	0.439351
0.786836	0.323102
0.588138	0.161363
0.383753	-0.055018
0.191373	-0.310544
-0.012062	-0.585654
-0.209471	-0.839285
-0.406248	-1.044274
-0.612501	-1.219258
-0.814648	-1.318752
-1.008899	-1.410350
-1.212309	-1.483944
-1.412561	-1.532270
-1.615024	-1.578069
-1.815591	-1.643766
-2.014580	-1.720519
-2.214200	-1.789691
-2.410029	-1.838017
-2.612808	-1.906242
-2.814008	-1.969412
-3.009837	-2.076803
-3.217985	-2.189563
-3.415710	-2.253050
-3.613120	-2.294743
-3.813687	-2.304218
-4.011412	-2.318432
-4.210401	-2.367705
-4.414127	-2.468147
-4.611536	-2.566693
-4.808629	-2.623547
-5.012355	-2.665872
-5.210396	-2.730306
-5.415701	-2.836433
-5.612795	-2.928347
-5.813678	-3.011417
-6.010140	-3.048687
-6.207865	-3.067323
-6.412222	-3.072692
-6.612474	-3.116280
-6.810515	-3.187348
-7.013610	-3.270417
-7.214493	-3.358225
-7.415061	-3.439399
-7.605521	-3.512994
-7.806089	-3.585956
-8.011710	-3.642810
-8.212910	-3.686398
-8.414425	-3.730302
-8.608991	-3.771678
-8.811454	-3.795368
-9.009495	-3.846536
-9.204693	-3.894862
-9.399891	-3.934028
-9.450428	-3.951084
-9.446321	-3.985512
-9.401470	-4.049314
-9.384414	-4.052789
-9.386625	-4.032890
-9.366410	-4.003200
-9.211641	-3.915708
-9.012653	-3.850326
-8.809559	-3.823795
-8.610254	-3.794104
-8.416004	-3.723037
-8.212277	-3.609645
-8.013289	-3.549633
-7.810827	-3.515521
-7.608995	-3.521206
-7.410007	-3.512678
-7.213861	-3.461825
-7.014557	-3.354750
-6.813674	-3.221776
-6.610895	-3.116912
-6.412854	-3.073640
-6.210392	-3.064164
-6.007613	-3.040159
-5.817469	-2.971303
-5.613426	-2.905605
-5.415701	-2.849383
-5.211028	-2.798531
-5.008249	-2.730306
-4.809893	-2.675979
-4.606482	-2.597963
-4.410020	-2.489625
-4.214191	-2.387288
-4.011412	-2.317484
-3.810213	-2.284635
-3.612488	-2.226202
-3.416342	-2.181351
-3.214195	-2.148818
-3.012048	-2.094175
-2.811796	-2.028793
-2.609965	-1.955515
-2.410977	-1.872445
-2.214200	-1.788744
-2.011105	-1.747051
-1.812433	-1.663033
-1.613128	-1.581227
-1.412561	-1.494683
-1.210414	-1.412561
-1.010794	-1.350653
-0.814648	-1.304854
-0.612501	-1.212941
-0.415408	-1.067016
-0.212629	-0.847813
-0.009219	-0.593866
0.189794	-0.308017
0.387228	-0.051544
0.586874	0.157888
0.786520	0.306359
0.987745	0.427979
1.186759	0.511375
1.394934	0.562866
1.591421	0.597930
1.780010	0.619727
1.986290	0.622886
2.188462	0.639628
2.383686	0.698069
2.586806	0.735345
2.791506	0.757773
2.982307	0.752087
3.185112	0.747349
3.380967	0.752719
3.588826	0.812739
3.791630	0.851278
3.989065	0.878129
4.187447	0.890449
4.382039	0.875286
4.583580	0.872127
4.787964	0.868021
4.984450	0.911298
5.185676	0.946994
5.388796	0.929304
5.582440	0.961842
5.786508	0.972582
5.989313	0.976689
6.186116	0.989956
6.388920	1.026284
6.593305	1.041447
6.785685	1.029127
6.992280	1.051556
7.190031	1.035761
7.386201	1.012385
7.587427	1.015228
7.784861	1.031654
7.985455	1.067666
8.186364	1.109996
8.388221	1.124528
8.585340	1.099572
8.786565	1.081250
8.987158	1.117262
9.184592	1.132109
9.381080	1.159276
9.583568	1.161487
9.787320	1.124843
9.990125	1.062612
9.792059	1.060085
9.583884	1.120421
9.382343	1.169385
9.178591	1.161171
8.986526	1.148536
8.787512	1.106837
8.583128	1.046817
8.385378	1.058821
8.184153	1.104310
7.987350	1.097992
7.789916	1.079355
7.586479	1.040815
7.386833	1.018387
7.184029	1.015228
6.988489	1.041131
6.784737	1.060085
6.590777	1.047449
6.386393	1.025337
6.191802	0.998801
5.986470	0.954260
5.785876	0.928041
5.592233	0.935306
5.382163	0.931831
5.187887	0.919196
4.987926	0.921723
4.781962	0.917616
4.587054	0.875918
4.391515	0.856648
4.182709	0.879077
3.990012	0.861703
3.789103	0.836747
3.582824	0.835168
3.387600	0.797576
3.182585	0.730606
2.984518	0.711653
2.789611	0.717339
2.586806	0.725236
2.387161	0.709441
2.186883	0.678799
1.983446	0.632363
1.786012	0.585610
1.585103	0.582451
1.387036	0.557812
1.186759	0.522747
0.987745	0.444405
0.785256	0.328156
0.590349	0.147148
0.390703	-0.059756
0.190426	-0.308017
-0.009535	-0.585969
-0.214209	-0.855709
-0.411302	-1.065437
-0.618818	-1.205992
-0.814964	-1.300117
-1.009530	-1.368973
-1.210098	-1.425195
-1.411613	-1.493420
-1.612497	-1.567330
-1.811801	-1.639660
-2.014580	-1.720519
-2.208514	-1.810538
-2.404976	-1.896134
-2.609018	-1.958673
-2.810849	-2.007631
-3.016154	-2.050271
-3.212932	-2.104914
-3.415395	-2.184509
-3.607434	-2.257472
-3.810529	-2.316852
-4.016782	-2.371495
-4.212927	-2.422032
-4.410652	-2.478886
-4.616905	-2.597647
-4.811472	-2.691456
-5.012039	-2.783054
-5.212923	-2.821588
-5.411280	-2.838012
-5.614058	-2.841487
-5.814626	-2.896130
-6.015193	-2.994676
-6.211655	-3.094802
-6.408432	-3.157973
-6.611211	-3.196507
-6.812095	-3.257467
-7.009820	-3.355698
-7.209124	-3.439084
-7.405269	-3.506992
-7.610891	-3.555634
-7.811458	-3.544263
-8.010447	-3.538894
-8.217332	-3.565741
-8.414425	-3.632387
-8.606780	-3.732828
-8.811769	-3.821899
-9.010758	-3.893598
-9.209115	-3.981722
-9.354408	-4.019940
-9.389467	-4.031627
-9.398943	-4.042997
-9.415684	-4.039523
-9.423265	-4.019624
-9.415051	-3.998146
-9.381887	-3.976036
-9.213536	-3.915392
-9.016443	-3.843378
-8.809875	-3.798842
-8.604569	-3.776100
-8.410634	-3.787471
-8.208803	-3.738198
-8.009500	-3.651970
-7.810827	-3.542684
-7.610259	-3.441611
-7.413166	-3.372123
-7.215441	-3.345591
-7.009503	-3.299476
-6.811779	-3.229356
-6.607421	-3.122282
-6.408432	-3.054689
-6.210076	-3.036053
-6.007929	-3.033842
-5.813994	-3.016470
-5.617533	-2.950457
-5.410964	-2.851278
-5.211344	-2.740413
-5.010776	-2.658923
-4.809577	-2.611545
-4.614063	-2.591962
-4.407178	-2.554059
-4.206295	-2.476991
-4.011096	-2.398975
-3.810844	-2.348754
-3.608382	-2.289689
-3.418869	-2.237889
-3.214195	-2.175981
-3.008890	-2.091332
-2.809901	-1.994365
-2.610597	-1.907189
-2.408450	-1.837069
-2.213252	-1.780847
-2.011421	-1.729047
-1.810853	-1.681353
-1.614076	-1.604600
-1.411613	-1.537323
-1.208203	-1.465940
-1.004477	-1.384766
-0.812437	-1.283060
-0.615344	-1.189252
-0.413197	-1.045538
-0.211050	-0.839285
-0.012378	-0.593234
0.189478	-0.308965
0.385017	-0.054702
0.583399	0.174947
0.785256	0.336053
0.989956	0.421977
1.187391	0.503478
1.389248	0.550862
1.585103	0.593192
1.781274	0.619727
1.987237	0.640892
2.192253	0.631731
2.389056	0.646894
2.585227	0.699964
2.789927	0.750192
2.984834	0.784624
3.186059	0.801051
3.387285	0.804210
3.592932	0.778938
3.790683	0.809580
3.990960	0.868652
4.183024	0.890133
4.386145	0.883815
4.582948	0.885711
4.793018	0.853489
4.986346	0.876550
5.186939	0.941308
5.383426	0.979216
5.582756	0.998169
5.786508	1.005751
5.986470	0.991220
6.188643	0.962789
6.388920	0.976689
6.587303	1.008278
6.782526	1.039236
6.986278	1.010489
7.191926	1.005119
7.385570	1.048081
7.589638	1.036077
7.786757	1.066087
7.983243	1.102099
8.192681	1.103994
8.382851	1.108417
8.587551	1.111260
8.787196	1.099888
8.994740	1.071457
9.183013	1.084725
9.380763	1.107153
9.584831	1.129582
9.777528	1.190234
9.987598	1.173175
9.783529	1.139375
9.587675	1.109365
9.386450	1.115682
9.177643	1.132425
8.987790	1.135900
8.784669	1.127055
8.585971	1.087884
8.384746	1.019650
8.182257	1.007962
7.981664	1.075880
7.789599	1.110628
7.585531	1.108417
7.384938	1.089779
7.186240	1.039236
6.982487	0.985534
6.783473	0.996906
6.590146	1.030391
6.383550	1.020282
6.187063	0.996590
5.983943	0.946047
5.792194	0.920459
5.585283	0.925514
5.383110	0.946363
5.190098	0.954576
4.987609	0.945731
4.787648	0.919196
4.586107	0.888238
4.387724	0.851594
4.184920	0.836431
3.990012	0.849067
3.785312	0.825375
3.585983	0.802314
3.387600	0.783045
3.181005	0.782729
2.988309	0.737240
2.789611	0.724920
2.588386	0.723657
2.386845	0.695542
2.194780	0.660793
1.986605	0.637101
1.785696	0.600773
1.579732	0.555600
1.388932	0.522431
1.190234	0.485472
0.986165	0.452619
0.787467	0.353112
0.583399	0.171788
0.384701	-0.066073
0.190110	-0.325074
-0.015852	-0.606500
-0.212945	-0.852235
-0.404669	-1.040484
-0.613449	-1.177881
-0.815912	-1.271690
-1.015216	-1.374658
-1.209466	-1.459307
-1.409402	-1.523742
-1.620393	-1.603653
-1.812433	-1.689881
-2.014580	-1.770108
-2.212936	-1.849388
-2.411609	-1.900872
-2.613440	-1.939406
-2.811165	-1.985521
-3.013312	-2.015843
-3.217038	-2.081541
-3.415395	-2.171875
-3.610909	-2.249575
-3.813056	-2.348122
-4.011728	-2.430244
-4.212612	-2.495626
-4.412231	-2.545531
-4.613115	-2.602069
-4.807050	-2.649763
-5.008565	-2.728727
-5.208817	-2.797583
-5.414122	-2.855069
-5.613426	-2.894866
-5.815258	-2.930242
-6.010771	-2.985201
-6.211023	-3.082800
-6.410327	-3.190822
-6.610895	-3.248623
-6.815253	-3.279261
-7.018348	-3.292527
-7.214177	-3.296633
-7.412850	-3.364226
-7.609312	-3.457087
-7.811458	-3.549001
-8.015184	-3.595432
-8.213541	-3.619121
-8.417268	-3.682292
-8.608675	-3.777048
-8.809243	-3.886334
-9.014548	-3.992461
-9.212905	-4.043629
-9.361357	-4.017729
-9.455166	-3.954558
-9.494016	-3.938450
-9.499069	-3.952031
-9.452323	-3.978879
-9.420106	-3.994040
-9.373675	-3.991829
-9.211641	-3.949189
-9.012021	-3.909075
-8.810506	-3.877174
-8.609307	-3.834533
-8.416951	-3.774837
-8.215753	-3.679449
-8.014553	-3.557529
-7.813669	-3.480461
-7.610259	-3.411288
-7.410323	-3.355066
-7.215125	-3.312742
-7.009820	-3.305161
-6.816201	-3.288421
-6.611211	-3.233146
-6.412222	-3.168080
-6.209128	-3.095750
-6.013614	-2.996256
-5.813994	-2.925820
-5.612795	-2.881600
-5.410648	-2.830432
-5.208501	-2.755259
-5.010144	-2.675979
-4.804839	-2.605228
-4.607114	-2.573642
-4.411284	-2.553743
-4.215454	-2.506365
-4.011728	-2.431508
-3.812108	-2.322854
-3.608698	-2.205987
-3.413815	-2.121970
-3.219565	-2.079962
-3.012996	-2.045849
-2.810533	-2.002577
-2.611229	-1.932457
-2.408450	-1.857916
-2.213252	-1.809590
-2.014264	-1.754947
-1.807063	-1.697778
-1.615024	-1.622288
-1.411929	-1.549642
-1.210414	-1.449832
-1.010162	-1.359813
-0.816227	-1.286851
-0.613765	-1.185777
-0.406248	-1.047749
-0.208523	-0.830757
-0.008903	-0.590707
0.187582	-0.321599
0.388176	-0.058808
0.581820	0.168313
0.785572	0.338264
0.987113	0.439667
1.184548	0.494317
1.391143	0.546124
1.583207	0.583715
1.788223	0.595087
1.986921	0.634574
2.191305	0.663952
2.387792	0.690803
2.588701	0.717339
2.791190	0.741347
2.983886	0.766618
3.186691	0.794417
3.382230	0.808632
3.586298	0.814318
3.787524	0.792206
3.987485	0.797576
4.188711	0.830745
4.383618	0.879077
4.583580	0.928988
4.787332	0.937518
4.986030	0.915721
5.190098	0.899610
5.391955	0.917932
5.588442	0.975741
5.784929	1.007015
5.985838	1.004803
6.188327	0.986481
6.389552	0.939097
6.588882	0.950469
6.783789	1.031654
6.986278	1.067666
7.184976	1.080618
7.386833	1.092938
7.582688	1.055978
7.788020	1.028495
7.985770	1.037341
8.186364	1.089147
8.393275	1.111576
8.585340	1.092938
8.785301	1.086936
8.981156	1.102731
9.182065	1.103678
9.382975	1.133688
9.582936	1.171280
9.787004	1.176966
9.987914	1.153590
9.787320	1.152326
9.585464	1.116314
9.383923	1.064192
9.180486	1.089463
8.987473	1.075564
8.789408	1.085041
8.583444	1.118210
8.386009	1.125791
8.180677	1.073037
7.981664	1.064507
7.790547	1.075248
7.588058	1.073037
7.386201	1.077143
7.191926	1.060717
6.985014	1.024073
6.786001	0.965000
6.586987	0.952681
6.388288	0.998801
6.187695	1.028180
5.986154	1.024389
5.787140	1.009226
5.579597	0.950785
5.383110	0.902769
5.189466	0.904665
4.989820	0.930884
4.785437	0.923618
4.586107	0.898978
4.384250	0.850331
4.184288	0.821584
3.984642	0.814318
3.785628	0.846856
3.591669	0.841801
3.389180	0.814950
3.186691	0.792206
2.982623	0.760932
2.788979	0.704387
2.588701	0.687645
2.386529	0.687013
2.186567	0.657950
1.983762	0.626993
1.790434	0.599194
1.582576	0.575186
1.394618	0.532540
1.195920	0.505689
0.991536	0.465254
0.786204	0.345530
0.586874	0.174315
0.381226	-0.057861
0.189794	-0.312124
-0.011114	-0.583127
-0.215156	-0.838021
-0.411618	-1.039537
-0.613449	-1.178513
-0.819070	-1.288114
-1.010794	-1.397084
-1.209782	-1.507949
-1.410034	-1.582175
-1.611549	-1.632396
-1.815591	-1.675352
-2.015211	-1.722098
-2.216095	-1.800114
-2.410977	-1.880657
-2.611545	-1.952988
-2.813692	-2.000366
-3.014891	-2.052482
-3.213248	-2.131446
-3.418869	-2.212305
-3.609645	-2.296638
-3.811476	-2.385393
-4.015203	-2.427717
-4.207242	-2.451722
-4.409705	-2.468778
-4.614694	-2.499100
-4.805786	-2.595436
-5.010144	-2.683560
-5.211344	-2.769156
-5.412543	-2.841171
-5.615953	-2.916976
-5.815573	-2.988675
-6.010771	-3.037317
-6.205022	-3.088169
-6.408748	-3.139653
-6.617528	-3.177240
-6.813674	-3.223987
-7.011714	-3.284631
-7.219231	-3.354119
-7.408744	-3.398970
-7.609943	-3.479197
-7.811774	-3.577744
-8.011079	-3.682923
-8.211646	-3.741356
-8.416320	-3.763782
-8.609307	-3.761571
-8.812717	-3.793473
-9.006021	-3.864224
-9.211010	-3.959296
-9.361041	-4.005411
-9.423265	-3.991829
-9.471274	-3.964034
-9.487699	-3.958980
-9.435266	-3.998778
-9.361988	-4.053105
-9.299765	-4.087217
-9.211010	-4.064476
-9.010442	-3.936239
-8.807347	-3.799790
-8.608675	-3.692083
-8.412530	-3.655444
-8.216700	-3.648495
-8.012341	-3.620068
-7.810511	-3.570795
-7.610259	-3.506676
-7.409691	-3.459614
-7.217652	-3.408130
-7.011399	-3.362647
-6.810831	-3.293475
-6.610579	-3.214511
-6.404326	-3.118491
-6.210392	-3.044581
-6.007613	-2.955826
-5.813046	-2.903394
-5.614058	-2.857595
-5.411280	-2.825378
-5.213871	-2.795372
-5.010144	-2.735676
-4.807997	-2.679138
-4.615642	-2.601437
-4.414443	-2.507629
-4.211032	-2.436245
-4.011728	-2.383182
-3.810844	-2.325696
-3.608698	-2.252418
-3.416342	-2.164926
-3.214511	-2.090701
-3.012996	-2.048376
-2.812428	-2.022792
-2.610597	-1.982362
-2.411609	-1.908768
-2.214200	-1.819066
-2.013632	-1.717045
-1.811801	-1.625447
-1.610286	-1.579016
-1.411929	-1.529427
-1.209782	-1.453622
-1.012373	-1.362656
-0.815280	-1.269163
-0.619134	-1.192094
-0.412881	-1.052487
-0.210418	-0.862342
-0.014589	-0.598919
0.190110	-0.321599
0.388492	-0.060387
0.583399	0.176210
0.785572	0.338896
0.990588	0.427031
1.189286	0.478522
1.387668	0.521800
1.583207	0.584347
1.784748	0.628888
1.984078	0.666164
2.190042	0.686065
2.386213	0.691435
2.589017	0.694278
2.793718	0.716075
2.987045	0.759984
3.184796	0.782097
3.386653	0.790942
3.582824	0.806105
3.784049	0.839590
3.989697	0.836431
4.186815	0.848435
4.383618	0.898978
4.590529	0.902769
4.785437	0.909087
4.986978	0.941940
5.190098	0.921723
5.382794	0.900558
5.584651	0.920775
5.786192	0.946994
5.989629	0.983006
6.187379	1.044922
6.383234	1.033550
6.588566	1.010173
6.786001	1.003224
6.983119	1.022177
7.187187	1.057558
7.386201	1.069562
7.589638	1.087252
7.788336	1.055978
7.983243	0.997222
8.186048	1.020914
8.386009	1.110628
8.589762	1.145692
8.785617	1.158644
8.988421	1.152010
9.184277	1.115682
9.380132	1.071141
9.583884	1.129266
9.781003	1.165594
9.985387	1.165278
9.789216	1.130845
9.581988	1.094517
9.381395	1.087568
9.180801	1.094833
8.986842	1.123264
8.784986	1.156749
8.585655	1.134636
8.382851	1.105890
8.180994	1.089779
7.987350	1.050924
7.788020	1.033550
7.587111	1.050608
7.386833	1.035761
7.185292	1.030075
6.985331	1.054083
6.786948	1.032602
6.592673	0.990588
6.390184	0.996906
6.185800	0.993431
5.984890	0.990904
5.787140	0.979532
5.584335	0.964685
5.383426	0.919827
5.188835	0.871811
4.985082	0.873391
4.785120	0.900242
4.588634	0.916037
4.383618	0.908455
4.182393	0.878129
3.994751	0.828534
3.785628	0.811475
3.587246	0.809264
3.383178	0.814950
3.184796	0.792838
2.986729	0.756826
2.782977	0.699333
2.590281	0.657319
2.389372	0.656371
2.185619	0.671850
1.990396	0.655739
1.782853	0.624781
1.582891	0.594455
1.390511	0.537278
1.184548	0.497792
0.987113	0.437140
0.795365	0.339212
0.584347	0.173999
0.385649	-0.051228
0.186003	-0.308965
-0.010798	-0.592287
-0.209471	-0.850340
-0.412565	-1.073017
-0.613765	-1.212309
-0.815596	-1.308329
-1.010162	-1.368025
-1.206308	-1.441619
-1.418246	-1.520583
-1.611865	-1.601126
-1.810853	-1.669982
-2.011737	-1.728415
-2.209462	-1.783374
-2.416662	-1.863917
-2.611229	-1.971939
-2.810533	-2.067643
-3.017418	-2.120391
-3.214511	-2.154819
-3.415079	-2.175665
-3.610277	-2.194617
-3.812424	-2.273896
-4.010465	-2.375601
-4.212927	-2.470989
-4.417917	-2.531634
-4.615326	-2.583434
-4.808945	-2.655764
-5.012987	-2.732517
-5.209133	-2.819693
-5.414438	-2.900552
-5.613111	-2.960880
-5.816205	-2.975725
-6.010771	-2.961512
-6.209128	-2.997835
-6.415697	-3.092907
-6.611843	-3.181978
-6.813674	-3.251466
-7.015821	-3.317796
-7.216704	-3.400549
-7.409691	-3.465931
-7.611522	-3.526575
-7.813037	-3.571743
-8.014237	-3.618173
-8.216384	-3.655760
-8.415372	-3.677238
-8.609623	-3.721458
-8.813664	-3.775469
-9.010758	-3.835481
-9.214800	-3.924236
-9.358514	-4.012991
-9.356303	-4.063844
-9.375255	-4.068266
-9.400522	-4.053105
-9.425791	-4.013623
-9.435582	-3.972246
-9.389152	-3.957401
-9.211326	-3.940977
-9.017391	-3.900863
-8.809875	-3.833270
-8.614045	-3.735039
-8.417899	-3.664604
-8.208803	-3.651022
-8.014237	-3.652286
-7.814933	-3.627017
-7.609943	-3.546158
-7.406848	-3.433714
-7.216704	-3.302003
-7.009820	-3.202193
-6.813674	-3.163343
-6.615317	-3.146286
-6.410644	-3.109016
-6.210392	-3.040791
-6.010140	-2.988991
-5.814626	-2.955826
-5.612795	-2.920135
-5.410016	-2.858227
-5.209764	-2.793161
-5.010144	-2.706301
-4.810208	-2.593857
-4.614694	-2.518683
-4.413811	-2.447932
-4.211348	-2.398343
-4.011096	-2.367073
-3.808002	-2.346227
-3.603644	-2.300744
-3.417921	-2.228413
-3.215143	-2.147238
-3.015523	-2.079330
-2.810533	-1.992786
-2.609334	-1.935300
-2.409398	-1.870550
-2.214831	-1.789691
-2.017738	-1.711359
-1.814328	-1.633659
-1.610917	-1.574594
-1.412877	-1.524689
-1.208203	-1.472257
-1.014584	-1.418562
-0.815280	-1.331070
-0.614080	-1.202202
-0.411302	-1.041432
-0.214209	-0.833284
-0.010167	-0.586917
0.191373	-0.316230
0.385649	-0.063862
0.586558	0.151886
0.786204	0.343003
0.989640	0.457357
1.185179	0.517061
1.390511	0.544544
1.584155	0.556548
1.780958	0.599194
1.985658	0.646262
2.190042	0.672482
2.386213	0.691751
2.593440	0.694278
2.788031	0.708809
2.984834	0.724604
3.186691	0.783993
3.383178	0.826322
3.586614	0.842749
3.787524	0.849383
3.985906	0.839590
4.186183	0.828218
4.385513	0.862335
4.581052	0.899926
4.787964	0.905928
4.989189	0.890449
5.187887	0.914141
5.384690	0.935306
5.585283	0.958998
5.784929	0.977952
5.986154	1.022177
6.188327	1.025968
6.385446	1.026916
6.589829	1.035445
6.793266	1.005119
6.983119	0.995642
7.190346	1.014596
7.388097	1.037025
7.590586	1.069562
7.785493	1.104942
7.982612	1.097360
8.180994	1.067035
8.381587	1.071457
8.585024	1.095465
8.783722	1.124212
8.986526	1.162751
9.183329	1.147588
9.378868	1.099256
9.583252	1.039868
9.787320	1.063560
9.986650	1.148852
9.787637	1.190866
9.581988	1.184232
9.382659	1.156433
9.183961	1.092938
8.986210	1.056610
8.786880	1.091043
8.584707	1.121684
8.390432	1.113155
8.182573	1.079670
7.984191	1.037341
7.790231	1.019650
7.586163	1.049345
7.393467	1.073353
7.181185	1.086620
6.985331	1.078407
6.783157	1.033234
6.588250	1.009542
6.387341	0.976373
6.184852	0.967844
5.988365	0.976373
5.789035	0.951417
5.586863	0.945731
5.383110	0.955208
5.188203	0.929936
4.986662	0.900558
4.787016	0.906876
4.583263	0.910035
4.384565	0.892029
4.185236	0.870864
3.991908	0.854121
3.790683	0.799471
3.585035	0.776727
3.384757	0.765039
3.188271	0.770093
2.985150	0.770409
2.791822	0.751771
2.589017	0.715443
2.383370	0.668375
2.185619	0.645946
1.987869	0.626677
1.788223	0.611514
1.587630	0.586242
1.391775	0.549914
1.183284	0.488631
0.988377	0.412184
0.786204	0.324997
0.581820	0.167681
0.382806	-0.057861
0.188214	-0.324442
-0.005745	-0.619766
-0.214209	-0.845918
-0.413513	-1.058172
-0.614080	-1.209466
-0.814648	-1.295063
-1.008583	-1.369605
-1.212941	-1.447305
-1.410982	-1.526900
-1.609022	-1.618182
-1.808642	-1.709780
-2.013948	-1.776425
-2.213568	-1.834543
-2.409398	-1.900240
-2.612176	-1.946355
-2.811481	-1.994997
-3.012680	-2.084699
-3.213248	-2.145343
-3.414131	-2.213252
-3.612804	-2.260630
-3.813371	-2.302955
-4.009517	-2.394237
-4.214822	-2.490572
-4.413495	-2.587540
-4.613115	-2.633655
-4.808629	-2.671873
-5.007301	-2.679453
-5.214186	-2.696826
-5.411911	-2.757154
-5.612795	-2.852542
-5.819364	-2.944455
-6.010140	-2.983621
-6.204706	-3.014891
-6.412854	-3.103330
-6.613106	-3.202824
-6.811779	-3.314321
-7.017084	-3.402760
-7.215441	-3.435925
-7.407480	-3.415710
-7.612154	-3.389179
-7.811142	-3.444453
-8.012026	-3.548369
-8.212910	-3.643441
-8.414109	-3.715141
-8.613097	-3.760624
-8.813033	-3.827585
-9.010126	-3.905917
-9.211957	-3.963718
-9.367042	-4.003200
-9.411577	-4.003831
-9.450428	-3.988986
-9.476644	-3.973194
-9.451375	-3.980458
-9.423265	-3.988039
-9.383782	-3.973510
-9.218591	-3.935607
-9.011705	-3.934659
-8.807980	-3.908128
-8.607096	-3.847484
-8.410003	-3.771994
-8.211646	-3.668710
-8.012658	-3.562267
-7.803878	-3.510467
-7.612786	-3.456140
-7.409376	-3.404340
-7.213230	-3.334220
-7.017084	-3.235042
-6.813042	-3.175029
-6.610579	-3.155446
-6.415065	-3.155446
-6.208497	-3.132073
-6.010771	-3.062269
-5.815889	-2.948246
-5.613111	-2.840855
-5.404963	-2.766314
-5.212607	-2.720830
-5.009512	-2.696826
-4.809261	-2.635234
-4.619432	-2.554691
-4.412863	-2.496258
-4.211348	-2.457408
-4.013939	-2.419505
-3.808949	-2.377812
-3.613120	-2.306113
-3.415079	-2.221148
-3.212300	-2.151976
-3.012996	-2.058799
-2.810849	-1.973203
-2.610913	-1.915717
-2.411293	-1.854125
-2.212305	-1.801694
-2.014264	-1.738207
-1.814012	-1.676931
-1.605864	-1.630500
-1.405928	-1.558486
-1.208835	-1.460571
-1.004161	-1.377501
-0.814332	-1.284324
-0.615976	-1.173775
-0.413197	-1.035746
-0.210734	-0.831704
-0.009535	-0.584074
0.187267	-0.312755
0.385649	-0.066073
0.586242	0.149991
0.785256	0.336369
0.993115	0.444721
1.187075	0.508532
1.389879	0.564445
1.581628	0.585926
1.781590	0.587822
1.986605	0.614041
2.186567	0.656371
2.394110	0.703123
2.595967	0.740083
2.784873	0.754614
2.981359	0.763775
3.185112	0.757457
3.385389	0.783993
3.588510	0.823164
3.791314	0.849067
3.989381	0.844960
4.183341	0.837379
4.386461	0.808001
4.588002	0.859491
4.787648	0.922355
4.993296	0.964053
5.187571	0.972898
5.382794	0.976373
5.585283	0.948258
5.786824	0.937202
5.991524	0.970371
6.189590	1.015860
6.387657	1.016176
6.592357	1.002592
6.786316	0.996906
6.986278	1.019966
7.188135	1.027232
7.386517	1.064507
7.594060	1.092306
7.791179	1.087252
7.983875	1.083461
8.185416	1.085357
8.383166	1.058190
8.583760	1.066403
8.789723	1.081566
8.981472	1.088200
9.181434	1.130530
9.383290	1.167173
9.583568	1.163383
9.783529	1.118841
9.986018	1.135900
9.783214	1.146324
9.587991	1.156117
9.380132	1.158644
9.182065	1.134320
8.989685	1.077143
8.788144	1.012701
8.591658	1.040815
8.379375	1.101467
8.186048	1.139691
7.983243	1.112839
7.787072	1.086304
7.588690	1.036393
7.391256	1.001013
7.186240	1.061980
6.982487	1.057558
6.783789	1.050608
6.589829	1.017755
6.386077	0.957103
6.187695	0.930884
5.989313	0.951733
5.783981	0.989324
5.583704	0.989324
5.392587	0.965316
5.185676	0.941624
4.984766	0.902137
4.786700	0.876234
4.582948	0.889502
4.385513	0.882868
4.183341	0.853174
3.992224	0.826954
3.784365	0.838642
3.587878	0.808632
3.385705	0.783677
3.186059	0.780202
2.984202	0.765039
2.788347	0.741663
2.588386	0.718286
2.387792	0.675956
2.187515	0.637417
1.981867	0.608671
1.784117	0.593508
1.585103	0.578029
1.386405	0.560339
1.196236	0.520536
0.991220	0.447248
0.783677	0.331631
0.585294	0.160416
0.385333	-0.059756
0.187267	-0.307386
-0.012378	-0.583127
-0.214524	-0.837705
-0.410986	-1.035430
-0.615976	-1.202202
-0.814016	-1.292536
-1.011110	-1.368657
-1.207887	-1.468467
-1.412877	-1.551537
-1.612497	-1.627342
-1.816855	-1.703147
-2.014580	-1.753684
-2.216095	-1.789375
-2.411293	-1.847808
-2.610913	-1.910663
-2.816218	-1.984573
-3.014891	-2.051219
-3.214827	-2.137763
-3.411920	-2.200934
-3.608066	-2.266316
-3.811792	-2.355387
-4.013939	-2.409082
-4.212927	-2.457092
-4.412231	-2.508576
-4.618484	-2.563219
-4.806734	-2.609018
-5.010144	-2.663977
-5.211975	-2.727779
-5.411911	-2.777368
-5.615637	-2.859491
-5.809572	-2.991202
-6.005718	-3.078378
-6.210707	-3.122597
-6.408432	-3.147234
-6.613422	-3.156710
-6.815253	-3.190822
-7.013926	-3.283051
-7.213230	-3.396759
-7.408744	-3.470669
-7.609627	-3.508572
-7.810827	-3.533524
-8.014553	-3.594484
-8.214805	-3.690504
-8.411898	-3.787155
-8.603937	-3.868014
-8.810822	-3.883175
-9.011705	-3.859486
-9.213536	-3.849063
-9.407156	-3.904969
-9.440004	-3.965929
-9.424844	-4.010149
-9.430844	-4.022467
-9.428002	-4.006990
-9.400522	-4.018992
-9.339562	-4.039207
-9.211957	-4.014886
-9.011390	-3.959612
-8.808927	-3.899284
-8.606780	-3.784944
-8.415689	-3.667131
-8.214489	-3.583745
-8.013289	-3.530366
-7.810827	-3.500675
-7.604258	-3.460562
-7.408112	-3.439084
-7.215441	-3.414763
-7.011399	-3.351276
-6.813358	-3.292527
-6.612159	-3.204088
-6.412854	-3.118176
-6.209760	-3.063533
-6.008245	-3.016786
-5.815889	-2.941613
-5.616585	-2.861070
-5.410648	-2.800742
-5.213871	-2.750205
-5.011092	-2.730938
-4.807682	-2.709775
-4.618169	-2.657028
-4.412231	-2.577748
-4.217033	-2.457092
-4.011412	-2.345595
-3.813687	-2.274212
-3.610909	-2.226202
-3.413815	-2.189563
-3.217038	-2.118180
-3.012680	-2.045533
-2.810533	-1.982678
-2.612492	-1.940985
-2.409714	-1.896450
-2.213252	-1.849704
-2.013316	-1.774530
-1.812433	-1.668087
-1.609970	-1.565434
-1.406875	-1.477627
-1.206624	-1.413193
-1.010478	-1.338651
-0.815280	-1.282429
-0.613449	-1.175038
-0.411934	-1.046801
-0.213261	-0.850971
-0.009851	-0.599551
0.194216	-0.323494
0.385965	-0.060703
0.588453	0.150939
0.785256	0.328472
0.988061	0.438719
1.187391	0.499687
1.387036	0.548967
1.585419	0.584979
1.786012	0.614989
1.984394	0.633311
2.184040	0.668691
2.385581	0.717023
2.589649	0.732186
2.788031	0.750824
2.983886	0.762512
3.184796	0.762196
3.390128	0.758405
3.589458	0.781465
3.784681	0.827586
3.987170	0.879393
4.184288	0.894240
4.379511	0.883815
4.585475	0.878761
4.788280	0.885079
4.986978	0.916669
5.192626	0.944783
5.383426	0.962789
5.584651	0.971318
5.787140	0.938465
5.986786	0.909403
6.188011	0.959946
6.390500	1.023441
6.592988	1.056294
6.789159	1.067666
6.985646	1.062612
7.187503	1.012701
7.384622	1.004171
7.588374	1.055978
7.788968	1.082198
7.985138	1.078723
8.186048	1.060401
8.384114	1.053135
8.585655	1.056926
8.790987	1.103047
8.982736	1.152010
9.181118	1.168753
9.391504	1.158012
9.580409	1.146008
9.783214	1.135268
9.988862	1.105574
9.780371	1.116314
9.585148	1.124528
9.382659	1.101151
9.181749	1.111892
8.987790	1.133057
8.788460	1.099256
8.582180	1.071457
8.387273	1.103363
8.182889	1.091359
7.985138	1.092306
7.792758	1.090411
7.582372	1.076196
7.386201	1.010173
7.187187	0.983638
6.984067	1.002592
6.786633	1.029759
6.588250	1.063876
6.387025	1.046185
6.187063	1.002908
5.989945	0.952365
5.783665	0.945415
5.583704	0.964053
5.384690	0.963737
5.185992	0.947626
4.987926	0.914457
4.783857	0.856017
4.584843	0.836115
4.387093	0.865178
4.182077	0.890133
3.994751	0.875286
3.786576	0.860755
3.588194	0.815898
3.386969	0.770093
3.183532	0.751139
2.986414	0.753667
2.787715	0.732502
2.593124	0.703755
2.387161	0.679431
2.185935	0.651317
1.985342	0.618779
1.782221	0.599510
1.581628	0.593508
1.390511	0.566657
1.185495	0.512323
0.986797	0.448196
0.793154	0.332262
0.586558	0.157888
0.382806	-0.049964
0.190110	-0.312124
-0.014589	-0.591339
-0.210734	-0.846549
-0.415724	-1.063226
-0.612817	-1.229365
-0.819070	-1.348442
-1.009530	-1.430565
-1.212309	-1.478890
-1.413193	-1.511739
-1.609022	-1.556590
-1.814012	-1.634607
-2.013632	-1.724625
-2.211989	-1.801378
-2.412556	-1.829805
-2.611545	-1.903399
-2.813060	-1.995312
-3.013943	-2.090385
-3.217354	-2.180403
-3.416342	-2.249259
-3.611540	-2.280213
-3.813687	-2.310220
-4.013307	-2.343384
-4.214191	-2.421716
-4.413495	-2.501943
-4.612799	-2.579012
-4.815894	-2.658923
-5.009829	-2.724621
-5.212923	-2.802953
-5.414438	-2.858227
-5.610584	-2.922977
-5.815889	-2.964038
-6.010771	-3.004784
-6.205970	-3.051214
-6.407485	-3.088485
-6.606473	-3.172503
-6.813990	-3.246097
-7.015505	-3.296317
-7.214809	-3.385388
-7.414745	-3.487093
-7.610259	-3.562899
-7.811774	-3.602696
-8.014553	-3.632387
-8.211646	-3.619121
-8.416951	-3.655444
-8.607728	-3.748937
-8.809875	-3.838008
-9.016443	-3.906233
-9.208483	-3.938134
-9.397996	-3.950452
-9.419474	-3.987091
-9.394522	-4.037312
-9.362936	-4.088165
-9.345880	-4.097956
-9.356935	-4.068266
-9.368937	-4.003516
-9.210062	-3.876542
-9.011705	-3.825374
-8.810506	-3.812108
-8.608359	-3.787471
-8.418215	-3.718299
-8.215753	-3.617857
-8.011079	-3.571111
-7.814301	-3.547738
-7.610891	-3.521837
-7.409376	-3.481408
-7.214809	-3.408130
-7.015821	-3.303266
-6.810199	-3.190822
-6.608684	-3.103962
-6.406221	-3.057531
-6.211023	-3.019629
-6.004455	-2.994992
-5.814626	-2.942876
-5.613426	-2.907816
-5.416649	-2.849699
-5.212923	-2.780843
-5.005722	-2.706933
-4.812419	-2.624179
-4.617221	-2.553112
-4.406546	-2.500996
-4.215770	-2.418242
-4.011728	-2.363283
-3.810213	-2.312430
-3.610277	-2.246417
-3.416026	-2.211673
-3.217670	-2.184509
-3.015207	-2.122918
-2.810533	-2.036690
-2.604280	-1.934037
-2.412556	-1.833279
-2.215463	-1.764107
-2.016475	-1.711043
-1.811169	-1.658296
-1.613444	-1.584070
-1.414456	-1.497842
-1.209782	-1.421721
-1.010478	-1.361392
-0.815280	-1.312435
-0.612501	-1.220837
-0.412881	-1.059120
-0.210418	-0.845918
-0.013009	-0.586601
0.189162	-0.305175
0.391967	-0.060703
0.586558	0.154414
0.787152	0.311098
0.986797	0.430506
1.188654	0.515798
1.389879	0.562866
1.586366	0.603301
1.787276	0.623518
1.982499	0.634574
2.189726	0.640892
2.388740	0.681958
2.583647	0.716391
2.795929	0.736292
2.984834	0.753982
3.183532	0.770725
3.387916	0.792838
3.583771	0.801683
3.788156	0.845276
3.995699	0.860439
4.187447	0.881604
4.385513	0.891397
4.584527	0.888870
4.787016	0.874654
4.989820	0.887606
5.188835	0.904349
5.384058	0.930568
5.586863	0.986165
5.782402	1.001644
5.988997	0.994695
6.188643	0.982691
6.385446	0.998801
6.590146	1.026284
6.785053	1.050292
6.984383	1.067351
7.187187	1.048713
7.384306	0.996274
7.592797	0.982375
7.788020	1.044290
7.983875	1.106206
8.186996	1.140322
8.391064	1.135268
8.586603	1.130214
8.788460	1.071141
8.986526	1.078723
9.183013	1.125791
9.384870	1.156749
9.584200	1.153274
9.785741	1.115682
9.986650	1.091990
9.781634	1.090727
9.584831	1.130214
9.384554	1.155485
9.180801	1.166226
8.989054	1.143481
8.786565	1.113155
8.586603	1.083145
8.391379	1.048397
8.183837	1.078407
7.982927	1.076512
7.790863	1.047449
7.587427	1.058821
7.387149	1.064823
7.183397	1.038288
6.985646	1.021230
6.785053	1.044606
6.584775	1.037025
6.389236	1.009542
6.186431	1.015860
5.983311	0.975741
5.784929	0.924566
5.586863	0.891081
5.385005	0.905928
5.188519	0.935622
4.986030	0.967212
4.782593	0.943835
4.580105	0.899610
4.383934	0.853805
4.185236	0.850015
3.986538	0.859176
3.788471	0.850331
3.583456	0.819373
3.385705	0.789047
3.191430	0.714496
2.985150	0.702492
2.798140	0.729659
2.584595	0.739767
2.388108	0.706914
2.188147	0.676588
1.981551	0.635522
1.783485	0.588769
1.586050	0.566025
1.389564	0.550230
1.191813	0.510427
0.995642	0.435560
0.785888	0.325945
0.586874	0.166418
0.382490	-0.066705
0.190741	-0.322231
-0.009219	-0.609343
-0.213261	-0.861395
-0.412249	-1.060383
-0.619766	-1.197780
-0.817175	-1.284956
-1.010162	-1.372763
-1.213572	-1.447305
-1.412877	-1.500368
-1.609970	-1.567330
-1.815275	-1.633027
-2.013632	-1.728099
-2.214200	-1.835806
-2.410977	-1.911611
-2.611861	-1.966570
-2.812428	-2.005420
-3.013628	-2.031320
-3.209457	-2.084699
-3.415395	-2.167453
-3.605539	-2.245785
-3.812740	-2.296322
-4.010149	-2.355071
-4.211348	-2.416978
-4.412231	-2.516157
-4.609641	-2.619757
-4.807365	-2.701247
-5.010460	-2.758733
-5.212291	-2.773894
-5.407805	-2.756838
-5.616269	-2.798531
-5.815258	-2.873072
-6.009508	-2.964670
-6.213866	-3.065744
-6.413486	-3.133337
-6.610895	-3.187663
-6.816516	-3.261889
-7.014873	-3.327271
-7.219231	-3.390442
-7.409060	-3.442242
-7.613418	-3.481724
-7.811142	-3.505097
-8.012658	-3.538894
-8.214173	-3.589746
-8.411582	-3.657023
-8.612149	-3.728091
-8.813664	-3.811476
-9.011074	-3.922025
-9.213853	-4.006359
-9.346828	-4.036365
-9.385362	-4.032574
-9.433372	-4.007306
-9.459904	-3.988671
-9.439056	-3.994672
-9.406524	-4.010149
-9.366726	-3.997199
-9.212905	-3.910970
-9.011705	-3.832639
-8.809243	-3.796315
-8.609623	-3.811792
-8.411898	-3.800105
-8.207224	-3.726195
-8.012026	-3.607434
-7.813669	-3.456456
-7.608364	-3.365805
-7.411586	-3.325692
-7.215756	-3.325376
-7.018979	-3.311794
-6.812410	-3.239148
-6.614054	-3.157657
-6.412222	-3.096066
-6.208497	-3.058163
-6.006981	-3.031631
-5.814626	-3.006995
-5.612163	-2.938770
-5.410964	-2.835486
-5.212291	-2.731570
-5.008881	-2.650079
-4.812735	-2.603017
-4.613747	-2.569220
-4.415074	-2.510471
-4.213559	-2.464356
-4.010780	-2.413820
-3.810213	-2.362020
-3.612172	-2.292532
-3.415710	-2.223044
-3.215143	-2.153556
-3.012996	-2.077435
-2.800110	-2.001314
-2.612808	-1.905610
-2.409714	-1.840860
-2.216727	-1.784637
-2.017422	-1.720203
-1.809274	-1.689565
-1.612813	-1.647557
-1.409086	-1.578069
-1.207887	-1.493735
-1.003213	-1.405612
-0.816227	-1.290009
-0.616607	-1.169984
-0.412565	-1.038589
-0.209155	-0.835495
-0.013009	-0.582495
0.192637	-0.314335
0.383753	-0.058808
0.585610	0.168629
0.786836	0.326892
0.993431	0.420397
1.186443	0.488631
1.385773	0.549598
1.586682	0.595087
1.786644	0.619411
1.984078	0.632679
2.190358	0.626045
2.389056	0.634890
2.593440	0.711968
2.790559	0.761248
2.981991	0.781150
3.183216	0.807685
3.388232	0.795049
3.590721	0.771357
3.797001	0.797892
3.990328	0.852542
4.181761	0.880025
4.385197	0.876866
4.588950	0.863598
4.786384	0.881920
4.986346	0.902769
5.184096	0.942572
5.385005	0.984270
5.580229	0.997538
5.784613	0.995642
5.988365	0.990272
6.184536	0.981111
6.393027	0.974477
6.593936	0.998169
6.785685	1.014596
6.984067	1.025968
7.182765	1.055662
7.387465	1.072405
7.584268	1.041131
7.789916	1.049976
7.987666	1.084725
8.185101	1.080934
8.390748	1.114419
8.587551	1.123264
8.786565	1.095149
8.988421	1.049029
9.181434	1.048397
9.382659	1.115051
9.584516	1.172544
9.782898	1.194972
9.985071	1.186127
9.782898	1.138427
9.585779	1.084093
9.379816	1.098940
9.181118	1.140322
8.989369	1.146008
8.783722	1.119789
8.586287	1.063876
8.388536	1.010805
8.181941	1.029759
7.981664	1.099572
7.788652	1.112524
7.588374	1.097360
7.388729	1.083777
7.184660	1.044606
6.984699	0.994379
6.785685	1.007015
6.589514	1.026916
6.388605	1.012069
6.183589	0.969107
5.987418	0.965316
5.786824	0.959946
5.589074	0.936886
5.381215	0.958998
5.186307	0.967212
4.985398	0.946363
4.787964	0.917300
4.584527	0.895819
4.384881	0.858860
4.183656	0.835168
3.985590	0.819689
3.792894	0.816846
3.585035	0.826954
3.383810	0.818109
3.186059	0.785888
2.981359	0.735977
2.788031	0.716391
2.584911	0.707230
2.395374	0.686697
2.185935	0.684801
1.989448	0.635522
1.786012	0.591612
1.584471	0.539490
1.385141	0.521168
1.186759	0.513902
0.988377	0.462411
0.780202	0.349953
0.591296	0.168945
0.385333	-0.071758
0.187898	-0.313071
-0.012062	-0.595761
-0.211998	-0.850971
-0.411934	-1.036062
-0.614080	-1.173459
-0.817175	-1.287167
-1.004161	-1.375290
-1.209782	-1.454254
-1.413193	-1.544904
-1.608075	-1.627974
