# Configuration automatically generated by WRITE_CONFIG()
connection eth
ip 192.168.0.10
samplehz 1000.000000
settleus 10.000000
nsample 128

# Analog Inputs
aichannel 0
ainegative 199
airange 10.000000
airesolution 0

aichannel 1
ainegative 199
airange 10.000000
airesolution 0

# Analog Outputs
aochannel 0
aosignal triangle
aofrequency 5.000000
aoamplitude 2.000000
aooffset 2.500000
aoduty 0.500000

# Meta Parameters
int:periods 10
flt:tip_T_C 323.917454
flt:plate_T_C 264.083063
flt:plate_Q_kW 1.221206
flt:cool_Thigh_C 58.244941
flt:cool_Tlow_C 11.976840
flt:air_psig 20.000000
flt:water_gph 5.500000
flt:standoff_in 0.228000
flt:oxygen_scfh 19.355469
flt:fuel_scfh 10.663719
flt:flow_scfh 30.019187
flt:ratio_fto 0.550941

## End Configuration ##
#: Wed Apr  5 18:08:40 2017
-7.603626	-3.487409
-9.444742	-4.008254
-9.440320	-3.993408
-9.441268	-3.971299
-9.405260	-3.921394
-9.211326	-3.821268
-9.010758	-3.752727
-8.811138	-3.704086
-8.608991	-3.674395
-8.406528	-3.671869
-8.214805	-3.640599
-8.012341	-3.602065
-7.814301	-3.508256
-7.611207	-3.407182
-7.413166	-3.318111
-7.216073	-3.241359
-7.013926	-3.186400
-6.810515	-3.145655
-6.613422	-3.082168
-6.411275	-3.008890
-6.213234	-2.959616
-6.009508	-2.936875
-5.813678	-2.911291
-5.613111	-2.877810
-5.411280	-2.820325
-5.210712	-2.726516
-5.012355	-2.615019
-4.808313	-2.519315
-4.614378	-2.454881
-4.412231	-2.423611
-4.211032	-2.368021
-4.011728	-2.330118
-3.816530	-2.280845
-3.611224	-2.217990
-3.418237	-2.176929
-3.209457	-2.137763
-3.014575	-2.053430
-2.813376	-1.978572
-2.610281	-1.893291
-2.410345	-1.789375
-2.215147	-1.699673
-2.013316	-1.637133
-1.815275	-1.591334
-1.612813	-1.547115
-1.406560	-1.505422
-1.210414	-1.450779
-1.009530	-1.390767
-0.818438	-1.308961
-0.614712	-1.196200
-0.412249	-1.060699
-0.211050	-0.875608
-0.009851	-0.627031
0.189794	-0.338655
0.385017	-0.074285
0.586874	0.175578
0.783361	0.359429
0.988693	0.489262
1.186443	0.565709
1.390511	0.601089
1.585103	0.628888
1.780642	0.665216
1.986290	0.705335
2.188462	0.739767
2.388108	0.766934
2.589017	0.779254
2.790874	0.775779
2.982939	0.773884
3.185743	0.819373
3.386653	0.890133
3.591353	0.930568
3.787840	0.937202
3.985906	0.948258
4.182709	0.935938
4.386145	0.934990
4.581368	0.989640
4.793966	1.017755
4.988557	1.034497
5.185676	1.028495
5.383110	1.016807
5.586231	1.014596
5.784929	1.053135
5.987733	1.106521
6.185168	1.142218
6.389868	1.150431
6.591409	1.140638
6.780314	1.139059
6.986910	1.124528
7.181501	1.127371
7.383674	1.173175
7.588374	1.166542
7.794022	1.175387
7.987982	1.223403
8.184784	1.228457
8.380956	1.209819
8.586287	1.224350
8.783405	1.259731
8.989054	1.270471
9.183961	1.274894
9.385186	1.268576
9.582305	1.267312
9.785741	1.200342
9.982227	1.206028
9.784477	1.257835
9.588306	1.299533
9.379499	1.306483
9.183013	1.291004
8.985894	1.255624
8.786880	1.200342
8.585024	1.210767
8.386957	1.233195
8.186048	1.244568
7.982612	1.219612
7.785809	1.175703
7.587111	1.123264
7.381463	1.115051
7.186240	1.160856
6.980908	1.177282
6.786001	1.173491
6.588250	1.164330
6.391448	1.119157
6.185800	1.081566
5.984574	1.058505
5.783665	1.073984
5.586231	1.063560
5.379635	1.031023
5.194205	1.010173
4.994559	1.007015
4.784489	1.002592
4.584843	0.972898
4.384565	0.985850
4.181129	0.965000
3.990328	0.946047
3.790998	0.917932
3.586614	0.887922
3.387600	0.839906
3.188586	0.798208
2.987361	0.789679
2.794665	0.791258
2.593440	0.776727
2.387792	0.773568
2.187831	0.739135
1.984078	0.691751
1.787591	0.666164
1.585103	0.647842
1.385457	0.608987
1.187391	0.563498
0.986165	0.484840
0.786204	0.346794
0.586558	0.154098
0.387544	-0.082813
0.187582	-0.364871
-0.011430	-0.650088
-0.211998	-0.888874
-0.419514	-1.080914
-0.614080	-1.197780
-0.814332	-1.285903
-1.011110	-1.339914
-1.210730	-1.393294
-1.408771	-1.482996
-1.615971	-1.552168
-1.814328	-1.636186
-2.015211	-1.733785
-2.216095	-1.825067
-2.409082	-1.889501
-2.615651	-1.935616
-2.812744	-1.991206
-3.014891	-2.048692
-3.216090	-2.098913
-3.412868	-2.159873
-3.614383	-2.227782
-3.809581	-2.273580
-4.011728	-2.331066
-4.211032	-2.400554
-4.413495	-2.487730
-4.619748	-2.576801
-4.809261	-2.652290
-5.008565	-2.700932
-5.214186	-2.715777
-5.412859	-2.728411
-5.612795	-2.777684
-5.819679	-2.849067
-6.009508	-2.927715
-6.211971	-3.012364
-6.410644	-3.093855
-6.611843	-3.145655
-6.818096	-3.211037
-7.012031	-3.294738
-7.213546	-3.358541
-7.407480	-3.397075
-7.617208	-3.424238
-7.811774	-3.453929
-8.013289	-3.460562
-8.215120	-3.491515
-8.411266	-3.564162
-8.611834	-3.662709
-8.810822	-3.751780
-9.007915	-3.848747
-9.211010	-3.944767
-9.379045	-3.982353
-9.438425	-3.975089
-9.487067	-3.947609
-9.516126	-3.930238
-9.512967	-3.916024
-9.478539	-3.917603
-9.406839	-3.896441
-9.214800	-3.806107
-9.012021	-3.765361
-8.808927	-3.733144
-8.607728	-3.715141
-8.414425	-3.695873
-8.212277	-3.665867
-8.009815	-3.592589
-7.814933	-3.460562
-7.608364	-3.356646
-7.409376	-3.296317
-7.213546	-3.258731
-7.015189	-3.226198
-6.813042	-3.196192
-6.615001	-3.131441
-6.411907	-3.060690
-6.207549	-3.012996
-6.011719	-2.972566
-5.813363	-2.929294
-5.614058	-2.858859
-5.411911	-2.775157
-5.211975	-2.658291
-5.009512	-2.564167
-4.813051	-2.515525
-4.615010	-2.470674
-4.409389	-2.441615
-4.216086	-2.406239
-4.012991	-2.369916
-3.815266	-2.316537
-3.610909	-2.257156
-3.414763	-2.184509
-3.216722	-2.114390
-3.017734	-2.029741
-2.812744	-1.957094
-2.612176	-1.893607
-2.406555	-1.808642
-2.214200	-1.726836
-2.016475	-1.667140
-1.812433	-1.630500
-1.612497	-1.582806
-1.414456	-1.534481
-1.210098	-1.472257
-1.006372	-1.381291
-0.817175	-1.263477
-0.617239	-1.166510
-0.410038	-1.047117
-0.211998	-0.870239
-0.010798	-0.614396
0.194216	-0.337392
0.384069	-0.071442
0.585926	0.177474
0.789047	0.358482
0.989008	0.482629
1.184548	0.568236
1.390511	0.602037
1.583207	0.632363
1.784748	0.672482
1.986921	0.704071
2.183408	0.741979
2.390951	0.753351
2.583647	0.745769
2.791506	0.761564
2.984518	0.811791
3.184796	0.857280
3.397077	0.889817
3.589773	0.906876
3.794158	0.931200
3.990644	0.920459
4.181129	0.929620
4.384565	0.957103
4.582000	0.992799
4.785437	0.998485
4.994243	0.997854
5.190414	1.032918
5.384058	1.061033
5.584967	1.048397
5.782086	1.076512
5.987418	1.116314
6.188011	1.125159
6.389236	1.133373
6.590146	1.138427
6.784737	1.127055
6.984699	1.105890
7.185924	1.117262
7.384622	1.155801
7.586795	1.200027
7.788652	1.229089
7.984507	1.224982
8.184784	1.216769
8.386642	1.192129
8.591341	1.206660
8.786880	1.257835
8.988106	1.264785
9.182697	1.272998
9.382027	1.253413
9.586095	1.187075
9.780686	1.190550
9.985387	1.263521
9.794586	1.303640
9.581988	1.300165
9.382027	1.304272
9.183645	1.259415
8.987158	1.215821
8.787828	1.197815
8.585340	1.226246
8.388853	1.238882
8.182257	1.211715
7.984823	1.175071
7.788020	1.179809
7.586479	1.164962
7.385885	1.154853
7.186240	1.175703
6.980276	1.186127
6.784737	1.154538
6.589829	1.134636
6.387973	1.119473
6.189275	1.071773
5.991840	1.041763
5.782718	1.040184
5.585283	1.049345
5.385322	1.058190
5.186307	1.058821
4.986978	1.029759
4.783857	0.998801
4.587686	0.970371
4.386777	0.964685
4.192185	0.963737
3.990644	0.944151
3.786260	0.921723
3.588510	0.865178
3.381283	0.813371
3.185112	0.808001
2.986414	0.827586
2.787084	0.818425
2.587754	0.799787
2.385265	0.777991
2.187515	0.728395
1.991976	0.672797
1.781905	0.664584
1.584471	0.650053
1.387984	0.606459
1.188022	0.548019
0.990588	0.461780
0.786204	0.344267
0.585294	0.158520
0.383122	-0.085972
0.189478	-0.359818
-0.013009	-0.647877
-0.216735	-0.881609
-0.411302	-1.059435
-0.614080	-1.182935
-0.815596	-1.262846
-1.008583	-1.332965
-1.214520	-1.402453
-1.411929	-1.482365
-1.610602	-1.582806
-1.813696	-1.670298
-2.014264	-1.764423
-2.214200	-1.826330
-2.408450	-1.852546
-2.613756	-1.886974
-2.813376	-1.929931
-3.015523	-2.006683
-3.214511	-2.092596
-3.416342	-2.173770
-3.611224	-2.247680
-3.815266	-2.295058
-4.017413	-2.356334
-4.215454	-2.435614
-4.412231	-2.515525
-4.619748	-2.583750
-4.809261	-2.620704
-5.013618	-2.645657
-5.212607	-2.657660
-5.416965	-2.715777
-5.615322	-2.801373
-5.814626	-2.883496
-6.011403	-2.967829
-6.209760	-3.041423
-6.407485	-3.116596
-6.613422	-3.181978
-6.812095	-3.220512
-7.012978	-3.249571
-7.215756	-3.306741
-7.409376	-3.339905
-7.614049	-3.398338
-7.812406	-3.440979
-8.013289	-3.480777
-8.220174	-3.550580
-8.410951	-3.625438
-8.611518	-3.705981
-8.811769	-3.813056
-9.017707	-3.902442
-9.212589	-3.940345
-9.402418	-3.943819
-9.483592	-3.921710
-9.530339	-3.897704
-9.547710	-3.897073
-9.512967	-3.912550
-9.473801	-3.929290
-9.403681	-3.915392
-9.213221	-3.831375
-9.011390	-3.779259
-8.810506	-3.768204
-8.608359	-3.745463
-8.417583	-3.691767
-8.216700	-3.607118
-8.013289	-3.494358
-7.814301	-3.375281
-7.609312	-3.301055
-7.408744	-3.280209
-7.217968	-3.265048
-7.012662	-3.238516
-6.812095	-3.205351
-6.614054	-3.161763
-6.405906	-3.107121
-6.208180	-3.039844
-6.013614	-2.970356
-5.815258	-2.898972
-5.611216	-2.820325
-5.417281	-2.735360
-5.211659	-2.645025
-5.012039	-2.563535
-4.808945	-2.542688
-4.611852	-2.521526
-4.415074	-2.486151
-4.212612	-2.463409
-4.015203	-2.404660
-3.809897	-2.316537
-3.602065	-2.225570
-3.414763	-2.136815
-3.213248	-2.065116
-3.008890	-2.005736
-2.810849	-1.956462
-2.608386	-1.891080
-2.412872	-1.813696
-2.214831	-1.755579
-2.013316	-1.705042
-1.814960	-1.658612
-1.610917	-1.603969
-1.408455	-1.542693
-1.206624	-1.441935
-1.009530	-1.313383
-0.814648	-1.240420
-0.616607	-1.159561
-0.412565	-1.051539
-0.209787	-0.881925
-0.008271	-0.625451
0.193585	-0.344341
0.385965	-0.074601
0.586874	0.178106
0.789047	0.361325
0.987113	0.491790
1.188338	0.546439
1.393670	0.577397
1.581944	0.635206
1.787276	0.681643
1.986921	0.696805
2.187515	0.715759
2.387476	0.752403
2.589965	0.762512
2.789611	0.789679
2.985782	0.825059
3.188271	0.865493
3.388232	0.886027
3.588826	0.914457
3.783417	0.927725
3.989697	0.922986
4.181445	0.923302
4.385197	0.959630
4.583580	0.961842
4.786700	1.002592
4.987926	1.043027
5.183465	1.048081
5.383742	1.041763
5.586546	1.045870
5.789035	1.102099
5.989313	1.099572
6.188643	1.120105
6.388920	1.130214
6.591093	1.118841
6.783473	1.081566
6.991964	1.067035
7.192242	1.147904
7.384306	1.217085
7.587111	1.237302
7.782650	1.228457
7.984191	1.225930
8.185416	1.178230
8.381903	1.199395
8.585024	1.245515
8.789408	1.255308
8.991264	1.255308
9.182065	1.224982
9.383290	1.215821
9.582936	1.232248
9.784477	1.258151
9.989493	1.291636
9.785425	1.306167
9.584516	1.296690
9.382343	1.272367
9.181118	1.259415
8.989054	1.218664
8.786249	1.209819
8.586287	1.218664
8.386326	1.191497
8.184784	1.196236
7.985138	1.229089
7.786757	1.199395
7.587111	1.158644
7.387465	1.154853
7.184029	1.169385
6.985646	1.159276
6.783157	1.151695
6.589829	1.133688
6.390816	1.093570
6.188327	1.027232
5.984890	1.034497
5.786192	1.077775
5.584335	1.091674
5.382794	1.081566
5.188835	1.058190
4.986978	1.017755
4.787016	0.963105
4.588950	0.967844
4.382986	0.981743
4.189974	0.957735
3.989697	0.922039
3.788471	0.883815
3.587878	0.843697
3.390444	0.830113
3.181005	0.847803
2.989257	0.847172
2.795297	0.821900
2.586490	0.796628
2.387792	0.765987
2.188778	0.711653
1.984710	0.681011
1.785380	0.668059
1.583207	0.638365
1.388300	0.590665
1.188970	0.544544
0.989956	0.469045
0.785888	0.344267
0.587822	0.156309
0.379015	-0.079655
0.187582	-0.344341
-0.011114	-0.622293
-0.206628	-0.875608
-0.408775	-1.054066
-0.615660	-1.178828
-0.813701	-1.272321
-1.010478	-1.336124
-1.210414	-1.414140
-1.412877	-1.507317
-1.612497	-1.597336
-1.812433	-1.665876
-2.018054	-1.726204
-2.215463	-1.756842
-2.413504	-1.778320
-2.612176	-1.839280
-2.810217	-1.930246
-3.016786	-2.012685
-3.214511	-2.107757
-3.411604	-2.180719
-3.612804	-2.241679
-3.809265	-2.310535
-4.007938	-2.384130
-4.211664	-2.436245
-4.411916	-2.487098
-4.614063	-2.538266
-4.808313	-2.572695
-5.012355	-2.609650
-5.211659	-2.651974
-5.414122	-2.717040
-5.611216	-2.811796
-5.811152	-2.902131
-6.010771	-2.988359
-6.209760	-3.079641
-6.411275	-3.133337
-6.613738	-3.144391
-6.812095	-3.179135
-7.018348	-3.221144
-7.216704	-3.271049
-7.411902	-3.340853
-7.614997	-3.414447
-7.804510	-3.458351
-8.017712	-3.511730
-8.214489	-3.571111
-8.411898	-3.666183
-8.608991	-3.761887
-8.812085	-3.827901
-9.013917	-3.863592
-9.212274	-3.844641
-9.412525	-3.832639
-9.526864	-3.867383
-9.529707	-3.892651
-9.516126	-3.925500
-9.477592	-3.955190
-9.446953	-3.960875
-9.400207	-3.925500
-9.213853	-3.887597
-9.011074	-3.850010
-8.813033	-3.804212
-8.610254	-3.744831
-8.413793	-3.657023
-8.211646	-3.553423
-8.014237	-3.444769
-7.811458	-3.405919
-7.614365	-3.377492
-7.406848	-3.359804
-7.213546	-3.338010
-7.013926	-3.312742
-6.810199	-3.254309
-6.612159	-3.178504
-6.410959	-3.091959
-6.201548	-3.006679
-6.009508	-2.920450
-5.815258	-2.850015
-5.613742	-2.801373
-5.413490	-2.726516
-5.211028	-2.655764
-5.007933	-2.609965
-4.808313	-2.571747
-4.614694	-2.538582
-4.415074	-2.521210
-4.211664	-2.466883
-4.010780	-2.380971
-3.813371	-2.274528
-3.609013	-2.179140
-3.414131	-2.125760
-3.212932	-2.074592
-3.013312	-2.024371
-2.813060	-1.977625
-2.611229	-1.902135
-2.408450	-1.829489
-2.217358	-1.779268
-2.014264	-1.732837
-1.812433	-1.666824
-1.617550	-1.576173
-1.412561	-1.484892
-1.211993	-1.392662
-1.009846	-1.320963
-0.813701	-1.250843
-0.617239	-1.180092
-0.412565	-1.062594
-0.211998	-0.874976
-0.013325	-0.638717
0.190426	-0.355711
0.387228	-0.074285
0.589717	0.179369
0.789995	0.365116
0.984270	0.486735
1.188654	0.546439
1.389879	0.584347
1.582891	0.637417
1.784433	0.662057
1.981867	0.687960
2.185619	0.729975
2.388108	0.767882
2.581120	0.771357
2.791822	0.792206
2.990520	0.837379
3.184796	0.874339
3.387916	0.883500
3.587878	0.902137
3.786260	0.910351
3.989697	0.890765
4.186499	0.896451
4.382039	0.966896
4.580737	1.016176
4.786384	1.038920
4.989820	1.040184
5.188203	1.053135
5.385637	1.020598
5.584335	1.040184
5.783981	1.089147
5.985522	1.111260
6.186748	1.115682
6.388288	1.097992
6.590461	1.074932
6.787896	1.076512
6.988173	1.134320
7.193821	1.182652
7.385254	1.225930
7.586795	1.220876
7.785809	1.206344
7.987666	1.183600
8.190471	1.180441
8.383482	1.208556
8.584392	1.242672
8.786249	1.225930
8.985263	1.220876
9.188383	1.256888
9.386133	1.262890
9.581988	1.231300
9.784477	1.281211
9.987598	1.312169
9.780686	1.288161
9.583252	1.296690
9.388977	1.276157
9.178274	1.226246
8.986842	1.192445
8.786880	1.192129
8.586287	1.222455
8.383166	1.249622
8.184784	1.247411
7.986402	1.214558
7.792442	1.183284
7.588374	1.161171
7.384938	1.162435
7.186240	1.184864
6.986910	1.168121
6.784421	1.147588
6.588250	1.099888
6.388920	1.052503
6.191170	1.058505
5.985522	1.104942
5.783350	1.105574
5.584335	1.092306
5.384058	1.076196
5.191362	1.032602
4.988873	0.995010
4.786700	0.981743
4.584211	0.983638
4.383618	0.973846
4.185236	0.929620
3.988433	0.914141
3.786260	0.907823
3.588194	0.863914
3.381914	0.858228
3.187323	0.866757
2.979780	0.842117
2.788347	0.810844
2.587754	0.792206
2.388740	0.756826
2.188147	0.703755
1.986290	0.687013
1.783485	0.650369
1.582576	0.632679
1.390511	0.607723
1.189918	0.550862
0.995642	0.469993
0.791890	0.347425
0.579292	0.164206
0.383437	-0.063230
0.189162	-0.341182
-0.013641	-0.628926
-0.211050	-0.876871
-0.412565	-1.069543
-0.616607	-1.202833
-0.814332	-1.295695
-1.013952	-1.372763
-1.210414	-1.452358
-1.408455	-1.536060
-1.613128	-1.587228
-1.814960	-1.629237
-2.014580	-1.697462
-2.216095	-1.733785
-2.406871	-1.782742
-2.612176	-1.861706
-2.813376	-1.946355
-3.012996	-2.030688
-3.212932	-2.119759
-3.414447	-2.209462
-3.604276	-2.271054
-3.809897	-2.307693
-4.012991	-2.345595
-4.215770	-2.391394
-4.414443	-2.425190
-4.613431	-2.497205
-4.812419	-2.562903
-5.010460	-2.593857
-5.211028	-2.649447
-5.413490	-2.720199
-5.614058	-2.813060
-5.808309	-2.927399
-6.010771	-2.995308
-6.210392	-3.042370
-6.414118	-3.060690
-6.614369	-3.061637
-6.809567	-3.107436
-7.011083	-3.178188
-7.217652	-3.266627
-7.407165	-3.369280
-7.612154	-3.424870
-7.809563	-3.448243
-8.003814	-3.517731
-8.216700	-3.600801
-8.414425	-3.669657
-8.612466	-3.732828
-8.809243	-3.789366
-9.016128	-3.801369
-9.213221	-3.783681
-9.413472	-3.826005
-9.514862	-3.874647
-9.511072	-3.920762
-9.492436	-3.955822
-9.454849	-3.976036
-9.438425	-3.977931
-9.391994	-3.954242
-9.212589	-3.881280
-9.013285	-3.792209
-8.809875	-3.720510
-8.609939	-3.644073
-8.415372	-3.586904
-8.214805	-3.515521
-8.012658	-3.449823
-7.812406	-3.412868
-7.608364	-3.394548
-7.408744	-3.370227
-7.215125	-3.357909
-7.012662	-3.320322
-6.807673	-3.218301
-6.606789	-3.100803
-6.414118	-3.009206
-6.211023	-2.946982
-6.009508	-2.915081
-5.817469	-2.873388
-5.611531	-2.829484
-5.415701	-2.763155
-5.210396	-2.693035
-5.001932	-2.649763
-4.811156	-2.611545
-4.614694	-2.573010
-4.409389	-2.505733
-4.212612	-2.418874
-4.011728	-2.305166
-3.809897	-2.241363
-3.611540	-2.185773
-3.411604	-2.141237
-3.219565	-2.110599
-3.009206	-2.049008
-2.804532	-1.996260
-2.614703	-1.936879
-2.408766	-1.868655
-2.215147	-1.802009
-2.015843	-1.704410
-1.813696	-1.634291
-1.616603	-1.552800
-1.411929	-1.472573
-1.209782	-1.397716
-1.012057	-1.324437
-0.815596	-1.260003
-0.613133	-1.188936
-0.404985	-1.080282
-0.207892	-0.898034
-0.010482	-0.645982
0.190110	-0.347815
0.387228	-0.063230
0.584031	0.178737
0.787783	0.369538
0.991220	0.473783
1.186443	0.536963
1.395882	0.574238
1.580048	0.631731
1.783801	0.678168
1.986921	0.715443
2.184988	0.747033
2.389372	0.768514
2.588070	0.767566
2.788031	0.790310
2.988625	0.834220
3.191746	0.860439
3.384757	0.889502
3.585667	0.886658
3.779310	0.873391
3.990328	0.874339
4.192185	0.926145
4.379195	0.987745
4.585791	1.019334
4.787016	1.035761
4.986346	1.042395
5.189150	1.028495
5.379635	1.014912
5.583388	1.059769
5.784297	1.087884
5.984259	1.086936
6.190854	1.070194
6.390816	1.105258
6.589198	1.125475
6.785053	1.114103
6.985331	1.152958
7.184976	1.195288
7.387465	1.191181
7.585531	1.208556
7.788336	1.210767
7.982612	1.179177
8.185101	1.163067
8.391064	1.198447
8.583128	1.208240
8.786880	1.248043
8.989369	1.266996
9.184909	1.267312
9.384870	1.248674
9.578514	1.242988
9.786689	1.265101
9.985387	1.308063
9.784162	1.311538
9.582936	1.286898
9.385186	1.249938
9.190595	1.178230
8.987473	1.175071
8.790987	1.237618
8.584076	1.285002
8.384430	1.263206
8.185101	1.242988
7.982296	1.212978
7.788336	1.159908
7.588690	1.151063
7.386517	1.175071
7.187819	1.176650
6.987542	1.139059
6.787264	1.120421
6.582880	1.104942
6.387025	1.083461
6.192118	1.092938
5.984890	1.109365
5.782402	1.116630
5.585599	1.079039
5.383742	1.056294
5.187887	1.036709
4.987294	0.990272
4.783225	0.977320
4.584527	0.968159
4.381091	0.951733
4.191554	0.944467
3.990960	0.941308
3.784997	0.912878
3.587878	0.866441
3.387285	0.861703
3.184796	0.846856
2.979780	0.830113
2.784241	0.816214
2.591861	0.773252
2.387476	0.737872
2.185935	0.681958
1.981235	0.666795
1.783485	0.678168
1.582891	0.665216
1.385141	0.616884
1.187075	0.566025
0.986797	0.478206
0.784308	0.341108
0.585610	0.172104
0.383122	-0.067968
0.188846	-0.344341
-0.010167	-0.625451
-0.214524	-0.880030
-0.409407	-1.060067
-0.616923	-1.210414
-0.816543	-1.305802
-1.007635	-1.372763
-1.211993	-1.437829
-1.408139	-1.497842
-1.611233	-1.551537
-1.814644	-1.619761
-2.013948	-1.680405
-2.215779	-1.735364
-2.413188	-1.798851
-2.610597	-1.874340
-2.813692	-1.966254
-3.013628	-2.066696
-3.212932	-2.154819
-3.411920	-2.204092
-3.603012	-2.216727
-3.811160	-2.241995
-4.013307	-2.284319
-4.212927	-2.355387
-4.418233	-2.438772
-4.614378	-2.501312
-4.807050	-2.571747
-5.011092	-2.612176
-5.211028	-2.692404
-5.416018	-2.797267
-5.607741	-2.877178
-5.810204	-2.930558
-6.007613	-2.969092
-6.202811	-2.980147
-6.417276	-2.957721
-6.613422	-3.008890
-6.815885	-3.114385
-7.014241	-3.199666
-7.215125	-3.290948
-7.410323	-3.375281
-7.610891	-3.443506
-7.812406	-3.501623
-8.010131	-3.537946
-8.212910	-3.575849
-8.415372	-3.631439
-8.609307	-3.659234
-8.812717	-3.702506
-9.014864	-3.736619
-9.218274	-3.774205
-9.413789	-3.838956
-9.508861	-3.883807
-9.500648	-3.926131
-9.466852	-3.975721
-9.438109	-3.996567
-9.447585	-3.962770
-9.410315	-3.889176
-9.208798	-3.799790
-9.014233	-3.716088
-8.810506	-3.680712
-8.607411	-3.669973
-8.414741	-3.611540
-8.213225	-3.526891
-8.014553	-3.464668
-7.815565	-3.420132
-7.608048	-3.420448
-7.411586	-3.407498
-7.213546	-3.358225
-7.008240	-3.270733
-6.817464	-3.140601
-6.610579	-3.044266
-6.412539	-3.014575
-6.212918	-2.975409
-6.008245	-2.945403
-5.817469	-2.914765
-5.613742	-2.844645
-5.405278	-2.795372
-5.209133	-2.738202
-5.003511	-2.690192
-4.807050	-2.612176
-4.614378	-2.545847
-4.414443	-2.464672
-4.214507	-2.384130
-4.009517	-2.306745
-3.803580	-2.242311
-3.608066	-2.203777
-3.409077	-2.155451
-3.213248	-2.111231
-3.012996	-2.072697
-2.808006	-2.011737
-2.617862	-1.919191
-2.410345	-1.829805
-2.214200	-1.747367
-2.017107	-1.679142
-1.812433	-1.621972
-1.608391	-1.563855
-1.413824	-1.491840
-1.209150	-1.425511
-1.006372	-1.356023
-0.817175	-1.293168
-0.606816	-1.223996
-0.410670	-1.088810
-0.211682	-0.906562
-0.010798	-0.637770
0.186635	-0.346868
0.385333	-0.060072
0.585926	0.186003
0.785572	0.360061
0.987745	0.470940
1.185179	0.523695
1.392722	0.583083
1.588893	0.647526
1.780958	0.695858
1.985342	0.721129
2.186883	0.747033
2.383054	0.738188
2.587754	0.754298
2.793086	0.792838
2.987677	0.845908
3.185112	0.848435
3.387916	0.846224
3.586614	0.866441
3.790998	0.887290
3.989697	0.914457
4.185552	0.959314
4.383934	1.001960
4.585475	1.019019
4.781962	1.008910
4.986346	1.025968
5.189466	1.019019
5.384058	1.018387
5.584020	1.060717
5.785561	1.061980
5.983627	1.084409
6.186748	1.112839
6.395870	1.119157
6.595516	1.097360
6.784421	1.123896
6.984383	1.156749
7.185608	1.181389
7.386833	1.197183
7.588690	1.199079
7.786757	1.186443
7.982296	1.146640
8.181310	1.147904
8.385378	1.213610
8.583760	1.267312
8.784986	1.279948
8.984315	1.286266
9.181118	1.264469
9.384554	1.211083
9.579461	1.245831
9.784793	1.290057
9.986650	1.300797
9.788268	1.283423
9.583252	1.242672
9.384870	1.190866
9.178274	1.210135
8.987158	1.254045
8.786565	1.273630
8.584707	1.275525
8.385062	1.252465
8.183837	1.217401
7.987350	1.187707
7.794970	1.153274
7.590586	1.170648
7.385254	1.176650
7.187819	1.136532
6.983435	1.131793
6.783157	1.138427
6.588566	1.117894
6.383866	1.090411
6.188011	1.117894
5.989313	1.099888
5.781454	1.094833
5.584967	1.076512
5.383426	1.049976
5.188835	1.003856
4.988241	0.975109
4.785437	0.980795
4.585475	0.981111
4.387724	0.980479
4.181445	0.984270
3.989381	0.955840
3.789419	0.900242
3.584719	0.864546
3.386021	0.875286
3.186375	0.867073
2.985466	0.841170
2.788663	0.805473
2.589017	0.759669
2.387476	0.711653
2.187199	0.707546
1.986605	0.700280
1.782221	0.691751
1.585103	0.654160
1.387984	0.613409
1.185811	0.550230
0.987745	0.459884
0.786204	0.347425
0.590981	0.175894
0.387228	-0.071758
0.190110	-0.343393
-0.012062	-0.634927
-0.211998	-0.895507
-0.418567	-1.099233
-0.613133	-1.228733
-0.813069	-1.305170
-1.010162	-1.362340
-1.210098	-1.417299
-1.409402	-1.482996
-1.610286	-1.554695
-1.807695	-1.636818
-2.014580	-1.681985
-2.215463	-1.754315
-2.409082	-1.830121
-2.610281	-1.915717
-2.812112	-2.003209
-3.017734	-2.086594
-3.214195	-2.142501
-3.415710	-2.163031
-3.614067	-2.178824
-3.807370	-2.239784
-4.009201	-2.310220
-4.212296	-2.392342
-4.408757	-2.466252
-4.616273	-2.531949
-4.808629	-2.595120
-5.012039	-2.660818
-5.208501	-2.746099
-5.411911	-2.808006
-5.618480	-2.856648
-5.814310	-2.902763
-6.012667	-2.934980
-6.211971	-2.951404
-6.410012	-2.991202
-6.611843	-3.075535
-6.813674	-3.164922
-7.015821	-3.244517
-7.214809	-3.343064
-7.410955	-3.420764
-7.608995	-3.472880
-7.812406	-3.477618
-8.012658	-3.500360
-8.217015	-3.535104
-8.416951	-3.596379
-8.603621	-3.674711
-8.814297	-3.721458
-9.010442	-3.761571
-9.210062	-3.837692
-9.404944	-3.915708
-9.442215	-3.964034
-9.427686	-4.004148
-9.428949	-4.021204
-9.449796	-3.987091
-9.479802	-3.930869
-9.412525	-3.848115
-9.214484	-3.782733
-9.012969	-3.757781
-8.812085	-3.739146
-8.604569	-3.728406
-8.416636	-3.643126
-8.215120	-3.587851
-8.012026	-3.541105
-7.814617	-3.523733
-7.607732	-3.458351
-7.406217	-3.406235
-7.215125	-3.327903
-7.013610	-3.202509
-6.813042	-3.120702
-6.610895	-3.057531
-6.413486	-3.023419
-6.209128	-3.000678
-6.005718	-2.960564
-5.814942	-2.920766
-5.614058	-2.868650
-5.410648	-2.807690
-5.213239	-2.728411
-5.009829	-2.650711
-4.808313	-2.571431
-4.616590	-2.516157
-4.412548	-2.461830
-4.218928	-2.384761
-4.013307	-2.321590
-3.811160	-2.276739
-3.617226	-2.228097
-3.409393	-2.195248
-3.210405	-2.158609
-3.009206	-2.095754
-2.811796	-1.981099
-2.609965	-1.892028
-2.412241	-1.801694
-2.212305	-1.742945
-2.010789	-1.692408
-1.814328	-1.627342
-1.611549	-1.564803
-1.412877	-1.491840
-1.209150	-1.422668
-1.012373	-1.371500
-0.815280	-1.305170
-0.613133	-1.210098
-0.411302	-1.087231
-0.211998	-0.880346
-0.011114	-0.625451
0.188214	-0.338655
0.386596	-0.060072
0.585294	0.173367
0.784940	0.342687
0.988377	0.458621
1.190234	0.532856
1.394302	0.613093
1.587630	0.666164
1.783169	0.698385
1.986605	0.712600
2.181829	0.729975
2.384001	0.743242
2.589649	0.756826
2.789611	0.806105
2.983886	0.818109
3.185743	0.828534
3.382546	0.856648
3.588194	0.895188
3.789103	0.891397
3.984958	0.924566
4.181761	0.976057
4.385513	0.988061
4.587054	1.000381
4.785120	1.020914
4.992348	1.009226
5.184728	1.001644
5.382794	0.996274
5.587178	1.049029
5.785245	1.086936
5.986470	1.113155
6.188011	1.118210
6.386709	1.113787
6.589198	1.094202
6.779683	1.129582
6.987857	1.171912
7.191294	1.182652
7.384306	1.193393
7.587111	1.176966
7.789916	1.122316
7.980084	1.145377
8.189838	1.209503
8.385378	1.264153
8.586287	1.265417
8.786565	1.279000
8.988421	1.255308
9.180486	1.242988
9.383290	1.224035
9.582621	1.264785
9.786057	1.284371
9.988230	1.276789
9.786057	1.238882
9.588306	1.257835
9.385502	1.241725
9.180170	1.233511
8.986842	1.270471
8.786565	1.274894
8.585340	1.248043
8.384746	1.244884
8.184468	1.230352
7.980084	1.168753
7.788336	1.147904
7.588690	1.151695
7.384622	1.156433
7.185924	1.172544
6.976170	1.171912
6.781578	1.152958
6.593305	1.100520
6.394607	1.099256
6.189590	1.122948
5.987733	1.113471
5.789351	1.086620
5.584651	1.067351
5.384374	1.029443
5.186939	0.967528
4.985398	0.983638
4.786700	1.023441
4.588634	1.009542
4.384881	1.006067
4.179865	0.968791
3.988117	0.920459
3.788471	0.886974
3.586614	0.873075
3.394234	0.873391
3.180373	0.866757
2.985466	0.814634
2.792770	0.783361
2.589965	0.764723
2.388740	0.731870
2.183092	0.730606
1.984710	0.717970
1.792330	0.681643
1.580364	0.641524
1.389248	0.602037
1.187707	0.539806
0.989956	0.455777
0.787467	0.346478
0.588453	0.161679
0.388492	-0.077128
0.193269	-0.356659
-0.012693	-0.645350
-0.211366	-0.911300
-0.410670	-1.089757
-0.614396	-1.199675
-0.817491	-1.262846
-1.008583	-1.325701
-1.206624	-1.407507
-1.415403	-1.489313
-1.612497	-1.576173
-1.813064	-1.651979
-2.019317	-1.711359
-2.216095	-1.779584
-2.413504	-1.869287
-2.610913	-1.938143
-2.809901	-2.008894
-3.013628	-2.069538
-3.214195	-2.085647
-3.414447	-2.119128
-3.611224	-2.157662
-3.812740	-2.239152
-4.015203	-2.329171
-4.215138	-2.414136
-4.411600	-2.494047
-4.617853	-2.567957
-4.810524	-2.617546
-5.009512	-2.669030
-5.216713	-2.707249
-5.412543	-2.752416
-5.615005	-2.798531
-5.816837	-2.856648
-6.006665	-2.917292
-6.211971	-2.944455
-6.411591	-3.027209
-6.611527	-3.104909
-6.812726	-3.198402
-7.017400	-3.305477
-7.212914	-3.393916
-7.405585	-3.417290
-7.610259	-3.425502
-7.813354	-3.412868
-8.012658	-3.459930
-8.215753	-3.523733
-8.415689	-3.606171
-8.608359	-3.690820
-8.813033	-3.746094
-9.011390	-3.799790
-9.213536	-3.878121
-9.383467	-3.971930
-9.414420	-4.000673
-9.441584	-3.991829
-9.477907	-3.974141
-9.525601	-3.906233
-9.540131	-3.846220
-9.411893	-3.813056
-9.211641	-3.789051
-9.012021	-3.766625
-8.810506	-3.743567
-8.612782	-3.711350
-8.412213	-3.671869
-8.211962	-3.608066
-8.012974	-3.540473
-7.811142	-3.472564
-7.608995	-3.411604
-7.408744	-3.338642
-7.214177	-3.269786
-7.019295	-3.191454
-6.813042	-3.117860
-6.608368	-3.079641
-6.415065	-3.025630
-6.211023	-3.008890
-6.006033	-2.991518
-5.816837	-2.939718
-5.612795	-2.832643
-5.412227	-2.756206
-5.213554	-2.665240
-5.009512	-2.605543
-4.807682	-2.565430
-4.614694	-2.531634
-4.413495	-2.469410
-4.212612	-2.404976
-4.009517	-2.335172
-3.809897	-2.284635
-3.612804	-2.253997
-3.415395	-2.202829
-3.215459	-2.139658
-3.014575	-2.045533
-2.807690	-1.923929
-2.612176	-1.839596
-2.410661	-1.781479
-2.214515	-1.735364
-2.016791	-1.693671
-1.813064	-1.645030
-1.606495	-1.585017
-1.410034	-1.518688
-1.210730	-1.451727
-1.010478	-1.378133
-0.817807	-1.301380
-0.615660	-1.199043
-0.412565	-1.064489
-0.217051	-0.883504
-0.004797	-0.629242
0.193900	-0.331075
0.384069	-0.073022
0.584031	0.168945
0.787783	0.353427
0.983638	0.468729
1.187707	0.551178
1.390195	0.614673
1.584155	0.644999
1.787276	0.680379
1.984078	0.710389
2.189410	0.713548
2.386845	0.729027
2.589333	0.758405
2.790243	0.783677
2.985150	0.825375
3.186691	0.857596
3.386021	0.882236
3.591353	0.893292
3.786260	0.909087
3.991276	0.924882
4.183656	0.960578
4.385197	0.990588
4.581368	0.996590
4.785752	1.002908
4.988873	0.972266
5.184728	0.971634
5.382794	1.036709
5.589705	1.079355
5.789035	1.112839
5.987418	1.134004
6.185484	1.120105
6.388288	1.085041
6.588566	1.089463
6.785685	1.133688
6.985962	1.169385
7.184976	1.160540
7.388412	1.146324
7.586163	1.159276
7.785809	1.179493
7.984191	1.181705
8.181310	1.228773
8.383166	1.260994
8.585971	1.254360
8.781195	1.250886
8.989369	1.245515
9.185856	1.222455
9.377604	1.230668
9.583252	1.250886
9.785110	1.255308
9.985387	1.285002
9.783214	1.299218
9.585148	1.277737
9.382343	1.238250
9.182697	1.251517
8.988421	1.266049
8.784038	1.271103
8.587234	1.261942
8.385378	1.238566
8.179730	1.196552
7.983875	1.129582
7.793074	1.126739
7.594060	1.189918
7.387149	1.207924
7.182133	1.189602
6.983751	1.180125
6.786633	1.133688
6.587618	1.080302
6.387973	1.103363
6.188643	1.113155
5.989629	1.101467
5.788720	1.079039
5.583072	1.037656
5.384690	1.008594
5.191994	0.993747
4.986978	1.030391
4.786384	1.029127
4.585159	1.009858
4.384565	0.985534
4.187131	0.950785
3.988749	0.916353
3.787208	0.881604
3.587878	0.879393
3.392023	0.854437
3.178794	0.833272
2.983571	0.823795
2.790559	0.813055
2.585227	0.778938
2.388424	0.741347
2.186883	0.741031
1.980603	0.710389
1.783801	0.686381
1.584471	0.650053
1.386089	0.602037
1.187707	0.535067
0.987429	0.453882
0.783045	0.347741
0.587190	0.175263
0.386281	-0.079023
0.195164	-0.354132
-0.009219	-0.655773
-0.216735	-0.889822
-0.414145	-1.070490
-0.610290	-1.179144
-0.811490	-1.258108
-1.002266	-1.336756
-1.212309	-1.417614
-1.411613	-1.501000
-1.615655	-1.592598
-1.813064	-1.661454
-2.013000	-1.739470
-2.217358	-1.810853
-2.410661	-1.868339
-2.617862	-1.923613
-2.812744	-1.980783
-3.011101	-2.028161
-3.214827	-2.074592
-3.411920	-2.125445
-3.612488	-2.201881
-3.812424	-2.280845
-4.012676	-2.359493
-4.217349	-2.451406
-4.406546	-2.543952
-4.607746	-2.587224
-4.810524	-2.584381
-5.009829	-2.626390
-5.212607	-2.663661
-5.412227	-2.732833
-5.612479	-2.812744
-5.819048	-2.895814
-6.009192	-2.948877
-6.211023	-3.005731
-6.411275	-3.058479
-6.612474	-3.144707
-6.814937	-3.238832
-7.015189	-3.297581
-7.219547	-3.333904
-7.411902	-3.332641
-7.610891	-3.326324
-7.809879	-3.365174
-8.018343	-3.455508
-8.215120	-3.546158
-8.411582	-3.648811
-8.608991	-3.710719
-8.808927	-3.765677
-9.015496	-3.818741
-9.211957	-3.890440
-9.397364	-3.938134
-9.464325	-3.941608
-9.498438	-3.931185
-9.530971	-3.912234
-9.535708	-3.882228
-9.518652	-3.874331
-9.415999	-3.878753
-9.211326	-3.859170
-9.010442	-3.821268
-8.808927	-3.807370
-8.610254	-3.763782
-8.414741	-3.686714
-8.214805	-3.588483
-8.010131	-3.523101
-7.808616	-3.456772
-7.609312	-3.388231
-7.409060	-3.348433
-7.216704	-3.285894
-7.013926	-3.212300
-6.810831	-3.162079
-6.611527	-3.126388
-6.412222	-3.117228
-6.205970	-3.092275
-6.007613	-3.024051
-5.816205	-2.925188
-5.613111	-2.805480
-5.412227	-2.715145
-5.210396	-2.657344
-5.007933	-2.627337
-4.810524	-2.585013
-4.609009	-2.540162
-4.415390	-2.455197
-4.211032	-2.401186
-4.010780	-2.371179
-3.812424	-2.308324
-3.608698	-2.251155
-3.417606	-2.179456
-3.216090	-2.097649
-3.009837	-2.002261
-2.811796	-1.920771
-2.610281	-1.857284
-2.412241	-1.808958
-2.214200	-1.763159
-2.011421	-1.722414
-1.818118	-1.665244
-1.613128	-1.599863
-1.414456	-1.515213
-1.211046	-1.429933
-1.008899	-1.344652
-0.814648	-1.264425
-0.610290	-1.175986
-0.418882	-1.067648
-0.212945	-0.874345
-0.009219	-0.619766
0.190110	-0.346552
0.385017	-0.068284
0.583715	0.171788
0.782729	0.349321
0.987429	0.474099
1.188338	0.555284
1.382298	0.610250
1.584471	0.648158
1.785064	0.694910
1.983131	0.707230
2.187831	0.703439
2.386213	0.705966
2.586806	0.768830
2.790874	0.820636
2.984834	0.840854
3.186059	0.867389
3.385705	0.884131
3.584403	0.868021
3.789735	0.881604
3.990328	0.934359
4.182709	0.969107
4.384881	0.977320
4.585475	0.973530
4.788280	0.967844
4.986662	0.984270
5.195785	1.004487
5.388480	1.060401
5.585283	1.105258
5.785245	1.103363
5.988365	1.096097
6.184536	1.094833
6.387973	1.079670
6.586987	1.098624
6.787264	1.128950
6.987542	1.112208
7.182765	1.149799
7.389360	1.182336
7.585531	1.180757
7.787072	1.173807
7.985455	1.204449
8.180677	1.233511
8.384430	1.243304
8.585655	1.252149
8.785301	1.254360
8.987158	1.230668
9.182382	1.186443
9.383923	1.180757
9.581041	1.263837
9.784162	1.302061
9.988545	1.323226
9.781319	1.341863
9.582621	1.273630
9.383923	1.204765
9.183329	1.237934
8.988106	1.270471
8.789723	1.260678
8.589446	1.241409
8.387589	1.195920
8.181310	1.153274
7.983875	1.158644
7.786440	1.200342
7.586479	1.222455
7.387149	1.206976
7.184029	1.189602
6.985646	1.150747
6.780946	1.107785
6.586671	1.104626
6.389868	1.105574
6.187379	1.103678
5.984574	1.071141
5.786192	1.067351
5.584967	1.074932
5.383742	1.034181
5.188835	1.024073
4.990768	1.026600
4.784489	1.027548
4.584527	0.998169
4.380143	0.977952
4.181761	0.956471
3.990012	0.903401
3.782785	0.868968
3.591353	0.870548
3.387285	0.874339
3.182269	0.866125
2.982939	0.845276
2.790243	0.814950
2.583015	0.775463
2.387161	0.734713
2.190358	0.732502
1.983131	0.711021
1.785064	0.680695
1.584471	0.641840
1.392091	0.577397
1.188022	0.513586
0.986797	0.458621
0.784308	0.354375
0.582767	0.163259
0.385333	-0.086919
0.196112	-0.367398
-0.011430	-0.642823
-0.211998	-0.879714
-0.411302	-1.061962
-0.615028	-1.162088
-0.813385	-1.256529
-1.013952	-1.342757
-1.210414	-1.428985
-1.408139	-1.516477
-1.610602	-1.607443
-1.813380	-1.667140
-2.014580	-1.722730
-2.215779	-1.769161
-2.410029	-1.825067
-2.610597	-1.894239
-2.814008	-1.964359
-3.013943	-2.041111
-3.216406	-2.099229
-3.416658	-2.155135
-3.603644	-2.227782
-3.815582	-2.298217
-4.012676	-2.386024
-4.212612	-2.477938
-4.413495	-2.518683
-4.611220	-2.539846
-4.811156	-2.545531
-5.008881	-2.603964
-5.216397	-2.685139
-5.410964	-2.774210
-5.611847	-2.853489
-5.818100	-2.914765
-6.010456	-2.965618
-6.211655	-3.038580
-6.409380	-3.110911
-6.615949	-3.171555
-6.814937	-3.218617
-7.000976	-3.277050
-7.217968	-3.294422
-7.408744	-3.307056
-7.609627	-3.344327
-7.813037	-3.424554
-8.012974	-3.521522
-8.212910	-3.627965
-8.415056	-3.703138
-8.608359	-3.783365
-8.813981	-3.830112
-9.013917	-3.844957
-9.210062	-3.871804
-9.415684	-3.893282
-9.493383	-3.902127
-9.500964	-3.926131
-9.513914	-3.932448
-9.512335	-3.912865
-9.494016	-3.901495
-9.412210	-3.894546
-9.214169	-3.897704
-9.002546	-3.890440
-8.806085	-3.843062
-8.601411	-3.746094
-8.413793	-3.618805
-8.214173	-3.499728
-8.011395	-3.445401
-7.815880	-3.415079
-7.610575	-3.393285
-7.411271	-3.372438
-7.211019	-3.299476
-7.012031	-3.238516
-6.816201	-3.190822
-6.613106	-3.161448
-6.413802	-3.109963
-6.209760	-3.040475
-6.005718	-2.975093
-5.821575	-2.855384
-5.614058	-2.765998
-5.411595	-2.717040
-5.215450	-2.672821
-5.010144	-2.632707
-4.809261	-2.596068
-4.617853	-2.556270
-4.409705	-2.506681
-4.213875	-2.445405
-4.014886	-2.362335
-3.813687	-2.294111
-3.611540	-2.211673
-3.414131	-2.142185
-3.217670	-2.076487
-3.017102	-1.996892
-2.811796	-1.933721
-2.612492	-1.879394
-2.408766	-1.831384
-2.211041	-1.795061
-2.014264	-1.743261
-1.818750	-1.681669
-1.613444	-1.581543
-1.410666	-1.484260
-1.211677	-1.390451
-1.009215	-1.322542
-0.819702	-1.258424
-0.615028	-1.182303
-0.414145	-1.055013
-0.215472	-0.878135
-0.011114	-0.629557
0.187267	-0.348131
0.383437	-0.076496
0.590981	0.176210
0.784308	0.353743
0.988377	0.464938
1.184864	0.547703
1.390827	0.616884
1.586682	0.643735
1.783485	0.674061
1.987553	0.681327
2.183092	0.699649
2.389056	0.742294
2.590913	0.800103
2.787084	0.826638
2.983571	0.850015
3.178478	0.855069
3.386969	0.865809
3.587562	0.870548
3.790367	0.896451
3.990960	0.940045
4.180182	0.947626
4.385197	0.946363
4.585475	0.989008
4.788911	1.000065
4.994559	1.002276
5.192309	1.039868
5.382163	1.068298
5.584967	1.076196
5.782718	1.086620
5.985838	1.103994
6.188959	1.093254
6.388605	1.071457
6.588882	1.068930
6.790739	1.113787
6.979644	1.163067
7.183081	1.197815
7.388097	1.194024
7.591218	1.182652
7.786757	1.163699
7.991457	1.182968
8.179414	1.236986
8.384430	1.252465
8.586603	1.256572
8.784986	1.229089
8.987158	1.184864
9.182697	1.185811
9.377920	1.237618
9.581673	1.302692
9.785425	1.314381
9.987282	1.318803
9.782267	1.283739
9.581988	1.259099
9.383923	1.218664
9.181118	1.259099
8.988737	1.271735
8.787196	1.240145
8.586287	1.218032
8.382218	1.214242
8.184468	1.209503
7.987982	1.187707
7.784861	1.222455
7.586163	1.222455
7.383990	1.185179
7.184976	1.175703
6.990069	1.146956
6.785685	1.117578
6.590461	1.077459
6.386709	1.086620
6.189275	1.089147
5.987102	1.098308
5.784297	1.100835
5.584651	1.078723
5.383742	1.046185
5.191994	1.003224
4.994243	1.012701
4.783225	1.034813
4.586422	1.002908
4.382670	0.973214
4.182077	0.931200
3.991592	0.868968
3.785312	0.863914
3.585667	0.894240
3.387285	0.893292
3.183216	0.866125
2.985150	0.847803
2.788979	0.801051
2.592808	0.753351
2.389056	0.746085
2.184672	0.735345
1.984710	0.709757
1.786960	0.663952
1.578785	0.629204
1.389564	0.591612
1.187075	0.541385
0.982059	0.475679
0.786204	0.360377
0.586242	0.168629
0.383122	-0.073337
0.191057	-0.343077
-0.009851	-0.624504
-0.214840	-0.874976
-0.413197	-1.053118
-0.608711	-1.181039
-0.816543	-1.268847
-1.007004	-1.358234
-1.213572	-1.452990
-1.412561	-1.549326
-1.608391	-1.625131
-1.808642	-1.672193
-2.009210	-1.698725
-2.214200	-1.744840
-2.410977	-1.798851
-2.610597	-1.881921
-2.814955	-1.967201
-3.013628	-2.048060
-3.212300	-2.117232
-3.418237	-2.174718
-3.608698	-2.245469
-3.812424	-2.316537
-4.012676	-2.388236
-4.211032	-2.434350
-4.412548	-2.459303
-4.615010	-2.482044
-4.805155	-2.516788
-5.003511	-2.569536
-5.213554	-2.669662
-5.412543	-2.754311
-5.613111	-2.844330
-5.818732	-2.932453
-6.009824	-2.985517
-6.208812	-3.026262
-6.412539	-3.054373
-6.613422	-3.096697
-6.812410	-3.148813
-7.012978	-3.212300
-7.212282	-3.269786
-7.412218	-3.306741
-7.612786	-3.351908
-7.809879	-3.428976
-8.017712	-3.522153
-8.213857	-3.627965
-8.414425	-3.728091
-8.608044	-3.776732
-8.810506	-3.767572
-9.015180	-3.771047
-9.214484	-3.793788
-9.410946	-3.866119
-9.484540	-3.917603
-9.484856	-3.946662
-9.495911	-3.956453
-9.500964	-3.937186
-9.470011	-3.929290
-9.395469	-3.939397
-9.210062	-3.912234
-9.009495	-3.845273
-8.811138	-3.767256
-8.610570	-3.648811
-8.413793	-3.546158
-8.213225	-3.485830
-8.013289	-3.439715
-7.810827	-3.417921
-7.614681	-3.391706
-7.408744	-3.363910
-7.214493	-3.320638
-7.016452	-3.264416
-6.812095	-3.211668
-6.616580	-3.129546
-6.409380	-3.049635
-6.213550	-2.964038
-6.011087	-2.906237
-5.811783	-2.830116
-5.611847	-2.760944
-5.410964	-2.711039
-5.210080	-2.672189
-5.013935	-2.659870
-4.808313	-2.642498
-4.611852	-2.602069
-4.417601	-2.506681
-4.214191	-2.401186
-4.009517	-2.311167
-3.814319	-2.236625
-3.610277	-2.186404
-3.415395	-2.154503
-3.215459	-2.100808
-3.016470	-2.040164
-2.810849	-1.968465
-2.610281	-1.908453
-2.414136	-1.867391
-2.216411	-1.806431
-2.020265	-1.743261
-1.812117	-1.660191
-1.612181	-1.550273
-1.413193	-1.466256
-1.209466	-1.400558
-1.011741	-1.339914
-0.814016	-1.276743
-0.610290	-1.187672
-0.411934	-1.063542
-0.211998	-0.890769
-0.008903	-0.652615
0.186951	-0.355396
0.385333	-0.071126
0.589401	0.166102
0.785256	0.355639
0.989956	0.467782
1.188022	0.549914
1.392722	0.610250
1.584471	0.626677
1.783801	0.662057
1.986605	0.703123
2.188462	0.715759
2.385581	0.741979
2.585859	0.796628
2.796876	0.810844
2.982939	0.845908
3.185112	0.870548
3.383178	0.870548
3.590089	0.863282
3.785944	0.878129
3.984958	0.902137
4.183024	0.949838
4.388672	0.985850
4.590213	1.000065
4.792386	1.017439
4.987926	1.014596
5.184728	1.019019
5.382794	1.061349
5.583072	1.085672
5.787140	1.092306
5.987733	1.093570
6.184852	1.065771
6.390184	1.041763
6.586671	1.089463
6.784421	1.162751
6.987857	1.182652
7.189083	1.195920
7.394099	1.198131
7.589638	1.171596
7.787072	1.169069
7.985138	1.182652
8.178467	1.230036
8.386009	1.229721
8.586603	1.209819
8.784038	1.226246
8.990949	1.235091
9.180486	1.219928
9.385502	1.257519
9.589254	1.305851
9.787637	1.303324
9.986335	1.291636
9.785741	1.281843
9.582305	1.248990
9.388029	1.215505
9.182697	1.228457
8.985263	1.219296
8.786565	1.246147
8.585340	1.270787
8.383166	1.247411
8.185416	1.212031
7.982612	1.196552
7.782650	1.192761
7.587111	1.201606
7.388412	1.198447
7.182765	1.175387
6.985331	1.137163
6.781578	1.072089
6.590146	1.048713
6.390184	1.099572
6.184536	1.124528
5.988681	1.115682
5.784613	1.104942
5.579597	1.073668
5.386901	1.012385
5.188203	1.017123
4.985398	1.020282
4.786068	1.013964
4.582316	0.987429
4.383618	0.946994
4.184920	0.917616
3.993803	0.893608
3.786260	0.897399
3.594828	0.901821
3.388232	0.892345
3.186059	0.869284
2.988941	0.830745
2.786768	0.799787
2.589649	0.757773
2.384317	0.734081
2.185935	0.723657
1.984394	0.694278
1.784433	0.673113
1.589841	0.643103
1.387036	0.604564
1.185811	0.546124
0.986165	0.477258
0.782729	0.361957
0.584031	0.180633
0.388492	-0.064178
0.197691	-0.348131
-0.012378	-0.624820
-0.214209	-0.868028
-0.413829	-1.061015
-0.610922	-1.182303
-0.815912	-1.304854
-1.010478	-1.383502
-1.210730	-1.459623
-1.404980	-1.539219
-1.609970	-1.584386
-1.812433	-1.607127
-2.015843	-1.663349
-2.215779	-1.732206
-2.409398	-1.820013
-2.615651	-1.908453
-2.813060	-1.994365
-3.018049	-2.070802
-3.217038	-2.138710
-3.408762	-2.214515
-3.607434	-2.265684
-3.807686	-2.293163
-4.014255	-2.348438
-4.215138	-2.401817
-4.408125	-2.464041
-4.611220	-2.515525
-4.808313	-2.566377
-5.006354	-2.646289
-5.215765	-2.714513
-5.414122	-2.816218
-5.613742	-2.911291
-5.812731	-2.962775
-6.012982	-2.969092
-6.209760	-2.997835
-6.410644	-3.032895
-6.614054	-3.090380
-6.813674	-3.164922
-7.012662	-3.238200
-7.219863	-3.303266
-7.410955	-3.323481
-7.610891	-3.392021
-7.812722	-3.488989
-8.014869	-3.580271
-8.210382	-3.652917
-8.411266	-3.706928
-8.609939	-3.684819
-8.809875	-3.673448
-9.016128	-3.682292
-9.215432	-3.772626
-9.410630	-3.863908
-9.472537	-3.927395
-9.473169	-3.960244
-9.484540	-3.965613
-9.464325	-3.970035
-9.440004	-3.973825
-9.392942	-3.946662
-9.204693	-3.884439
-9.013285	-3.780522
-8.810190	-3.699664
-8.611202	-3.612804
-8.414425	-3.527523
-8.211015	-3.497833
-8.013289	-3.479513
-7.812406	-3.452350
-7.607416	-3.436241
-7.407165	-3.412552
-7.214809	-3.341485
-7.016768	-3.245781
-6.813674	-3.159552
-6.613738	-3.088485
-6.410327	-3.044266
-6.209760	-3.006679
-6.010140	-2.973198
-5.812415	-2.904974
-5.613426	-2.823483
-5.410648	-2.764102
-5.210712	-2.741677
-5.015198	-2.700300
-4.808629	-2.636497
-4.613431	-2.559113
-4.415706	-2.441615
-4.212927	-2.339278
-4.013623	-2.289057
-3.812424	-2.247365
-3.608698	-2.209778
-3.416658	-2.169664
-3.214195	-2.101440
-3.015839	-2.034794
-2.810533	-1.976993
-2.613440	-1.918560
-2.408134	-1.852862
-2.215779	-1.788112
-2.015211	-1.701568
-1.810538	-1.597336
-1.610602	-1.523110
-1.413193	-1.446357
-1.209150	-1.387924
-1.009215	-1.345284
-0.813069	-1.281481
-0.613765	-1.204728
-0.417619	-1.097970
-0.211682	-0.899613
-0.013009	-0.639033
0.192321	-0.344025
0.393230	-0.068916
0.580556	0.174947
0.785888	0.349953
0.986797	0.472520
1.184232	0.543280
1.391775	0.587190
1.585419	0.658898
1.781590	0.687960
1.985658	0.702807
2.186883	0.717655
2.386845	0.749876
2.588386	0.784940
2.784557	0.823164
2.984202	0.838958
3.180689	0.845276
3.385705	0.843381
3.588826	0.828850
3.786576	0.885711
3.989381	0.949522
4.181761	0.981111
4.386145	0.997854
4.586739	1.007962
4.783225	1.001328
4.987294	0.987429
5.188203	1.031970
5.383110	1.063244
5.590969	1.064823
5.787772	1.068298
5.987102	1.053767
6.188327	1.074616
6.385446	1.090411
6.589829	1.134636
6.786316	1.170332
6.982803	1.185811
7.185608	1.174123
7.387781	1.179809
7.587111	1.167805
7.787704	1.168121
7.985138	1.188022
8.182573	1.199079
8.386326	1.200342
8.583760	1.233195
8.785933	1.250254
8.985579	1.232564
9.179854	1.238250
9.382027	1.276789
9.583884	1.282159
9.785741	1.299849
9.990757	1.309010
9.786689	1.278368
9.583252	1.214242
9.385186	1.164330
9.182697	1.243304
8.989369	1.264785
8.786249	1.277737
8.585024	1.273630
8.384430	1.233511
8.184784	1.177598
7.983559	1.172544
7.785177	1.203501
7.586795	1.207924
7.390308	1.176966
7.188135	1.140322
6.985014	1.101783
6.785053	1.077775
6.587618	1.118841
6.390816	1.131477
6.190538	1.128950
5.987733	1.115367
5.784929	1.072721
5.584967	1.049345
5.384374	1.018071
5.187571	1.018071
4.987609	1.022177
4.784805	0.988693
4.585475	0.966896
4.387409	0.968159
4.181129	0.939729
3.987170	0.904665
3.791630	0.911614
3.585351	0.910351
3.385389	0.873075
3.188271	0.858228
2.982307	0.831377
2.783925	0.793154
2.585859	0.730922
2.390003	0.731554
2.186567	0.738504
1.983762	0.708809
1.783485	0.690172
1.584471	0.645946
1.388300	0.596983
1.187707	0.534435
0.986481	0.476942
0.787467	0.366379
0.589401	0.182212
0.382490	-0.073337
0.193269	-0.339603
-0.009535	-0.613133
-0.211998	-0.876871
-0.413829	-1.078387
-0.615344	-1.197780
-0.816859	-1.302328
-1.012057	-1.363919
-1.209782	-1.424879
-1.416983	-1.477627
-1.611865	-1.539219
-1.813380	-1.593230
-2.015843	-1.650083
-2.214831	-1.733153
-2.404028	-1.831384
-2.611861	-1.919823
-2.812428	-2.008262
-3.012048	-2.090069
-3.214195	-2.128287
-3.415395	-2.166821
-3.609013	-2.200302
-3.806738	-2.252734
-4.012360	-2.327276
-4.209137	-2.400870
-4.415706	-2.468147
-4.614694	-2.503206
-4.809261	-2.572063
-5.010144	-2.663029
-5.212607	-2.758733
-5.410648	-2.846856
-5.616585	-2.900552
-5.815258	-2.918555
-6.010456	-2.910975
-6.209444	-2.938138
-6.411907	-3.019945
-6.613422	-3.107752
-6.814937	-3.185452
-7.013610	-3.256520
-7.217336	-3.301687
-7.405585	-3.362963
-7.611207	-3.432767
-7.811142	-3.504150
-8.013605	-3.551844
-8.214489	-3.600801
-8.416004	-3.634913
-8.602990	-3.635545
-8.806085	-3.657023
-9.008547	-3.727775
-9.214800	-3.826953
-9.405892	-3.920762
-9.434003	-3.970983
-9.424844	-4.007622
-9.445058	-4.008254
-9.457376	-3.975721
-9.463378	-3.946978
-9.408735	-3.899600
-9.212905	-3.835481
-9.010758	-3.792525
-8.813664	-3.732512
-8.609307	-3.660814
-8.414741	-3.603012
-8.210067	-3.569847
-8.010762	-3.536367
-7.809879	-3.540789
-7.606469	-3.494990
-7.410639	-3.415079
-7.218915	-3.279577
-7.015189	-3.163027
-6.812095	-3.102383
-6.613738	-3.073324
-6.412539	-3.038896
-6.209128	-3.007626
-6.010771	-2.953931
-5.813678	-2.885391
-5.613111	-2.832327
-5.411595	-2.790003
-5.213239	-2.736307
-5.012355	-2.665556
-4.809577	-2.598595
-4.612484	-2.513946
-4.414443	-2.414451
-4.210401	-2.342437
-4.013939	-2.297585
-3.809581	-2.260314
-3.610909	-2.235994
-3.410657	-2.189563
-3.215143	-2.120707
-3.016470	-2.050271
-2.813060	-1.972571
-2.610913	-1.902767
-2.411925	-1.823803
-2.208514	-1.753052
-2.011421	-1.686723
-1.811801	-1.603969
-1.612497	-1.530059
-1.408455	-1.467520
-1.213572	-1.416983
-1.010162	-1.359181
-0.816227	-1.312119
-0.614712	-1.228102
-0.413829	-1.085651
-0.211998	-0.876556
-0.006692	-0.626399
0.191689	-0.333286
0.384069	-0.067020
0.584663	0.172420
0.787467	0.338896
0.993747	0.445353
1.188654	0.550862
1.389879	0.615936
1.579732	0.654476
1.785380	0.691435
1.984078	0.705651
2.185619	0.709757
2.386213	0.750508
2.592492	0.792522
2.790559	0.819689
2.980727	0.823479
3.184164	0.827270
3.388548	0.830745
3.582824	0.864862
3.791630	0.921091
3.991592	0.958998
4.183024	0.980479
4.385197	0.988693
4.586422	0.992167
4.785437	0.990904
4.992980	0.987429
5.186939	1.028811
5.386585	1.045554
5.583388	1.044290
5.784613	1.072721
5.983311	1.092938
6.186748	1.084409
6.388920	1.097360
6.588250	1.141270
6.782842	1.151379
6.985331	1.171596
7.180238	1.178230
7.390940	1.173175
7.585215	1.147904
7.787704	1.134320
7.984507	1.170964
8.180677	1.227193
8.384430	1.260994
8.587551	1.256572
8.790356	1.238882
8.985579	1.211083
9.185856	1.208240
9.379816	1.269207
9.584200	1.298902
9.791427	1.286898
9.984755	1.273946
9.785741	1.224035
9.581988	1.182336
9.381711	1.237934
9.188383	1.285318
8.985579	1.288477
8.786249	1.283107
8.581233	1.241409
8.384430	1.212978
8.185101	1.186759
7.980400	1.178546
7.786757	1.202554
7.584584	1.179493
7.385254	1.157381
7.186872	1.147588
6.979012	1.135268
6.782842	1.109365
6.590777	1.122632
6.391131	1.135584
6.187063	1.117894
5.986786	1.105258
5.786824	1.096729
5.586546	1.055978
5.385005	1.007015
5.187887	0.999433
4.988557	1.003856
4.782278	1.010173
4.585791	1.006699
4.390252	0.978900
4.182077	0.952049
3.988117	0.915721
3.787524	0.894556
3.586298	0.903085
3.386653	0.881920
3.186691	0.852858
2.985782	0.808316
2.789927	0.758089
2.589333	0.728079
2.386213	0.752719
2.186567	0.751455
1.982815	0.719550
1.783485	0.690488
1.587314	0.633311
1.395250	0.579924
1.185811	0.545808
0.982059	0.490526
0.785256	0.367959
0.583715	0.162627
0.384069	-0.076812
0.190741	-0.351605
-0.013325	-0.639665
-0.211682	-0.900245
-0.415724	-1.091653
-0.615976	-1.199043
-0.814648	-1.284324
-1.007951	-1.349074
-1.209466	-1.416035
-1.410982	-1.490261
-1.613444	-1.554695
