# Configuration automatically generated by WRITE_CONFIG()
connection eth
ip 192.168.0.10
samplehz 1000.000000
settleus 10.000000
nsample 128

# Analog Inputs
aichannel 0
ainegative 199
airange 10.000000
airesolution 0

aichannel 1
ainegative 199
airange 10.000000
airesolution 0

# Analog Outputs
aochannel 0
aosignal triangle
aofrequency 5.000000
aoamplitude 2.000000
aooffset 2.500000
aoduty 0.500000

# Meta Parameters
int:periods 10
flt:tip_T_C 303.618943
flt:plate_T_C 190.100080
flt:plate_Q_kW 0.976852
flt:cool_Thigh_C 48.939280
flt:cool_Tlow_C 11.096193
flt:air_psig 20.000000
flt:water_gph 5.500000
flt:standoff_in 0.228000
flt:oxygen_scfh 11.757812
flt:fuel_scfh 8.273094
flt:flow_scfh 20.030906
flt:ratio_fto 0.703625

## End Configuration ##
#: Wed Apr  5 17:57:26 2017
-7.407480	-1.533533
-10.006331	-1.809590
-9.803869	-1.771056
-9.613409	-1.772951
-9.413157	-1.768845
-9.217643	-1.712939
-9.015496	-1.625763
-8.812402	-1.595441
-8.610887	-1.634291
-8.414741	-1.667771
-8.214173	-1.659875
-8.012026	-1.598283
-7.811142	-1.521531
-7.605521	-1.473837
-7.405585	-1.450148
-7.214177	-1.424879
-7.013926	-1.393925
-6.811779	-1.336124
-6.614686	-1.290325
-6.412854	-1.272953
-6.210076	-1.304539
-6.011403	-1.310224
-5.814310	-1.286851
-5.614058	-1.246105
-5.407489	-1.188620
-5.217029	-1.159245
-5.011092	-1.157350
-4.808945	-1.146295
-4.616273	-1.106498
-4.413495	-1.052171
-4.213243	-1.017427
-4.010465	-1.003529
-3.812108	-0.988368
-3.611540	-0.958046
-3.414763	-0.907825
-3.212932	-0.859499
-3.006363	-0.809594
-2.817482	-0.792222
-2.612176	-0.772955
-2.408766	-0.760637
-2.215779	-0.716733
-2.013316	-0.661775
-1.811801	-0.636190
-1.611233	-0.614712
-1.415719	-0.602078
-1.207887	-0.583443
-1.006372	-0.538907
-0.819386	-0.495003
-0.608079	-0.454890
-0.410986	-0.432780
-0.214209	-0.380980
-0.009535	-0.292856
0.187898	-0.156091
0.385333	-0.007640
0.581820	0.117770
0.784624	0.210959
0.985534	0.279192
1.184864	0.309202
1.389248	0.343319
1.585734	0.330367
1.785380	0.338264
1.986605	0.367959
2.186251	0.403023
2.384949	0.432085
2.592808	0.435876
2.790243	0.433981
2.985150	0.427031
3.188586	0.451671
3.392971	0.482313
3.585667	0.513270
3.784365	0.493685
3.988117	0.477890
4.185236	0.482944
4.381407	0.522747
4.585159	0.552441
4.786700	0.552757
4.986978	0.538226
5.190098	0.529381
5.381846	0.537278
5.585283	0.569184
5.787140	0.596983
5.988365	0.590349
6.195909	0.558759
6.388605	0.554969
6.589829	0.579292
6.785369	0.624150
6.982487	0.639944
7.186556	0.628888
7.387781	0.598878
7.588690	0.595719
7.792758	0.603301
7.984191	0.644683
8.184468	0.661741
8.387273	0.614357
8.586603	0.602985
8.790039	0.610250
8.986210	0.649421
9.185225	0.676272
9.381080	0.689856
9.585779	0.663321
9.785741	0.630468
9.985703	0.638681
9.786057	0.676904
9.582621	0.691119
9.386133	0.674061
9.181749	0.619095
8.988106	0.611198
8.790987	0.618779
8.583760	0.665848
8.385694	0.668375
8.182573	0.646262
7.984507	0.610250
7.788652	0.583083
7.587427	0.602669
7.387781	0.635838
7.182449	0.635206
6.985646	0.600773
6.786948	0.565709
6.591409	0.560655
6.387657	0.596667
6.188643	0.616568
5.983943	0.610250
5.784613	0.575186
5.584020	0.542017
5.385953	0.524327
5.190414	0.548967
4.985714	0.566025
4.792702	0.533172
4.589898	0.510427
4.378880	0.491474
4.182393	0.499371
3.988749	0.509164
3.788471	0.516745
3.587562	0.501898
3.384757	0.460516
3.184796	0.441246
2.988309	0.440615
2.785504	0.455462
2.587754	0.441878
2.388108	0.396073
2.185303	0.373645
1.988501	0.352164
1.785380	0.354059
1.582576	0.355639
1.390827	0.346162
1.188654	0.297514
0.991852	0.252657
0.785888	0.206536
0.582451	0.115558
0.381542	-0.011746
0.195164	-0.153249
-0.007008	-0.283381
-0.212629	-0.360765
-0.413513	-0.418251
-0.618187	-0.468156
-0.814964	-0.502900
-1.011110	-0.520272
-1.216415	-0.551857
-1.412877	-0.603973
-1.613760	-0.665881
-1.807063	-0.712627
-2.014895	-0.715470
-2.216727	-0.726841
-2.415399	-0.729999
-2.604912	-0.758426
-2.814008	-0.792222
-3.008890	-0.814332
-3.209141	-0.815912
-3.417606	-0.845286
-3.609961	-0.905298
-3.808002	-0.997212
-4.014571	-1.063542
-4.213559	-1.085651
-4.413179	-1.077123
-4.617221	-1.079018
-4.804839	-1.099549
-5.001932	-1.136188
-5.212291	-1.154192
-5.412227	-1.157350
-5.613426	-1.152613
-5.813046	-1.190515
-6.010771	-1.270742
-6.211655	-1.364867
-6.412539	-1.424247
-6.611527	-1.407823
-6.815253	-1.389819
-7.014557	-1.398031
-7.211335	-1.440988
-7.408112	-1.450463
-7.606469	-1.466572
-7.814933	-1.459623
-8.013605	-1.478574
-8.212910	-1.539534
-8.415056	-1.637765
-8.610887	-1.709464
-8.812402	-1.767581
-9.012338	-1.735996
-9.215432	-1.719256
-9.414736	-1.713254
-9.613409	-1.746419
-9.811766	-1.794745
-10.006964	-1.816223
-9.808607	-1.742945
-9.614672	-1.718308
-9.414736	-1.728731
-9.214484	-1.763159
-9.010126	-1.754315
-8.811454	-1.696830
-8.605832	-1.618814
-8.414425	-1.579648
-8.214173	-1.576173
-8.013921	-1.561960
-7.811142	-1.530059
-7.609943	-1.463098
-7.408744	-1.394241
-7.217336	-1.397716
-7.015505	-1.404664
-6.811779	-1.433091
-6.613422	-1.426774
-6.408116	-1.386345
-6.211023	-1.320963
-6.010140	-1.284008
-5.814310	-1.246421
-5.614374	-1.216731
-5.411280	-1.166194
-5.202816	-1.114394
-5.012039	-1.058172
-4.809577	-1.053118
-4.615326	-1.085651
-4.416337	-1.085335
-4.211348	-1.031324
-4.016782	-0.982051
-3.814003	-0.924565
-3.607750	-0.903403
-3.415710	-0.884768
-3.212616	-0.858236
-3.017102	-0.809910
-2.811796	-0.766638
-2.611229	-0.749898
-2.410661	-0.756215
-2.215463	-0.754952
-2.010473	-0.742633
-1.813696	-0.676620
-1.612813	-0.611870
-1.407823	-0.572388
-1.213257	-0.547751
-1.002582	-0.537960
-0.812121	-0.488370
-0.615344	-0.432780
-0.413513	-0.391719
-0.211050	-0.364555
-0.012062	-0.286223
0.190741	-0.155776
0.382174	-0.001638
0.587506	0.122508
0.789995	0.202114
0.988693	0.268452
1.188022	0.311413
1.390511	0.341108
1.583839	0.363536
1.785064	0.365116
1.986921	0.359745
2.188462	0.368906
2.387161	0.399548
2.587122	0.434613
2.791506	0.450723
2.985782	0.433981
3.185112	0.439983
3.388864	0.451355
3.588194	0.487999
3.796053	0.512323
3.994751	0.520220
4.182077	0.512955
4.382670	0.512639
4.583580	0.514850
4.786384	0.549282
4.989820	0.569816
5.186624	0.546439
5.383110	0.525590
5.584967	0.527802
5.788404	0.555916
5.987418	0.603301
6.189275	0.613093
6.386709	0.608355
6.590777	0.576765
6.785369	0.560971
6.982803	0.608671
7.185924	0.631099
7.388729	0.634258
7.591218	0.597930
7.788336	0.594455
7.978189	0.596983
8.181310	0.645630
8.386009	0.670270
8.587551	0.662373
8.785617	0.630783
8.990001	0.608355
9.181434	0.617832
9.384238	0.677220
9.582936	0.687329
9.785741	0.659846
9.983808	0.635206
9.784477	0.618464
9.581357	0.643103
9.389293	0.677220
9.183961	0.703123
8.983367	0.665216
8.790356	0.623834
8.589130	0.597299
8.382535	0.627940
8.182257	0.655107
7.985770	0.641840
7.788652	0.597299
7.586479	0.584663
7.392519	0.578977
7.186240	0.615936
6.985331	0.635522
6.780630	0.631415
6.589829	0.588453
6.390500	0.559707
6.186431	0.561918
5.984890	0.583715
5.789035	0.590033
5.589074	0.572659
5.380267	0.530329
5.189466	0.510111
4.987294	0.533172
4.784173	0.545176
4.589266	0.543912
4.386145	0.530961
4.184604	0.492105
3.990960	0.468413
3.784681	0.487999
3.591037	0.495264
3.388232	0.499055
3.184796	0.454830
2.983886	0.428926
2.788979	0.417870
2.586174	0.427031
2.388424	0.428295
2.185303	0.409973
1.984394	0.373013
1.785380	0.345214
1.586998	0.329104
1.394934	0.315836
1.191181	0.306675
0.993747	0.260554
0.789679	0.206852
0.585610	0.106713
0.385649	-0.014904
0.190741	-0.153565
-0.016168	-0.285908
-0.212313	-0.356027
-0.411934	-0.408143
-0.613765	-0.461839
-0.815280	-0.510164
-1.007951	-0.549014
-1.209466	-0.562596
-1.411929	-0.585338
-1.607759	-0.621345
-1.811801	-0.654826
-2.014580	-0.679147
-2.216411	-0.705994
-2.411293	-0.706310
-2.613124	-0.736948
-2.813060	-0.776430
-3.010153	-0.840232
-3.216722	-0.906562
-3.416658	-0.956467
-3.607750	-0.956467
-3.808949	-0.966890
-4.006990	-0.986473
-4.210084	-1.021849
-4.415074	-1.045538
-4.613747	-1.052487
-4.812735	-1.062910
-5.008881	-1.111236
-5.211344	-1.200622
-5.416333	-1.278323
-5.615322	-1.323174
-5.816205	-1.331702
-6.009192	-1.297906
-6.212603	-1.260319
-6.404642	-1.299485
-6.615949	-1.300117
-6.813358	-1.308013
-7.013294	-1.321911
-7.218599	-1.338651
-7.410007	-1.404033
-7.608048	-1.520899
-7.813354	-1.598283
-8.012974	-1.616603
-8.216384	-1.598915
-8.411266	-1.582491
-8.607096	-1.640608
-8.813981	-1.686723
-9.010442	-1.722414
-9.211641	-1.723993
-9.414420	-1.681353
-9.610250	-1.722730
-9.810818	-1.815907
-10.008226	-1.881605
-9.808607	-1.879394
-9.619094	-1.770424
-9.413789	-1.698725
-9.212274	-1.675984
-9.012338	-1.665876
-8.808611	-1.631764
-8.614045	-1.570488
-8.410003	-1.513318
-8.211646	-1.479522
-8.013289	-1.468783
-7.813669	-1.491524
-7.610259	-1.507317
-7.415061	-1.475100
-7.215125	-1.405296
-7.012031	-1.351917
-6.812726	-1.315278
-6.615633	-1.318436
-6.410644	-1.315278
-6.209128	-1.286535
-6.013299	-1.218626
-5.814310	-1.198096
-5.617533	-1.195253
-5.414438	-1.190199
-5.211028	-1.181671
-5.010460	-1.151665
-4.810840	-1.099233
-4.605219	-1.078071
-4.414443	-1.033219
-4.213243	-0.996580
-4.009833	-0.952677
-3.811160	-0.909089
-3.607434	-0.870554
-3.414131	-0.866764
-3.215459	-0.860131
-3.012996	-0.856025
-2.808954	-0.824124
-2.612808	-0.780220
-2.410661	-0.728420
-2.214200	-0.695255
-2.014580	-0.680726
-1.813064	-0.663985
-1.618182	-0.633979
-1.412245	-0.592918
-1.210098	-0.570493
-1.012689	-0.554068
-0.815596	-0.515534
-0.614080	-0.493740
-0.416356	-0.439097
-0.214209	-0.369609
-0.006376	-0.289382
0.194532	-0.152617
0.385965	-0.000691
0.585294	0.129142
0.786520	0.232124
0.988693	0.277929
1.188654	0.292460
1.390511	0.309202
1.584471	0.345530
1.787276	0.375540
1.986605	0.390703
2.188778	0.379963
2.382738	0.384069
2.586806	0.407446
2.793718	0.441878
2.982939	0.475047
3.186059	0.473468
3.385389	0.455462
3.588194	0.463359
3.795105	0.471888
3.989697	0.517693
4.183341	0.540437
4.383302	0.529065
4.587370	0.507268
4.787332	0.504425
4.981923	0.538542
5.189466	0.566025
5.384374	0.589085
5.584020	0.562550
5.786192	0.545808
5.983943	0.548335
6.189590	0.590033
6.391763	0.617832
6.586987	0.620675
6.783473	0.589085
6.986910	0.570132
7.182133	0.591296
7.386201	0.637417
7.588374	0.654476
7.787704	0.647526
7.995563	0.599194
8.180046	0.594771
8.386642	0.621307
8.584707	0.651317
8.788144	0.671850
8.988737	0.646578
9.182697	0.617832
9.383290	0.614673
9.582621	0.654160
9.785425	0.686697
9.985703	0.706282
9.786057	0.656687
9.587675	0.639313
9.383290	0.632995
9.179854	0.657634
8.988421	0.671534
8.785617	0.660162
8.587551	0.608355
8.379060	0.587822
8.183520	0.594140
7.990193	0.632047
7.789916	0.654160
7.587427	0.631731
7.384306	0.584031
7.184976	0.579924
6.985646	0.588138
6.784105	0.610566
6.588882	0.629204
6.389868	0.595087
6.188011	0.551494
5.985206	0.555284
5.786508	0.566025
5.584967	0.584979
5.384690	0.579608
5.189150	0.549914
4.987609	0.515166
4.786068	0.506637
4.588634	0.518957
4.383618	0.533172
4.184920	0.514850
3.988433	0.478522
3.787840	0.456093
3.586614	0.453250
3.386337	0.477574
3.192377	0.481997
2.985150	0.461148
2.787715	0.428611
2.590597	0.400496
2.390003	0.389755
2.184988	0.405234
1.987237	0.398916
1.784117	0.365431
1.583839	0.325629
1.390511	0.301305
1.184548	0.293091
0.984270	0.276033
0.783361	0.219172
0.585926	0.124403
0.385649	-0.016168
0.189794	-0.154512
-0.011430	-0.284644
-0.214840	-0.368346
-0.416040	-0.404669
-0.614080	-0.430885
-0.819070	-0.468787
-1.010478	-0.523746
-1.205992	-0.584390
-1.412877	-0.608079
-1.611549	-0.619134
-1.815591	-0.628926
-2.013948	-0.669671
-2.211357	-0.728420
-2.412241	-0.753688
-2.607754	-0.789064
-2.813060	-0.819386
-3.015523	-0.834547
-3.214827	-0.867396
-3.420764	-0.903403
-3.610593	-0.937516
-3.810529	-0.936252
-4.014571	-0.937831
-4.211664	-0.979524
-4.415390	-1.043643
-4.613115	-1.100181
-4.808313	-1.132398
-5.010776	-1.120395
-5.210080	-1.135241
-5.410016	-1.172195
-5.612795	-1.222416
-5.814942	-1.259055
-6.004455	-1.281165
-6.210707	-1.249896
-6.415697	-1.288114
-6.613106	-1.359497
-6.813990	-1.431512
-7.014557	-1.481417
-7.215125	-1.478259
-7.412534	-1.468151
-7.611207	-1.470994
-7.810195	-1.499421
-8.012658	-1.527216
-8.215120	-1.558801
-8.413793	-1.565750
-8.610570	-1.567014
-8.810822	-1.628921
-9.015496	-1.717045
-9.210062	-1.768845
-9.411577	-1.796640
-9.614356	-1.775478
-9.809554	-1.759053
-10.007279	-1.749262
-9.811133	-1.718940
-9.614040	-1.707885
-9.415368	-1.675352
-9.212905	-1.626078
-9.010126	-1.616603
-8.811769	-1.660191
-8.609307	-1.709148
-8.415056	-1.728731
-8.211015	-1.669351
-8.015184	-1.581859
-7.807984	-1.532586
-7.604574	-1.494051
-7.409060	-1.440356
-7.218915	-1.411929
-7.013610	-1.357918
-6.811779	-1.291273
-6.616896	-1.289062
-6.414433	-1.290641
-6.211339	-1.310856
-6.013614	-1.313383
-5.815573	-1.243263
-5.615953	-1.173459
-5.416965	-1.133345
-5.211344	-1.097338
-5.015514	-1.064173
-4.806418	-1.038589
-4.610904	-0.995317
-4.412231	-0.974155
-4.213875	-0.989000
-4.011412	-1.035430
-3.813371	-1.033535
-3.609961	-1.002266
-3.417290	-0.951729
-3.210721	-0.899929
-3.007942	-0.848445
-2.809270	-0.801066
-2.612808	-0.753688
-2.409082	-0.722734
-2.217990	-0.681358
-2.013000	-0.649140
-1.814012	-0.669671
-1.611233	-0.660195
-1.413824	-0.639349
-1.209782	-0.578073
-1.007004	-0.533853
-0.818123	-0.494056
-0.612817	-0.454258
-0.410354	-0.420777
-0.211366	-0.359502
-0.010798	-0.269167
0.191057	-0.142194
0.386596	-0.012378
0.583399	0.122192
0.789047	0.230228
0.988693	0.283931
1.185495	0.308570
1.390195	0.315836
1.580364	0.326576
1.786012	0.351216
1.987553	0.389124
2.186883	0.412184
2.387792	0.416291
2.588070	0.412500
2.788031	0.415975
2.983571	0.448512
3.186691	0.470625
3.386337	0.487367
3.587562	0.479470
3.789735	0.466518
3.991908	0.477258
4.184288	0.516429
4.381407	0.551810
4.593688	0.550230
4.788280	0.533488
4.986030	0.526854
5.188519	0.537278
5.385637	0.556548
5.588442	0.583083
5.791879	0.577081
5.989313	0.536963
6.188643	0.542965
6.387973	0.571711
6.589514	0.614989
6.786633	0.639313
6.983751	0.632995
7.184976	0.604564
7.392203	0.580556
7.586479	0.622254
7.788968	0.646262
7.983243	0.643103
8.183205	0.619095
8.386326	0.599194
8.588182	0.591928
8.786880	0.638049
8.990633	0.671534
9.177643	0.682590
9.383290	0.652896
9.586095	0.621307
9.790480	0.624150
9.985387	0.675009
9.786689	0.682274
9.581988	0.672482
9.382975	0.627309
9.187752	0.593508
8.988421	0.634258
8.789408	0.662689
8.582812	0.679747
8.388853	0.659530
8.189207	0.608355
7.986086	0.593824
7.791179	0.611830
7.591218	0.636470
7.388729	0.633626
7.187187	0.600142
6.983119	0.572343
6.785053	0.563182
6.591409	0.590665
6.387657	0.619411
6.189590	0.621622
5.989313	0.567920
5.788088	0.546755
5.584967	0.547387
5.381531	0.561602
5.189782	0.566025
4.988557	0.550546
4.787964	0.511059
4.585159	0.487051
4.388988	0.492737
4.183656	0.518957
3.988749	0.528433
3.786260	0.507584
3.586298	0.473783
3.387916	0.446301
3.182585	0.453250
2.987045	0.457041
2.795613	0.440615
2.589649	0.424188
2.387476	0.382806
2.183724	0.374908
1.987237	0.377120
1.784748	0.370802
1.581944	0.360061
1.388616	0.328156
1.192129	0.276033
0.987429	0.256448
0.790310	0.212854
0.582136	0.122824
0.387544	-0.015852
0.191689	-0.146616
-0.012378	-0.266956
-0.211366	-0.353816
-0.417619	-0.403405
-0.614712	-0.431832
-0.815596	-0.452047
-1.011425	-0.495003
-1.211361	-0.554068
-1.410982	-0.617239
-1.607127	-0.659879
-1.813380	-0.670934
-2.018686	-0.692412
-2.218622	-0.704415
-2.407819	-0.743581
-2.608386	-0.772955
-2.812428	-0.803277
-3.014891	-0.826019
-3.208826	-0.860763
-3.410025	-0.929303
-3.601117	-1.000371
-3.811160	-1.041116
-4.013939	-1.066384
-4.211348	-1.074596
-4.418865	-1.093548
-4.613747	-1.097970
-4.810524	-1.103655
-5.008565	-1.105866
-5.207237	-1.091968
-5.410016	-1.083440
-5.618480	-1.133345
-5.816205	-1.194937
-6.010771	-1.291273
-6.213550	-1.343389
-6.413170	-1.335176
-6.612159	-1.315278
-6.817780	-1.315909
-7.013610	-1.351917
-7.210703	-1.411297
-7.407480	-1.445726
-7.607416	-1.428985
-7.813985	-1.443515
-8.013605	-1.511107
-8.217332	-1.612497
-8.416320	-1.679142
-8.608359	-1.725888
-8.813349	-1.701252
-9.011390	-1.698409
-9.212905	-1.700620
-9.416631	-1.697146
-9.607408	-1.726836
-9.812081	-1.728731
-10.007595	-1.721467
-9.807659	-1.713254
-9.617199	-1.737575
-9.413157	-1.772319
-9.214484	-1.794745
-9.013917	-1.715465
-8.813033	-1.631448
-8.609307	-1.566066
-8.415689	-1.530059
-8.215120	-1.527848
-8.011395	-1.511423
-7.811774	-1.448252
-7.607100	-1.413824
-7.400532	-1.422984
-7.214177	-1.442883
-7.016137	-1.441619
-6.813042	-1.422668
-6.611527	-1.355391
-6.412222	-1.299485
-6.211023	-1.259687
-6.012667	-1.242631
-5.815573	-1.217679
-5.612795	-1.183250
-5.415701	-1.123870
-5.210712	-1.088810
-5.013303	-1.133030
-4.809577	-1.165563
-4.613431	-1.165247
-4.416022	-1.117553
-4.214822	-1.045854
-4.009201	-0.978577
-3.805159	-0.924881
-3.611224	-0.877187
-3.414447	-0.854762
-3.216722	-0.810542
-3.012364	-0.777377
-2.813376	-0.757478
-2.612808	-0.780852
-2.406555	-0.803909
-2.220517	-0.785590
-2.007947	-0.735369
-1.809906	-0.687990
-1.612497	-0.629873
-1.414772	-0.593550
-1.210414	-0.559438
-1.005740	-0.522167
-0.817491	-0.462470
-0.615660	-0.427410
-0.410670	-0.416040
-0.211366	-0.382243
-0.008903	-0.300437
0.189794	-0.152933
0.385649	-0.002586
0.582136	0.123140
0.789679	0.214434
0.988377	0.271295
1.187391	0.315204
1.388616	0.342055
1.584155	0.339212
1.783169	0.349953
1.984710	0.363536
2.186883	0.379331
2.387161	0.421661
2.591861	0.436824
2.794034	0.422608
2.987361	0.426083
3.185428	0.438087
3.386653	0.478522
3.591353	0.495896
3.788471	0.515166
3.989065	0.505689
4.180497	0.487999
4.385513	0.504741
4.583895	0.538226
4.784489	0.548967
4.987294	0.545492
5.186624	0.521800
5.387848	0.520852
5.584651	0.553705
5.777979	0.599194
5.988997	0.605828
6.193065	0.607723
6.388920	0.583399
6.589829	0.567288
6.788528	0.589401
6.984383	0.627940
7.187503	0.637733
7.389676	0.600773
7.593429	0.576134
7.789284	0.584663
7.981664	0.626045
8.186364	0.661741
8.387589	0.667111
8.585024	0.634574
8.786249	0.610250
8.988421	0.605828
9.184909	0.656687
9.383290	0.694910
9.582305	0.674377
9.786689	0.631415
9.985387	0.620991
9.785741	0.643103
9.584200	0.683854
9.378236	0.696805
9.180801	0.674061
8.985894	0.620043
8.784986	0.605512
8.587867	0.622570
8.380323	0.649737
8.181625	0.655107
7.984507	0.608039
7.786757	0.588138
7.589322	0.577713
7.388097	0.599510
7.185292	0.637101
6.986594	0.638681
6.783473	0.598246
6.589829	0.570132
6.389868	0.564761
6.186116	0.590033
5.988365	0.600142
5.788720	0.576449
5.586546	0.545176
5.383110	0.523379
5.188519	0.535699
4.989189	0.547703
4.785437	0.549282
4.585791	0.541385
4.389304	0.498423
4.183024	0.474099
3.992856	0.483892
3.790051	0.500951
3.587246	0.496528
3.387916	0.463675
3.187323	0.433665
2.983571	0.425136
2.789927	0.441878
2.587438	0.435244
2.386845	0.428295
2.184672	0.395126
1.981867	0.359429
1.783485	0.335421
1.584155	0.348689
1.388300	0.331947
1.187075	0.303516
0.985534	0.256764
0.783993	0.200850
0.587822	0.108609
0.382490	-0.010482
0.190110	-0.140614
-0.010167	-0.266640
-0.212945	-0.354448
-0.413829	-0.435939
-0.607763	-0.508901
-0.808015	-0.556595
-1.012373	-0.556279
-1.209782	-0.570493
-1.414772	-0.591971
-1.612181	-0.625767
-1.812117	-0.656089
-2.013632	-0.691465
-2.217674	-0.716417
-2.406555	-0.724314
-2.609650	-0.784958
-2.813692	-0.863290
-3.013628	-0.919196
-3.209773	-0.956467
-3.412552	-0.926776
-3.608066	-0.900245
-3.813371	-0.910668
-4.012044	-0.960889
-4.214822	-1.014268
-4.412231	-1.026902
-4.614694	-1.031640
-4.807365	-1.054382
-5.010776	-1.100497
-5.211028	-1.184198
-5.410648	-1.252423
-5.616269	-1.240420
-5.817469	-1.220205
-6.006350	-1.225259
-6.202811	-1.264109
-6.412539	-1.300432
-6.611843	-1.350022
-6.818096	-1.351917
-7.015189	-1.354128
-7.214177	-1.401822
-7.410639	-1.468467
-7.608048	-1.529743
-7.806089	-1.550589
-8.015817	-1.541430
-8.212594	-1.573962
-8.420426	-1.656716
-8.609623	-1.717360
-8.810506	-1.743261
-9.011705	-1.725573
-9.207851	-1.687986
-9.415368	-1.708832
-9.614672	-1.755895
-9.808607	-1.845913
-10.009174	-1.898345
-9.804501	-1.822540
-9.613092	-1.730942
-9.414420	-1.686407
-9.212274	-1.667140
-9.013285	-1.640608
-8.804505	-1.611865
-8.609307	-1.563223
-8.414425	-1.530375
-8.211646	-1.521847
-8.012341	-1.520583
-7.813669	-1.514582
-7.603626	-1.480154
-7.407480	-1.421405
-7.214809	-1.394241
-7.016452	-1.384134
-6.813674	-1.400874
-6.611527	-1.413824
-6.415065	-1.379396
-6.213550	-1.308961
-6.012035	-1.248632
-5.820627	-1.230313
-5.617848	-1.215468
-5.408121	-1.202202
-5.213871	-1.171564
-5.012671	-1.133977
-4.808945	-1.088810
-4.617537	-1.080598
-4.414443	-1.072385
-4.212612	-1.039537
-4.012991	-0.976366
-3.811792	-0.932778
-3.609013	-0.908141
-3.416658	-0.904035
-3.213563	-0.904667
-3.014259	-0.863606
-2.812428	-0.801382
-2.609018	-0.768533
-2.410345	-0.734105
-2.210093	-0.730631
-2.011737	-0.703151
-1.812117	-0.663985
-1.616603	-0.612185
-1.410982	-0.565439
-1.209466	-0.553436
-1.006372	-0.540486
-0.814648	-0.518692
-0.617871	-0.476368
-0.407827	-0.424568
-0.205365	-0.364240
-0.008587	-0.267904
0.190426	-0.148195
0.386281	-0.002586
0.582767	0.138935
0.786836	0.222331
0.991536	0.255816
1.188338	0.287089
1.390827	0.315520
1.581628	0.355955
1.788539	0.363852
1.983762	0.368906
2.193517	0.362588
2.396322	0.379647
2.587438	0.429558
2.789927	0.459252
2.985782	0.462095
3.185112	0.457357
3.386021	0.445037
3.587562	0.468729
3.788471	0.505689
3.989065	0.523695
4.183972	0.512955
4.384565	0.485788
4.582000	0.492105
4.790491	0.522747
4.990452	0.555600
5.188835	0.588138
5.379319	0.567920
5.583072	0.537594
5.783981	0.537910
5.987733	0.568236
6.190538	0.600142
6.391448	0.606459
6.588882	0.593192
6.785053	0.572343
6.985646	0.580556
7.184976	0.626045
7.389992	0.650053
7.587427	0.646262
7.791811	0.618464
7.983875	0.593824
8.186048	0.611514
8.386642	0.655107
8.582812	0.656055
8.787512	0.640892
8.989685	0.608039
9.185225	0.606459
9.384870	0.640892
9.587358	0.680695
9.792375	0.699964
9.978437	0.676588
9.786689	0.634574
9.583884	0.619095
9.382343	0.651317
9.179854	0.673113
8.985579	0.659530
8.794147	0.616884
8.585024	0.596351
8.383482	0.603301
8.185732	0.632995
7.984823	0.654791
7.790231	0.656371
7.583636	0.611198
7.386201	0.583715
7.187187	0.587822
6.980592	0.614673
6.782842	0.630783
6.597411	0.592244
6.393659	0.566025
6.188011	0.544544
5.987102	0.567920
5.783350	0.595087
5.584335	0.590665
5.379951	0.570763
5.188835	0.528117
4.988241	0.506953
4.786068	0.526538
4.584211	0.537278
4.388988	0.525906
4.183024	0.496528
3.987801	0.470940
3.787840	0.467466
3.587878	0.488946
3.386653	0.490842
3.184796	0.486103
2.981675	0.444089
2.787084	0.415659
2.589017	0.410604
2.390319	0.404287
2.190674	0.404918
1.985658	0.378699
1.784748	0.337949
1.583839	0.323102
1.391775	0.309834
1.186759	0.303832
0.988693	0.279508
0.783677	0.217593
0.586242	0.117454
0.383122	-0.020274
0.189478	-0.162408
-0.010798	-0.299174
-0.213261	-0.390771
-0.410038	-0.438781
-0.606816	-0.473841
-0.817491	-0.501320
-1.009530	-0.530695
-1.206939	-0.560385
-1.413508	-0.563544
-1.611865	-0.583758
-1.814644	-0.639033
-2.016475	-0.696519
-2.215779	-0.747371
-2.413820	-0.773271
-2.605859	-0.774219
-2.812744	-0.778325
-3.013943	-0.825071
-3.214827	-0.862026
-3.416342	-0.912879
-3.609329	-0.947623
-3.811792	-0.944464
-4.014571	-0.975418
-4.210084	-1.036378
-4.411600	-1.109025
-4.615958	-1.145664
-4.809261	-1.144400
-5.012671	-1.140926
-5.211659	-1.140610
-5.412859	-1.172827
-5.611216	-1.204413
-5.814310	-1.223996
-6.012982	-1.213572
-6.207865	-1.214836
-6.410644	-1.260319
-6.612790	-1.336440
-6.813042	-1.429301
-7.017716	-1.458044
-7.216073	-1.439724
-7.412534	-1.449516
-7.609627	-1.480154
-7.811774	-1.534481
-8.012658	-1.590703
-8.208172	-1.573647
-8.411266	-1.550905
-8.606149	-1.592598
-8.807032	-1.667771
-9.013600	-1.755895
-9.213536	-1.798535
-9.416315	-1.784953
-9.615935	-1.758422
-9.809870	-1.756526
-10.006331	-1.810538
-9.812397	-1.795377
-9.615935	-1.758737
-9.414420	-1.665876
-9.216063	-1.603653
-9.012021	-1.616603
-8.808927	-1.679458
-8.613097	-1.707569
-8.416320	-1.668403
-8.216700	-1.580280
-8.014237	-1.505738
-7.811774	-1.482049
-7.612470	-1.470994
-7.409376	-1.446673
-7.218915	-1.389188
-7.015505	-1.355391
-6.813674	-1.335492
-6.615001	-1.356339
-6.414433	-1.369289
-6.211023	-1.344020
-6.011719	-1.263477
-5.815573	-1.217994
-5.614058	-1.195885
-5.410964	-1.155771
-5.211344	-1.123870
-5.008565	-1.061331
-4.807682	-1.009530
-4.616273	-0.975734
-4.410336	-0.976366
-4.216718	-1.021533
-4.013307	-1.029745
-3.810529	-0.993738
-3.611856	-0.912247
-3.415079	-0.862342
-3.209141	-0.843075
-3.009521	-0.830757
-2.811796	-0.819702
-2.610597	-0.789380
-2.412556	-0.722103
-2.214831	-0.697466
-2.018370	-0.694939
-1.811801	-0.699993
-1.611549	-0.668407
-1.414456	-0.611554
-1.210414	-0.563860
-1.008267	-0.504795
-0.818754	-0.472894
-0.613765	-0.446678
-0.411302	-0.404353
-0.216104	-0.342761
-0.011114	-0.259376
0.189794	-0.148511
0.392914	-0.012062
0.588138	0.129458
0.785888	0.232440
0.989640	0.270979
1.187075	0.294671
1.388932	0.309518
1.580364	0.329735
1.783169	0.373013
1.986290	0.396073
2.190989	0.399548
2.397901	0.396073
2.594072	0.391651
2.789927	0.424504
2.985782	0.453882
3.184796	0.475363
3.386969	0.471888
3.591037	0.450407
3.785628	0.465254
3.991908	0.494948
4.183024	0.536331
4.382670	0.558759
4.586107	0.530645
4.785752	0.516113
4.989189	0.514850
5.190098	0.545808
5.385005	0.567920
5.588126	0.557496
5.788404	0.546439
5.987418	0.543280
6.187063	0.567604
6.383866	0.608671
6.590146	0.629204
6.785685	0.627624
6.983119	0.597299
7.186872	0.579924
7.392519	0.598246
7.584899	0.649105
7.786757	0.653844
7.985138	0.620043
8.182573	0.594140
8.384114	0.591928
8.587234	0.624781
8.785617	0.669007
8.990317	0.694594
9.184592	0.658898
9.381711	0.632363
9.584831	0.619411
9.786689	0.658898
9.986335	0.684801
9.785741	0.671218
9.580093	0.629836
9.386450	0.610250
9.187752	0.615305
8.986210	0.677852
8.786880	0.686065
8.582497	0.668691
8.384746	0.626361
8.187628	0.590033
7.981032	0.600142
7.791179	0.624781
7.588374	0.633626
7.385570	0.600773
7.185292	0.573606
6.985014	0.562550
6.787264	0.590033
6.590461	0.631415
6.385446	0.631731
6.186431	0.596983
5.990577	0.562550
5.782086	0.533488
5.580861	0.563498
5.383426	0.572343
5.184096	0.559707
4.988557	0.518957
4.786700	0.501582
4.585159	0.500003
4.388988	0.521168
4.184920	0.531276
3.985590	0.525590
3.790683	0.479786
3.588826	0.456093
3.387600	0.452303
3.188586	0.468097
2.985782	0.470309
2.789295	0.438719
2.588701	0.401759
2.388740	0.385333
2.189410	0.385333
1.985974	0.392283
1.783801	0.375856
1.584155	0.351532
1.392407	0.302568
1.189918	0.285510
0.990588	0.264029
0.784624	0.216645
0.587190	0.132617
0.385333	-0.015536
0.189478	-0.151038
-0.011430	-0.272010
-0.212945	-0.359502
-0.413197	-0.408143
-0.615976	-0.432148
-0.820649	-0.473841
-1.011741	-0.532906
-1.211993	-0.596393
-1.415088	-0.654510
-1.612181	-0.662722
-1.813064	-0.676620
-2.012685	-0.696203
-2.212936	-0.722103
-2.414767	-0.751477
-2.613124	-0.766007
-2.811165	-0.770744
-3.018365	-0.777693
-3.214827	-0.816543
-3.416342	-0.881609
-3.609013	-0.946359
-3.809581	-0.988052
-4.012676	-0.974471
-4.205347	-0.981735
-4.416969	-0.997528
-4.615958	-1.046485
-4.814946	-1.071754
-5.012355	-1.066700
-5.209764	-1.073333
-5.417597	-1.123870
-5.614690	-1.201570
-5.814942	-1.291273
-6.010771	-1.372447
-6.209128	-1.387924
-6.413170	-1.368341
-6.614054	-1.365814
-6.814621	-1.377185
-7.012978	-1.377817
-7.218284	-1.386029
-7.410007	-1.384766
-7.614049	-1.398031
-7.814301	-1.457412
-8.010131	-1.562276
-8.214173	-1.676615
-8.412846	-1.756526
-8.608675	-1.732206
-8.810190	-1.672509
-9.012653	-1.664929
-9.215432	-1.683880
-9.412841	-1.713254
-9.614987	-1.718940
-9.809870	-1.689249
-10.007279	-1.707569
-9.809870	-1.754947
-9.615620	-1.800430
-9.411893	-1.856652
-9.215432	-1.829489
-9.008231	-1.735364
-8.818719	-1.647872
-8.609939	-1.601442
-8.413793	-1.566698
-8.213857	-1.529427
-8.011395	-1.461202
-7.812722	-1.402453
-7.611207	-1.404980
-7.407165	-1.452990
-7.215756	-1.467520
-7.014241	-1.485839
-6.812095	-1.415719
-6.615633	-1.344336
-6.412539	-1.284008
-6.211655	-1.245474
-6.010771	-1.205992
-5.814942	-1.191778
-5.612479	-1.147875
-5.413806	-1.140610
-5.214186	-1.149770
-5.005406	-1.156719
-4.803576	-1.162404
-4.614378	-1.127028
-4.411600	-1.091653
-4.213559	-1.041748
-4.012991	-0.993738
-3.812740	-0.955203
-3.607118	-0.894559
-3.416342	-0.831073
-3.207562	-0.791591
-3.013628	-0.778957
-2.812428	-0.791275
-2.614072	-0.814016
-2.410029	-0.808015
-2.211041	-0.760005
-2.013948	-0.679147
-1.812433	-0.626083
-1.612813	-0.594498
-1.415719	-0.561965
-1.210414	-0.534169
-1.005108	-0.502900
-0.816227	-0.473209
-0.611554	-0.452679
-0.414145	-0.432148
-0.214209	-0.378137
-0.010167	-0.294436
0.191689	-0.155460
0.384701	-0.010167
0.587506	0.115243
0.783993	0.216645
0.987429	0.280772
1.191181	0.316468
1.389248	0.333210
1.584471	0.334790
1.783485	0.341108
1.985342	0.370802
2.188147	0.394494
2.387476	0.421661
2.588701	0.418818
2.785504	0.419450
2.984518	0.429558
3.186375	0.467466
3.386337	0.490842
3.586614	0.504741
3.790998	0.490210
3.988117	0.488315
4.183024	0.490842
4.384250	0.527170
4.584527	0.546439
4.787648	0.546439
4.988241	0.519272
5.189150	0.510111
5.384058	0.539806
5.594128	0.563814
5.786192	0.599510
5.989945	0.603932
6.188011	0.570447
6.389236	0.557180
6.591725	0.581188
6.784421	0.623202
6.986910	0.633626
7.183081	0.613409
7.388097	0.574870
7.589322	0.579292
7.787388	0.634258
7.986086	0.663321
8.183837	0.665216
8.384430	0.636470
8.586919	0.609618
8.784669	0.606775
8.988106	0.644051
9.189647	0.670902
9.386765	0.659530
9.586095	0.629836
9.782267	0.633626
9.986966	0.641208
9.786689	0.678484
9.582305	0.697121
9.382659	0.688592
9.178591	0.641208
8.987473	0.605828
8.794147	0.616252
8.585340	0.654476
8.385694	0.656055
8.179730	0.615305
7.982296	0.589401
7.791179	0.583083
7.584584	0.625413
7.383358	0.644051
7.186240	0.646262
6.982172	0.612462
6.785053	0.574238
6.591093	0.562234
6.387025	0.590665
6.192118	0.602669
5.985522	0.594455
5.785245	0.560339
5.582756	0.528433
5.382794	0.528749
5.188203	0.559391
4.988241	0.566657
4.786384	0.546439
4.585791	0.515166
4.387409	0.482313
4.177970	0.490842
3.989697	0.509480
3.787524	0.500951
3.584087	0.476627
3.388232	0.456409
3.182585	0.435876
2.985150	0.450723
2.788347	0.455462
2.588386	0.445669
2.389372	0.413763
2.183724	0.393546
1.987237	0.352164
1.784433	0.357850
1.584471	0.353427
1.391775	0.322154
1.186759	0.289301
0.991536	0.250130
0.785572	0.202114
0.584347	0.124719
0.385965	-0.010482
0.189794	-0.146300
-0.011746	-0.266009
-0.208207	-0.371504
-0.415092	-0.427095
-0.615028	-0.490581
-0.814964	-0.527536
-1.011741	-0.535117
-1.208519	-0.564491
-1.418246	-0.605868
-1.612497	-0.637138
-1.814012	-0.657037
-2.020897	-0.676620
-2.217358	-0.694308
-2.409714	-0.730315
-2.612808	-0.798540
-2.813060	-0.832336
-3.013943	-0.857920
-3.214827	-0.854130
-3.413184	-0.858868
-3.603328	-0.899613
-3.812424	-0.918564
-4.010780	-0.956151
-4.213559	-0.970364
-4.414758	-0.985210
-4.614694	-1.023744
-4.803891	-1.120080
-5.011092	-1.185145
-5.210396	-1.257476
-5.409384	-1.271374
-5.619112	-1.244526
-5.812415	-1.231892
-6.011403	-1.250212
-6.213550	-1.300748
-6.408432	-1.340546
-6.611527	-1.342441
-6.811779	-1.344020
-7.013926	-1.386661
-7.219863	-1.493420
-7.408428	-1.581859
-7.609943	-1.608706
-7.814933	-1.595756
-8.006657	-1.579332
-8.208488	-1.587228
-8.417583	-1.605232
-8.608359	-1.602389
-8.815876	-1.569856
-9.009810	-1.562908
-9.211010	-1.608075
-9.417894	-1.699357
-9.614672	-1.784006
-9.808290	-1.856021
-10.008226	-1.865812
-9.809238	-1.753684
-9.614672	-1.706306
-9.411577	-1.705990
-9.213221	-1.712939
-9.009810	-1.712939
-8.812717	-1.635554
-8.615308	-1.555011
-8.414425	-1.542061
-8.211646	-1.551537
-8.014237	-1.550905
-7.814933	-1.540482
-7.607416	-1.491524
-7.411271	-1.427722
-7.216073	-1.380028
-7.018663	-1.360445
-6.813042	-1.355391
-6.611843	-1.319068
-6.412222	-1.264741
-6.207233	-1.239473
-6.006665	-1.264741
-5.811783	-1.267899
-5.612163	-1.287482
-5.414754	-1.242631
-5.211975	-1.168721
-5.008249	-1.123238
-4.813367	-1.097022
-4.612167	-1.077755
-4.413179	-1.058804
-4.214822	-1.013321
-4.011412	-0.962152
-3.811792	-0.931830
-3.609645	-0.929935
-3.413499	-0.927408
-3.216722	-0.915406
-3.013943	-0.873713
-2.810849	-0.816227
-2.612176	-0.768849
-2.409082	-0.738843
-2.221464	-0.707889
-2.016159	-0.670934
-1.808327	-0.629873
-1.614708	-0.583443
-1.411613	-0.591339
-1.214836	-0.584390
-1.009215	-0.575862
-0.803277	-0.550278
-0.609659	-0.488055
-0.411302	-0.429621
-0.212629	-0.371820
-0.011114	-0.277380
0.186951	-0.146932
0.384701	0.000257
0.587822	0.133249
0.786836	0.211591
0.990272	0.261818
1.187391	0.297514
1.387668	0.340792
1.583839	0.355639
1.791382	0.355007
1.985974	0.363852
2.188778	0.364168
2.386213	0.411868
2.592176	0.440299
2.791506	0.444405
2.986098	0.447880
3.179425	0.439667
3.387600	0.456093
3.588826	0.491474
3.786260	0.512639
3.990644	0.515482
4.183024	0.496212
4.386777	0.485156
4.587686	0.508532
4.788280	0.546439
4.986978	0.568552
5.194521	0.547071
5.381215	0.544228
5.584020	0.540121
5.786192	0.570132
5.985838	0.602037
6.188011	0.608987
6.385761	0.576134
6.586987	0.565077
6.785369	0.566025
6.991648	0.608355
7.186240	0.653844
7.384622	0.641208
7.586163	0.618779
7.788968	0.586874
7.985138	0.593508
8.182573	0.648474
8.386009	0.658898
8.587234	0.644999
8.791303	0.611198
8.986210	0.598246
9.181749	0.634890
9.383290	0.676588
9.583568	0.699017
9.783529	0.680063
9.987598	0.637733
9.785110	0.622886
9.586727	0.654791
9.382659	0.676588
9.183645	0.675325
8.986842	0.622570
8.785617	0.597614
8.588182	0.611830
8.384430	0.634890
8.185416	0.660162
7.986086	0.649421
7.787704	0.610882
7.591849	0.586874
7.385885	0.591612
7.185292	0.618464
6.988173	0.625413
6.783157	0.613409
6.589829	0.571079
6.387025	0.554969
6.189590	0.572343
5.988365	0.595403
5.782718	0.596035
5.585599	0.575186
5.384374	0.544544
5.182201	0.513270
4.987294	0.530013
4.791439	0.543912
4.582948	0.554653
4.383302	0.507268
4.181445	0.476627
3.989697	0.465254
3.788471	0.490842
3.585667	0.502530
3.386969	0.490210
3.186691	0.460832
2.979148	0.432717
2.788031	0.422293
2.589649	0.419134
2.384949	0.427031
2.184988	0.405550
1.982815	0.367959
1.782853	0.337949
1.585103	0.333526
1.387036	0.332578
1.188654	0.311413
0.988061	0.270347
0.785256	0.210011
0.586242	0.112715
0.382490	-0.021221
0.193585	-0.161145
-0.012062	-0.284328
-0.210418	-0.372768
-0.414460	-0.414460
-0.613133	-0.466261
-0.818754	-0.513323
-1.009215	-0.533222
-1.210098	-0.554068
-1.415719	-0.579968
-1.610286	-0.627978
-1.819066	-0.693676
-2.015843	-0.718944
-2.215463	-0.753688
-2.409398	-0.753056
-2.606807	-0.775166
-2.802637	-0.826335
-3.013628	-0.848129
-3.213248	-0.882873
-3.414131	-0.894559
-3.609645	-0.883189
-3.812108	-0.897718
-4.014886	-0.959941
-4.207874	-1.019006
-4.415074	-1.076176
-4.615958	-1.090389
-4.803259	-1.085967
-5.012987	-1.097338
-5.211975	-1.153876
-5.410332	-1.208835
-5.616269	-1.225891
-5.815573	-1.201570
-6.010771	-1.221153
-6.209444	-1.294431
-6.411591	-1.375290
-6.610895	-1.437197
-6.814937	-1.462782
-7.014557	-1.439093
-7.211019	-1.422984
-7.411271	-1.430249
-7.609627	-1.454885
-7.812406	-1.485207
-8.012658	-1.489629
-8.218595	-1.479522
-8.416636	-1.513318
-8.609307	-1.605548
-8.814928	-1.694935
-9.016128	-1.758422
-9.211010	-1.761580
-9.413789	-1.766634
-9.615620	-1.769476
-9.809870	-1.816223
-10.008859	-1.837069
-9.809238	-1.802957
-9.619094	-1.720203
-9.415051	-1.661454
-9.213536	-1.654190
-9.015496	-1.695882
-8.808295	-1.730626
-8.610887	-1.716097
-8.414741	-1.676931
-8.214489	-1.613760
-8.012341	-1.561328
-7.810511	-1.538271
-7.614049	-1.491524
-7.410323	-1.419510
-7.218915	-1.323490
-7.014873	-1.283060
-6.815569	-1.320015
-6.614054	-1.356023
-6.410959	-1.352864
-6.207233	-1.324121
-6.006350	-1.256529
-5.810204	-1.211361
-5.614374	-1.192726
-5.410332	-1.182303
-5.214502	-1.155455
-5.009197	-1.115658
-4.808313	-1.080598
-4.621011	-1.071122
-4.412231	-1.084704
-4.210401	-1.081545
-4.011728	-1.038905
-3.809581	-0.981735
-3.610277	-0.918880
-3.419501	-0.886347
-3.215459	-0.858236
-3.012048	-0.844338
-2.815271	-0.783379
-2.610597	-0.729683
-2.413820	-0.695255
-2.217990	-0.693992
-2.014264	-0.691781
-1.816223	-0.681673
-1.611865	-0.632400
-1.410034	-0.592602
-1.214520	-0.541750
-1.010162	-0.511744
-0.814964	-0.497214
-0.615344	-0.474157
-0.411302	-0.427095
-0.212313	-0.367082
-0.011746	-0.270115
0.186003	-0.146300
0.383122	-0.008587
0.581188	0.128194
0.786520	0.226438
0.987113	0.270031
1.189286	0.288037
1.388932	0.313941
1.586682	0.351848
1.787276	0.378067
1.988817	0.398916
2.181513	0.388176
2.387792	0.384385
2.583331	0.411236
2.789611	0.448828
2.987045	0.466202
3.188586	0.460516
3.387285	0.456093
3.588194	0.448512
3.785628	0.494633
3.989697	0.524959
4.182709	0.532856
4.385197	0.517693
4.587686	0.495264
4.786384	0.503794
4.988873	0.542649
5.190098	0.569184
5.382478	0.574554
5.588442	0.539490
5.787140	0.532856
5.993735	0.540753
6.184852	0.599510
6.389236	0.626677
6.590146	0.622254
6.782210	0.600773
6.992912	0.574238
7.189083	0.593508
7.389360	0.634258
7.587111	0.649737
7.788020	0.619727
7.984191	0.593508
8.186680	0.582451
8.384430	0.636154
8.587234	0.659214
8.787196	0.680695
8.991581	0.657003
9.181434	0.622254
9.383923	0.602353
9.585779	0.653844
9.786057	0.695858
9.986650	0.681327
9.785425	0.641208
9.584831	0.624150
9.382027	0.621938
9.183645	0.662689
8.984631	0.684170
8.789408	0.666164
8.587234	0.627624
8.380956	0.598878
8.183520	0.606144
7.984191	0.637417
7.791179	0.643735
7.588058	0.608355
7.388412	0.579292
7.184029	0.567920
6.984383	0.599194
6.783789	0.631731
6.592988	0.620359
6.393975	0.592560
6.185484	0.569184
5.986786	0.551494
5.786508	0.570763
5.583072	0.579608
5.383110	0.572975
5.186939	0.540121
4.988557	0.505689
4.787964	0.502214
4.587370	0.529697
4.378248	0.542649
4.185552	0.526538
3.988749	0.491790
3.784997	0.469361
3.585667	0.474415
3.389496	0.474099
3.182900	0.488631
2.984518	0.456725
2.788347	0.415975
2.589965	0.389124
2.383370	0.405234
2.192885	0.403655
1.986605	0.398600
1.785064	0.363852
1.584471	0.328788
1.385457	0.300989
1.187707	0.298462
0.985534	0.268768
0.784940	0.226753
0.590033	0.115874
0.383753	-0.019010
0.189162	-0.156407
-0.009851	-0.287487
-0.210418	-0.379401
-0.414145	-0.414145
-0.614396	-0.446993
-0.816227	-0.497846
-1.007635	-0.558490
-1.207887	-0.617871
-1.413824	-0.651667
-1.612813	-0.669987
-1.811485	-0.675356
-2.019317	-0.688306
-2.213568	-0.728420
-2.413188	-0.763796
-2.612492	-0.782747
-2.811796	-0.793802
-3.016470	-0.820018
-3.215143	-0.893296
-3.420764	-0.946044
-3.611856	-0.972891
-3.804527	-0.978893
-4.012044	-0.986789
-4.214191	-0.987105
-4.412548	-1.031324
-4.615326	-1.048065
-4.808629	-1.039221
-5.010144	-1.031640
-5.213554	-1.053118
-5.412543	-1.113131
-5.613111	-1.193674
-5.819679	-1.266636
-6.006981	-1.268531
-6.216077	-1.259687
-6.411907	-1.272006
-6.617844	-1.328544
-6.814937	-1.380975
-7.014557	-1.421721
-7.219863	-1.437829
-7.410639	-1.430565
-7.604889	-1.470994
-7.807668	-1.559749
-8.008867	-1.652610
-8.214489	-1.654505
-8.417583	-1.644398
-8.610887	-1.622604
-8.809875	-1.608075
-9.010758	-1.643135
-9.213536	-1.664297
-9.410315	-1.668719
-9.614672	-1.657664
-9.805449	-1.682932
-10.003805	-1.775478
-9.814292	-1.833911
-9.614672	-1.827278
-9.413789	-1.786848
-9.214800	-1.692092
-9.012338	-1.642819
-8.813033	-1.598283
-8.610887	-1.598283
-8.413477	-1.599863
-8.217015	-1.538903
-8.012341	-1.463098
-7.811458	-1.445726
-7.607732	-1.474784
-7.407796	-1.496578
-7.214809	-1.519636
-7.010767	-1.477627
-6.811463	-1.404349
-6.615001	-1.346863
-6.411591	-1.320015
-6.211023	-1.282429
-6.012351	-1.237262
-5.815889	-1.176933
-5.613426	-1.150086
-5.412859	-1.173143
-5.212923	-1.206308
-5.003827	-1.187672
-4.811788	-1.118500
-4.614378	-1.066384
-4.411284	-0.994369
-4.214822	-0.961836
-4.013307	-0.931198
-3.810213	-0.908773
-3.611856	-0.871186
-3.415395	-0.839601
-3.206931	-0.835495
-3.013312	-0.842128
-2.811796	-0.834863
-2.615651	-0.809279
-2.409398	-0.774219
-2.216727	-0.708205
-2.016791	-0.664933
-1.812117	-0.636190
-1.613128	-0.595761
-1.409402	-0.581232
-1.210414	-0.533853
-1.006372	-0.501320
-0.817807	-0.486159
-0.608395	-0.484580
-0.411618	-0.457732
-0.213577	-0.392351
-0.010482	-0.284960
0.184739	-0.143773
0.384701	-0.007640
0.587506	0.115243
0.783045	0.241601
0.987429	0.291196
1.188654	0.304464
1.388932	0.314256
1.584155	0.327840
1.781905	0.345530
1.985342	0.384069
2.187831	0.408709
2.388424	0.395442
2.591861	0.399548
2.790243	0.414079
2.982307	0.449144
3.187007	0.476942
3.385389	0.496844
3.593880	0.487999
3.783417	0.478206
3.988433	0.480101
4.185867	0.508532
4.382039	0.535067
4.588318	0.536331
4.788596	0.512955
4.986662	0.503478
5.190098	0.531908
5.380267	0.564130
5.588126	0.596035
5.785561	0.591612
5.986786	0.566025
6.194645	0.547703
6.391448	0.576765
6.595200	0.614989
6.786633	0.630468
6.987542	0.598246
7.186556	0.577397
7.384938	0.576765
7.585215	0.614989
7.792127	0.647210
7.982296	0.670586
8.183520	0.637733
8.385062	0.607091
8.583444	0.605196
8.785617	0.644367
8.986526	0.668059
9.182382	0.659846
9.384238	0.624150
9.588306	0.605196
9.781950	0.637417
9.986650	0.679115
9.791743	0.696174
9.586727	0.687645
9.383923	0.636470
9.181434	0.607091
8.987790	0.629836
8.788775	0.653528
8.587867	0.659214
8.386642	0.634258
8.180677	0.586242
7.982296	0.587190
7.794338	0.615305
7.584268	0.646578
7.389360	0.643419
7.188767	0.604880
6.985331	0.583399
6.784737	0.573290
6.587303	0.594455
6.390184	0.609934
6.186748	0.596351
5.983627	0.570132
5.787456	0.544860
5.582124	0.547071
5.382163	0.569184
5.186307	0.567288
4.988873	0.562866
4.783857	0.518641
4.586422	0.498739
4.389620	0.497792
4.181129	0.526854
3.989065	0.514534
3.791314	0.484524
3.585983	0.462727
3.386969	0.444089
3.191114	0.457989
2.981675	0.471572
2.789611	0.462727
2.586806	0.422608
2.388424	0.393546
2.185303	0.370486
1.985974	0.379647
1.784117	0.369854
1.583523	0.350584
1.397461	0.313309
1.196236	0.273506
0.984902	0.257395
0.785256	0.216329
0.585294	0.129458
0.384385	-0.013009
0.195164	-0.148511
-0.010482	-0.279591
-0.211998	-0.374347
-0.412249	-0.452995
-0.619766	-0.495635
-0.815596	-0.514270
-1.008583	-0.527852
-1.217363	-0.561965
-1.415403	-0.593866
-1.612497	-0.621029
-1.812117	-0.638401
-2.011421	-0.678515
-2.207883	-0.724314
-2.410345	-0.772639
-2.610913	-0.834547
-2.810849	-0.856973
-3.009837	-0.846549
-3.212932	-0.846865
-3.413184	-0.869923
-3.614699	-0.920775
-3.812740	-0.967206
-4.011096	-0.983946
-4.214507	-0.982367
-4.413179	-1.007004
-4.611536	-1.079334
-4.809261	-1.137136
-5.011092	-1.196200
-5.211028	-1.227470
-5.413175	-1.197464
-5.610899	-1.189883
-5.814310	-1.222732
-6.008876	-1.267584
-6.210076	-1.307065
-6.414433	-1.304223
-6.612790	-1.296642
-6.811779	-1.350022
-7.014557	-1.433091
-7.216073	-1.509844
-7.411586	-1.544904
-7.611207	-1.537007
-7.811458	-1.515845
-8.009815	-1.511423
-8.211962	-1.564171
-8.414425	-1.612813
-8.611834	-1.610286
-8.809243	-1.578069
-9.012021	-1.591966
-9.214800	-1.660191
-9.412841	-1.753052
-9.611830	-1.846861
-9.808607	-1.854125
-10.006964	-1.811801
-9.810502	-1.749893
-9.616251	-1.740734
-9.414104	-1.771372
-9.216695	-1.755579
-9.012021	-1.677247
-8.810190	-1.622288
-8.605832	-1.588808
-8.415689	-1.597020
-8.214173	-1.608391
-8.016448	-1.593545
-7.811774	-1.519004
-7.609943	-1.468467
-7.410007	-1.430880
-7.217020	-1.417299
-7.018979	-1.409402
-6.814937	-1.368341
-6.611211	-1.278323
-6.419803	-1.232524
-6.211339	-1.244842
-6.008561	-1.286535
-5.818732	-1.296326
-5.613426	-1.261582
-5.412543	-1.191778
-5.215450	-1.136504
-5.010776	-1.108709
-4.808629	-1.086599
-4.613431	-1.052171
-4.413811	-1.010162
-4.213243	-0.986157
-4.013623	-0.969101
-3.812424	-0.980788
-3.615646	-0.993422
-3.415079	-0.976366
-3.214827	-0.906562
-3.013312	-0.852551
-2.813692	-0.797276
-2.610913	-0.775482
-2.411293	-0.736632
-2.217358	-0.690517
-2.015843	-0.643139
-1.812117	-0.619134
-1.612497	-0.621029
-1.409718	-0.621345
-1.212941	-0.592918
-1.010794	-0.550910
-0.810226	-0.492792
-0.616923	-0.450468
-0.413513	-0.415724
-0.210418	-0.365819
-0.015852	-0.285592
0.189478	-0.143141
0.383753	-0.000691
0.584031	0.124403
0.789679	0.202114
0.994695	0.263397
1.187075	0.311413
1.389564	0.339212
1.584787	0.336685
1.783169	0.344267
1.987237	0.356586
2.184040	0.386912
2.387476	0.422924
2.593756	0.431454
2.788663	0.434928
2.984202	0.433033
3.191114	0.438403
3.387285	0.490210
3.589773	0.494317
3.785628	0.505373
3.990328	0.488315
4.187763	0.469045
4.383302	0.504109
4.585159	0.545492
4.787964	0.562866
4.982555	0.558443
5.193573	0.522431
5.384374	0.531908
5.582124	0.565709
5.787772	0.599510
5.986470	0.598878
6.190538	0.578029
6.389236	0.567604
6.587618	0.571079
6.784737	0.607723
6.989753	0.637417
7.189083	0.650685
7.385885	0.618464
7.585531	0.589717
7.788968	0.601405
7.987350	0.629520
8.184153	0.658898
8.386642	0.644051
8.587551	0.610882
8.790039	0.593192
8.997898	0.610882
9.183645	0.669007
9.384238	0.695542
9.584200	0.676904
9.785110	0.641524
9.986966	0.621307
9.785741	0.648789
9.584831	0.687960
9.384870	0.679115
9.180801	0.648474
8.987158	0.616568
8.783405	0.602037
8.585655	0.631099
8.383482	0.664584
8.183205	0.667743
7.987666	0.612146
7.788020	0.587822
7.588058	0.592244
7.386201	0.620359
7.187503	0.637733
6.985331	0.619095
6.784737	0.579292
6.592673	0.555284
6.391448	0.572659
6.186431	0.598878
5.988050	0.606459
5.781770	0.588769
5.588126	0.543912
5.386901	0.509164
5.185992	0.536963
4.987926	0.556232
4.787332	0.547071
4.592741	0.520536
4.389620	0.487051
4.187131	0.478838
3.989065	0.499371
3.784681	0.505373
3.586930	0.506005
3.384442	0.469993
3.186059	0.443458
2.985782	0.422293
2.786452	0.441878
2.593440	0.435560
2.391267	0.420081
2.183408	0.394178
1.985026	0.356271
1.786644	0.339212
1.582891	0.349321
1.389248	0.337317
1.190866	0.309518
0.986481	0.253289
0.793785	0.198639
0.587822	0.110504
0.385965	-0.015536
0.192005	-0.157355
-0.013641	-0.282749
-0.212945	-0.369609
-0.412565	-0.422673
-0.616923	-0.469735
-0.816859	-0.500373
-1.011425	-0.517113
-1.210730	-0.538275
-1.409718	-0.586601
-1.612497	-0.628926
-1.815275	-0.685148
-2.016475	-0.734737
-2.214831	-0.753372
-2.411293	-0.769165
-2.611229	-0.790643
-2.812428	-0.821597
-3.014259	-0.850971
-3.221460	-0.868028
-3.415710	-0.869923
-3.610277	-0.889822
-3.812740	-0.937516
-4.008885	-1.008899
-4.209137	-1.073965
-4.410968	-1.092916
-4.615642	-1.082809
-4.807997	-1.083440
-5.012039	-1.113762
-5.211659	-1.155139
-5.409384	-1.187988
-5.614058	-1.169669
-5.813678	-1.185145
-6.013299	-1.217679
-6.209760	-1.271058
-6.415065	-1.326017
-6.613738	-1.374658
-6.813674	-1.384766
-7.012346	-1.400874
-7.213861	-1.420457
-7.412218	-1.489629
-7.609627	-1.535112
-7.814301	-1.554064
-8.012026	-1.518056
-8.216068	-1.513003
-8.413793	-1.555959
-8.612149	-1.636186
-8.811454	-1.666192
-9.011390	-1.635554
-9.217011	-1.628605
-9.415051	-1.646925
-9.614040	-1.730310
-9.811449	-1.810853
-10.000014	-1.844334
-9.809554	-1.772951
-9.615304	-1.701568
-9.411262	-1.678510
-9.216063	-1.681669
-9.007915	-1.703779
-8.812402	-1.684827
-8.609307	-1.609654
-8.415372	-1.568277
-8.213541	-1.547115
-8.012026	-1.550589
-7.816196	-1.548378
-7.610259	-1.531322
-7.407796	-1.478890
-7.213546	-1.440040
-7.013926	-1.430880
-6.819043	-1.426458
-6.612474	-1.412877
-6.411907	-1.335176
-6.209128	-1.278954
-6.012035	-1.241683
-5.813678	-1.246105
-5.616269	-1.251159
-5.412227	-1.248632
-5.211659	-1.190831
-5.005406	-1.128292
-4.810208	-1.083125
-4.616273	-1.061962
-4.411284	-1.042063
-4.207558	-1.031956
-4.012044	-0.956151
-3.814319	-0.909405
-3.611540	-0.879714
-3.408446	-0.887611
-3.212932	-0.859499
-3.013312	-0.826966
-2.813376	-0.785905
-2.613124	-0.736632
-2.409398	-0.723050
-2.215779	-0.731578
-2.015527	-0.697466
-1.811801	-0.650088
-1.614392	-0.602078
-1.413193	-0.571756
-1.204097	-0.571756
-1.001950	-0.563860
-0.814016	-0.529747
-0.611554	-0.489634
-0.411934	-0.421409
-0.210734	-0.361397
-0.012378	-0.278643
0.190110	-0.148827
0.381226	-0.001954
0.591612	0.130090
0.793154	0.216013
0.986797	0.268452
1.190866	0.295303
1.388616	0.336369
1.584471	0.356586
1.788539	0.361957
1.985658	0.363852
2.189726	0.368275
2.384633	0.387228
2.592176	0.428611
2.789295	0.458305
2.980727	0.461148
3.184480	0.456725
3.388232	0.448512
3.585983	0.468097
3.792578	0.504109
3.995067	0.523063
4.179865	0.518325
4.382670	0.496844
4.584527	0.498423
4.784489	0.526854
4.988557	0.566341
5.190098	0.578977
5.384058	0.547071
5.589074	0.546439
5.785245	0.535383
5.987733	0.572975
6.188643	0.604564
6.387973	0.606459
6.591093	0.584347
6.781894	0.564445
6.985331	0.584979
7.188135	0.629836
7.385570	0.655107
7.586795	0.642156
7.790547	0.599194
7.983243	0.583715
8.189838	0.605828
8.383166	0.658266
8.587551	0.664584
8.789092	0.628256
8.989054	0.609618
9.186804	0.611198
9.386133	0.639313
9.579145	0.694910
9.785425	0.705651
9.988230	0.664584
9.784477	0.636154
9.581988	0.624781
9.385186	0.649105
9.182382	0.672797
8.993160	0.661425
8.784669	0.622886
8.586603	0.594455
8.387273	0.604564
8.180362	0.644999
7.984191	0.657634
7.790231	0.637733
7.587111	0.607723
7.388412	0.577397
7.186556	0.579608
6.985962	0.618148
6.783157	0.629836
6.590146	0.604564
6.389552	0.556548
6.185800	0.549282
5.988681	0.578977
5.786824	0.582767
5.587178	0.589085
5.385322	0.560023
5.186624	0.520536
4.986978	0.507900
4.787016	0.528433
4.583580	0.541701
4.391515	0.522115
4.186815	0.481997
3.988433	0.468097
3.787840	0.478206
3.590089	0.488946
3.381914	0.487051
3.184480	0.475679
2.991152	0.437771
2.787715	0.413448
2.588386	0.413132
2.388108	0.422924
2.184988	0.412816
1.983762	0.372381
1.789803	0.329735
1.583523	0.323733
1.389564	0.324365
1.184548	0.310150
0.988693	0.276665
0.787467	0.217277
0.585926	0.117770
0.383122	-0.018379
0.190741	-0.166515
-0.011430	-0.296962
-0.210734	-0.365503
-0.415092	-0.411618
-0.615344	-0.445098
-0.814964	-0.493740
-1.012689	-0.531642
-1.210730	-0.556595
-1.416035	-0.577757
-1.612813	-0.597024
